3ff:0:0:0:0:0:0:0:0:0:0:0:0:0:0:0: (total 10)
0 1 2 Thread 1 going to cpu 1
3 Thread 2 going to cpu 2
Thread 0 going to cpu 0
4 Thread 3 going to cpu 3
5 Thread 4 going to cpu 4
going to barrier (cpu 4)
6 going to barrier (cpu 1)
Thread 5 going to cpu 5
going to barrier (cpu 2)
7 Thread 6 going to cpu 6
8 going to barrier (cpu 3)
9 Thread 7 going to cpu 7
Thread 8 going to cpu 8
going to barrier (cpu 8)
going to barrier (cpu 5)
Thread 9 going to cpu 9

cpu 10 cur 10
STARTING...
going to barrier (cpu 0)
going to barrier (cpu 6)
going to barrier (cpu 7)
going to barrier (cpu 9)
STOPPING...
Duration      : 10000 (ms)
Acquisitions  : 4132257
708
828
3232
1312
2738
3350
712
6670
686
1914
6584
208768
2364
1530
2906
2192
4094
3936
926
4098
1458
330046
608
5396
3862
818
714
242
3118
3122
568
276
236
600
716
2410
4062
250
848
6664
1424
3758
266
2078
978
1018
1516
4892
18656
5794
3286
970
3076
1072
1104
600
988
260
4546
10978
606
1056
1880
238
272
966
5624
3328
264
250
713720
588
1628
2742
2148
2432
602
258
264
3720
306688
684
5398
2756
2012
694
986
1776
1554
3376
264
948
864
5110
3544
1268
264
2118
9584
2838
11484
1908
4548
622
1308
714
2324
686
440846
700
4510
1320
1062
1742
1370
602
954
692
1062
622
1300
5690
263602
262
2688
372
822
852
2264
726
2378
982
4528
254
1246
1168
1966
4256
958
54934
2102
594
6440
35728
982
734
1428
2334
1212
752
1412
5850
4956
2458
3016
5834
5022
846
392
1668
606
1184
1292
1150
824
5498
6294
2082
3882
1768
250
2120
1546
1980
3056
580
256
2244
712
578
612
243290
1632
1650
3862
724
1534
6350
1314
2246
1644
2222
155786
262
2572
300
616
934
5022
888
1742
182124
1036
1742
5346
2080
728
1226
266
596
2146
266
1452
6974
3898
1158
3792
3614
692
634
2076
3426
424
2022
588
814
57166
850
570
1298
590
2202
870
686
970
332432
2368
3404
1690
3342
3178
2208
2732
1352
190672
3746
1184
1756
1824
1086
3864
1314
1454
978
830
1712
1896
692
3512
612
1192
369702
1442
3272
3712
4622
1054
2352
2158
1802
184248
1670
856
4410
3258
79838
3866
2648
4612
408
1724
3876
842
1280
410
2054
1974
1294
586
1756
6334
5230
1092
2216
616
256
252
1106
483778
1516
55528
1820
580
374
606
956
3174
5482
602
10908
3312
2888
844
264
2490
1434
614
1774
1616
152764
2516
1762
1542
238
1270
688
2086
3434
1864
1200
3856
694
596
382
5132
580
690
706
978
5332
580
7436
1776
4114
640
262
1686
3138
258
3590
6550
1338
2344
602
1172
3672
1604
1908
238
606
3868
6186
2174
712
254
4980
7332
1118
3890
2900
1408
528476
1668
3446
2704
1084
3316
4360
254
2250
384
710
3944
1410
1914
268
1264
1080
2794
140374
843892
63642
2422
1074
2552
804
4166
712
2894
1172
1320
834
694
1764
2142
146066
858
2040
343226
3090
2592
1528
1442
4686
2582
2108
1202
30658
832
1760
866
5942
2114
1788
3360
1882
1876
8178
1106
8072
6588
2658
1820
1782
1310
2338
7120
2862
260
272
708
14296
1100
740
1336
1166
3862
6710
722
1790
4002
71698
459862
6400
780296
2130
3274
4280
1998
103642
1352
3608
35828
712
21612
788
4690
1450764
262
1328
2788
503236
4602
3246
602
2104
952
866
6306
714
1262
7232
870
3508
98830
12992
4206
598
1684
2912
1286
18392
1676
3536
1782
628
3714
1062
1412
1938
2500
308146
1764
5976
700
260522
1480
230548
2350
728
5750
1498
5850
2618
520440
610
6482
270
646
1926
836
2878
586
3176
1032
1102
1520
1316
606
3750
410
3596
253974
1094
1426
3128
10438
2484
3006
23024
1060
2720
548668
1474
2700
726
9424
290
2948
25508
1084
828
1620
1916
724
1436
3104
517358
1174
1676
6128
2004
275394
264
4306
252
17826
414468
2784
1332
1678
1524
868
4084
270
1670
1598
1138
83528
922
594
1860
1890
828
954
2878
406
2432
1083898
6958
2086
594
3032
1822
1798
1052
390
1578
812
3978
574
2904
9624
396
1738
4042
1642
848
1464
2508
2470
2452
852
574
736
1846
2136
258
816
4696
944
2036
254
2080
1548
1286
1100
2932
1330
4696
3524
290
175764
258
1418
1806
3734
1468
2936
1532
292
1434
1844
716
2104
614
960
950
1392
1164
692
3624
16194
230620
1298
3228
6258
1788
756
2220
728
1182
1406
276
1052
2862
252
6106
4536
708
596
3584
858
2250
1910
266
1662
2674
426
744
2800
1414
566
5502
962
110252
1512
1790
2710
1296
724
2922
984
6296
1054
932
858
608
866
2494
3612
596
1654
1412
3168
736
2000
2432
1672
928
1938
748
1054
712
1256
4996
610
1178
3554
850
736
2340
2124
579256
618
428424
1420
278
2032
1994
2022
2576
2866
2552
718
846
8136
1196
9184
256
588
1940
730
1412
3794
7258
270
99582
2294
3606
1644
3414
3272
2872
1058
1530
1718
6596
54120
742
2704
3880
616
944
1626
4056
264
1188
2748
1172
2626
1820
3534
718
3164
7354
992
1480
1428
388
316008
3180
1154
1260
600
1436
594
1182
3242
250
3762
1378
272
6724
1034
704
1398
3994
8272
1112
1400
3312
3962
596
270
2084
2020
3842
2970
1196
99092
970
2538
2130
586
104264
1528
1760
764
291506
3674
1532
260
2216
366
742
716
1424
2180
994
852
1158
1282
2394
622
1500
1126
1204
311360
720
1876
734
1888
120658
1594
3648
1490
7646
1188
3394
4848
3854
734
1196
1186
1305516
10802
844
2350
2752
252
606
2208
102996
1186
1554
584
2420
3168
982
746
856
3298
618
1448
3864
378
696
770
6208
2128
1674
4434
622
1908
260
3228
294668
2046
4516
818
254
11386
884
4582
614
730
3994
722
1294
400
298
6516
4228
294
702
734
9876
1536
3100
256
226822
1652
2224
1168
2976
2128
896
2446
854
714
264
6632
266
2744
1560
3170
2722
6600
1046
4826
792476
936
1398
7496
1668
746
398
1846
7142
614
230178
2228
6334
1998
928
1318
2510
2506
1518
880
1394
380
1534
4846
1396
2944
572038
706
2514
1622
3906
590
1296
716
3206
618
1332
8020
507630
554110
1738
2352
287918
5160
1760
1042
1554
1992
2034
586
972
926
8752
217160
582
840
950
355098
2948
740
2574
614
3406
818
2174
624
980
2304
1192
594
1462
1196
2516
820
974
1260
2554
1310
692
13196
9636
590
268
4050
956
936
252
384
4618
1716
4670
5228
429442
3142
199770
1274
376
3338
1930
1350
4406
7216
3528
2018
4278
374
10364
274
4322
6682
2288
1420
1550
4982
3498
1916
8520
4754
240
326820
4034
876
2996
216526
268
1404
663626
286
843736
92946
4222
2300
5482
2378
3670
628
2464
378
902
8288
1338830
192966
1156
6802
254
320442
8028
426770
5912
890154
2888
264
4586
6174
1076
1170
2412
2796
3168
2332
892148
264
262
3414
1072
374
270
1944
7156
7176
6946
2292
4624
266
3640
27418
833922
1766774
1432
2740
274
1634
3906
8660
2530
137264
400
1452
3660
3094
258
283044
411908
2014
2366
738614
488
1040088
5598
65064
432
170890
2146
828
396
966
5658
1436
2586
545748
2938
1304
2940
1502
1390
4726
2320
3914
258
2968
374
5794
810
125770
1296
1135752
2172
1096
4024
1805350
4774
68
68
1392
5914
274
934
3090
828
3250
5064
2786
1092
2678
346
3238
4702
2072
9456
3230
614
9402
491150
770
2664
1180
2716
2576
6958
2972
244
4860
2906
392
864200
1198
392
3788
820
240
3452
3534
614
1814
6088
1442
216822
5964
22690
3604
2280
380
2260
68
68
4822
7722
5056
1894
344
3178
2454
869966
1466
1524
9340
4058
3816
3482
532844
278
1358
830
242
68
68
264
9128
844
2182
2962
5046
414
626
1124
936
5788
4414
374
1790
854
3664
252
10520
2142
911164
1876
742
735740
1238
858
394
1616
1740
637852
376
394
848
3646
258
1316
1198
1100
2630
3738
252
312340
1160
2830
10048
256
256
1510
1052
294
6648
2768
3136
252
724
378
1220190
4554
3934
3498
1100
6820
384
5820
398
606
68
2340
258
6674
1506
5758
4926
1714
1550
4388
1630
1648
3136
445730
814
4266
744
1668
6436
4448
3500
980800
2800
496
3776
6540
980
1530
4024
1630
846
242
360946
1668
2314
5390
376
1320
372
2544
2526
1794
237490
2424
8542
1898
2636
1450
6550
2632
222
1770
2254
264
705830
3364
3002
260
240
276
822
986
6326
1256
1303610
388
714
800
2348
948
292
720
3760
390
1810
270
1170
1454
2462
1200
3070
249700
746
356610
822
1406
11426
4090
4554
4156
1144
392
68
68
3416
2418
5046
3434
9904
793102
820
4204
3294
1796
2180
376
280
1318
12148
4290
1716
904950
854
2700
2006
1086
1064
4208
256
1308
2280
1880
2258
1966
9968
423578
964
2666
494
3108
1556
6232
278
1568
2348
620
2136
9860
5434
2630
504
4078
1566
1664
3456
2108
956
952
706
7608
264
6430
1780
1406
8494
256
1568
1644
384
2152
381506
1142
4062
2858
2398
5110
2110
2974
280
370
8706
968
1454
4746
3850
2634
1994
5114
2688
298
2064
1170
4412
390
3362
1966
1686
5308
4584
338776
1692
5980
494
83264
368568
1384
8358
1668
2456
876
1316
372
858
258
2630
2468
3754
8544
2108
1014
3586
2142
388
2456
400
256
1424
4390
4828
4024
2134
6258
5018
17840
954500
1054
222596
1092
6974
1216
246
1572
1870
250
1050
4376
1908
1774
3496
1830
3806
672
380
1358
274
1946
2452
4426
112922
1707758
2996
4828
1978
1932
4488
1296
270
5636
2024
390
4628
848
876
1574
484
2312
3740
272
1756
286782
1498
1850
1911216
1882
252
1348
1358
258
4352
374
390
436
2250
254
1174
1762
274
1172
1310
378
402
254
3784
378
3668
1432
6238
392
4346
936
722
718
1576
2561832
1438
248
7558
1762
8104
6062
47658
3678
1552822
4178
502
2546
3430
6546
2490
3382
3244
2732
1374
2858
4816
5948
8884
1492
7478
298
6198
296
797518
1718
2840
2830
274
4242
260
10554
4962
1582
2210
2106
720
191802
1754
860
3314
4464
2898
1408
2306
2022872
1320
2602
68
746
1184
244
1604
1136
260
2872
320140
1540
260
270
404
362
5324
846
571880
4964
8162
4108
866
1578
5716
240
414
622
6058
2512
4308
984
2344
1526
3222
400668
1396
376
3420
1584
714
7008
1912
412
244
68
66
2076
1046
806
2860
3280
254
378
3496
958
426
700
270
5320
13296
4350
272
2542
3470
4578
2704
370
2020
2340
2892
312432
1636
4800
2576
4346
1788
1348
1424
3832
4648
8216
1722
5046
575370
4672
272
986
2244
1892
1486
247788
258
266
370878
6218
2166
276
4864
744
4686
1182
264
2492
4240
276
2297486
3604
706382
1060
2868
5168
1500
4510
4500
160158
251814
4816
290486
5416
4474
12864
846
19000
732
1050
4452
323302
5090
2054
3744
4326
175938
1370
395228
374
1282
4072
1652
956
1634
6508
292
7846
1014
1335362
5738
1872370
3388
1336
260
1308
386
1009754
4006
1164
218054
386
850
1222
636
627278
6272
2550
1704
95628
2316
954428
284
2848
1352
1045994
162184
5142
2144
236
9830
6170
4428
1912
3350
3040
254
742
2078
184490
254
846
2000
2000
9204
49300
1722426
642
272
5068
736
1856
240
242
1076984
406
1220
172288
3250
5544
3270
2948
4288
5524
846
1634
1480
1564
1270
5826
4126
2996
832
931720
4558
4892
1050
246
4278
252
6440
1516
2774
848
972
628
398
5834
274
1256
5228
8128
3038
2040
2870
2896
233804
6010
2200
8014
68
2336
244
1568060
7506
4318
1944
2430
2670
160234
1492610
3010
7450
2122
235392
262
3994
3452
1782
4424
264
1368
1538
946
844
6656
3518
606
3196
742
6464
268
384
258
50970
1764
980
2430
1282
5430
784666
4650
2812
421266
500
4108
257258
724
3710
372
7808
728
710
7116
7646
768
2604
1844
1124
1636
5826
8534
1102
278
3564
1280
272
962
1680
4652
262
3000966
5448
1846
1212
7534
5236
260
1592
742
2992
6342
602
495748
3220
4228
7274
248
428
1622
274
155014
1762
2114
5472
4786
1296
748
392852
835612
1980
2594
1984
3204
274
404
13984
1390
470
3620
2080
1108
7872
2804
4942
634
1944
722
14516
272
476
6058
282
260
408
3258
1415760
2582
159544
2110
4920
2357844
12016
816
8094
1630
250
3112
394
3616
2932
724
926950
1522
21542
3354
3574
68592
279646
814
68304
702768
6972
218
6472
1029950
1290
6604
810
109604
2812
1884
274
2480
262
798
7206
630
663636
248
25116
274
2042
6856
4400
190778
102844
925356
5028
1162052
809804
106818
234304
262
3718
262
45680
83514
970
30298
217344
250
278
806428
580
394518
901090
533120
2498
248
7424
276
118416
152274
2452
2996
482238
2446
33502
95462
4214
927988
153022
2376
9010
48884
52960
1069100
51184
1197646
1060
14842
1042
252
91450
3636
150370
84062
244
244322
774
1341558
248
33060
820
94900
2676
57874
3304
2272
1080
256
42984
590
2140
1200
317486
244
188168
262
698
7210
248
1350878
1054
3008
942
6714
6858
262
692
302
296
1308
1117944
1129326
1168
1488
264
8470
256
1626
323440
5066
738
1260
12016
38976
8854
1552
21700
734
221652
3172
2902
1125680
829446
2950
166036
1152
305232
242
503150
2748
106204
260
250
292388
918072
174972
3748
272
810
7364
300270
5516
3500
27952
640786
1938
156236
2928
4928
58532
716
1319116
828
62188
7536
3604
834
70
508362
3318
252
355392
256
552066
264
704
1064
1890
1884
2642
490010
248
258
3054
766
4446
686
812
3200
10378
93084
800
266
3362
5372
2126
2160
964
1922
632
4354
1060
252
258
2828
203702
5366
1444
691586
566
5292
266
2346170
4848
250
1844
2566
238538
2798
2662206
40670
3790
252
2202
2490
2024
75118
9308
117422
1172
195354
301154
1291556
800
2310
803050
700
2558
125726
3024
1262
262
2152
624
1194
68
3638
6164
2038
720
248
258
2222
5104
248
246
260
2996
890
114716
3610
3910
107992
707326
244
1274690
386420
1406546
2386
3836
2094
9390
2666
848406
1432
258
3648
4958
3590
1578
976424
2982
4098
7890
460448
5912
4326
291982
43818
39258
1133658
58412
1925210
586
879458
1499532
63046
2194
826
6288
244
12788
720
264
860
2350
461932
159900
3032
76
703744
58188
3930
24292
1707542
29696
1050
242
447600
476524
105262
274
1977856
395948
39814
244
1524
589310
706
3604
264116
1048
64
4610
244
2256
244580
266
3058
563088
1404
268
3108222
920
286
250
5244
31340
395256
1512
1034
51058
300330
496806
266
688
240
804
285376
99714
692230
3622
6426
93256
1058
19654
138038
2612
818
700
667718
2340
5398
17520
2274848
2908
810
2266
2534
65422
1077430
3720
294
789950
74160
2278
785672
654404
45260
272
2234
4750
238
3076
2126
252
708
2122
308
262
2724
396304
272
796
163812
258
242
346232
4386
2322
1160
128198
262
240
2706
954
608564
248
12442
17422
2084
131722
618
2264
209268
252
2348
487588
810
398494
357522
157230
451554
9714
792048
17708
2376
2728
318006
63868
141080
2140
409174
747608
248
616
72
509786
3084
64
66
23776
20362
1021752
5358
834
1762
248
263306
5590
5684
1296
3204
238
2844
2944
598
1542
266
245888
254
217730
5690
1430
113926
744
296
250
704
252
294
1554
5928
232
708
1926970
1290
1044
5376
195086
256
1158
5004
2972
268
256
3160
2286
2102
296
28740
2580
1594
668794
2986940
4856
270
254
11668
258
218604
3862
3888
120206
371270
207464
26902
1146
1808
25536
4602
600076
1344
4144
250
697708
24424
682
802830
1013264
3064
68
262
256
2190768
270
260
280
250
2056
254
1460
2990642
260
6804
875888
256
531850
285344
588092
1888
25890
832
16118
64
712
704
3170
1166
664922
1560
1676
1668
28544
401942
4860
202860
250
280234
1666
1268
4070
64
64
315534
562
4170
91096
1354
146376
5216
5202
1398
3101914
1058
2428
2690
246
181572
252
722
2570
1058
248
2452
5182
4406
2340
329984
3640
1176
1468
1770
11914
366360
262560
234
259800
260
390612
735514
262
1396
232
24558
64
64
416142
1327062
1736
238
30922
17780
828
730748
3034
7458
770514
2334
235758
252
134892
266
2310
14240
922
1347630
3108
2284
58166
949716
2286
242
690
659358
4188
264
260
258
252
3298
1640
3522
5200
3100
1560
2728
254
5910
4622
1184
2124
8610
22532
3694
791046
1644
258
1360
1948380
248
268
158886
809434
64
64
80310
218146
1472082
81414
3188
66816
467442
1123814
244
1184628
4090
710552
6242
650
1320
4396
682
244
1426
3238
2248
2078
2852
2698
1146
2406
403274
938
49244
2366
68
68
3144
268
37216
3762
930
594
11524
84142
159652
3198
1694
722
2676
6504
688890
69412
1461162
250
3454
250
355340
944
818
1048
767684
631522
2410
2835482
1955576
1549586
2178
2300
103920
1046
2608
233246
5544
3066
672
1996
222132
932
296
308664
1316
5204
17528
1324
2736
7196
45162
4490
903438
244
3060
816
1754
242
9286
296
67204
1778
4644
253114
2566
1296544
3690
6034
165736
541008
2174
248
26962
218194
4852
2180
976
64
1664
2958
384368
2696
1038
5274
62
64
4748
50676
438454
3860
365826
10686
3670
1240
616
4238
206992
242
799632
1906
7418
2616
5238
7868
1101660
1778
31364
136176
64
64
7294
4126
3650
8524
29028
64
734
626
66
64
249576
2786
1190
47372
75204
960230
680
1498
7724
46018
282930
286
1246182
266
3844
8800
1842
256
864
432378
238
298
3358
820
666628
256
1966
682
754
176710
11042
1300
3626
248
690
244
262
260
734106
3598
1876070
139940
477142
2112
1192
1864
258
1898
850
1272
2528
5390
1096258
318674
1606
19736
847732
428668
4920
1479226
17230
767308
3634
1880
2530536
798
8442
31060
3202
1670874
1029386
1926
1048
3358
258
997370
398708
3298
28978
48770
530428
62588
6616
259168
989356
972
1315680
2268
1030594
1746
1302
5900
128282
260
571104
260
5000
5776
252
9394
228256
630
1394
4278
2070
254
88472
978
431698
246
4042
300
3398
820
84
2562
2838
264
2274
1290
302
3326
850
2562
628312
8354
976
66
2922
262
260
276
1102
6056
1814
1204
1974
258
503416
64
66
363952
5200
252
4438
14304
9144
3328
3202
4162
231258
64
590
102214
10422
1156
26684
51306
113044
3010
868376
6926
3632
236
561078
2872
43744
412330
4784
42844
1306
48558
5922
145230
240980
806
264
590634
2238
250
276912
3834
393572
532834
246
555100
344358
1584690
820
4200
1088
869406
254
716
260
248
266
632
846
2760
5794
1300
74826
28974
242
206812
3072
2034
1382
1048
1666
2238
250
1630
2406
254
2674
1896
2114
1808
1766
1984
828
2770
256
16900
2056
3550
8332
48038
2844
778
1408
1364
1548
712
411218
836
4334
145266
708
812
7834
810
1958
1752
2594
696
3286
1080
3678
7404
252
15080
238
944
235046
2446
304362
1664
3828
2554
1280
630
658046
184842
1144
1376
228
13714
7668
2948
6852
1912
1157614
1366
246
2008
6530
4550
4100
3240
1430
1156
250
624
834
3028
4344
3812
436564
848
292
2876
708
252
3856
5366
4522
64
64
858
2048
1608
1076
7734
569260
3496
2494
1166
3890
1286
252
260
27026
1194
805156
568938
2074
1218
254
808
1978
720
722
2040
284072
2452
1590
258
3080
826
5466
820
2080
534448
2994
359172
380274
2128
230
256
689644
712
2382
1486
5498
2078
2382
1480
1456
248
242
238
260
1078
3072
252
2746
728602
268
1402
3790
5034
820
838
2742
3546
2966
3708
942
3892
264
11104
256
1782
1628
443800
1302
7788
3748
716
4196
2126
262
5700
3388
64
584
3314
1782
1496
1750
620
1432
602
714
1434
260
1630
258
3658
250
126272
17982
460882
1038
4960
250
708
260
1128
8054
3830
4170
258
704
2314
1448
946
2312
3536
8238
64
3050
1898
331512
806
3232
1664
6624
1418
1102
302548
186190
242
1044
4164
1372
3592
254
16770
3328
1802
544672
8312
280
262
2350
5162
2464
252
6368
4148
2642
5302
254
2856
2287682
4930
2422
904754
1118
2720
4622
2200
64
2358
2026
1194
250
1298
30594
3582
708
739018
818
3340
590
94222
3090
1564
829536
1434
2160
4256
3520
5472
2226
600
1046
83488
254
4282
3216
2060
244
1142566
806
2428
1862
1701618
8016
261206
700
2826
439576
1342
497160
4256
7762
4462
1734
1378
1018514
1064
258
5602
5380
14972
3186
26658
1392
248
2164
1836
1658
701144
238
2012
1312
782
246
10848
256
282386
531862
7586
1988
10950
144714
694
1390
1076
6754
763030
169720
19960
2072
6388
2644
6446
264
5266
2264
1800
55372
238
714
45676
561222
3654
442746
1920556
2290
143208
3398
9212
147746
3104
1086708
5924
2044
13138
1598
3186
1230
5092
250
250
128466
1334
2116
5602
254
1202426
326188
244
2044
3792
250
248
6136
708
139726
1088708
10752
244
232
3848
3504
1120
4756
254
1048
3136
96712
15340
3196
4790
4670
2866
1310
598
3550
946
270
258
948
268
5948
1890
754
1244
437280
12644
1428216
1420
3622
3176
284016
1642
830
272
3428
700376
2030
5036
1335824
1326
710
1436
7260
2124
266
984
242
146214
1842
2968
254
600
82188
1510
1762
8608
704
260
12830
1192
3704
413328
682
1182
5140
700
254
1412
5908
252
193964
3074
634
3682
2272
4762
244
1756
256
20596
1906
834
2308
1814
127012
248
708
272
708
1032
7006
2734
682
738
4520
1694
266
256
954060
262
2023394
7776
620278
516850
262
238
8800
256
1526
254
2070
2594
1700
1838
702
260
32666
2134
539322
5342
264
2020
205840
248
2016
1000
874530
254
714
1538
146236
101988
242
7720
254
15958
1136
827034
3350
1772
64
64
498532
254
256
1420
1318
392572
1630
1188
4958
6450
260
258
1488
702
7536
248
270
1513422
1602
261196
2830
2644
901298
1328
256
822
1021724
1312004
2122
277546
149704
767772
2544
17706
1048476
636
362866
146626
278576
4830
2312
2098
38620
252
1376
17906
702
714
35216
267314
2179364
284966
495846
3352
3234
1414
33348
6740
103312
605270
1156400
898
2392
264
2694
4544
42962
1051402
1468
1536
3356
323212
622
313456
994
19366
167196
1058
565878
1521950
108932
2378
847690
7752
295532
618766
2166
108616
3298
958
1956
4190
765184
260
2714
708
526344
317258
252
612
3216
232
4236
1508
253976
1674
427564
1278
2426
1195332
862
2928
66
64
2058
272
2436
3720
47538
3718
252
728
1450
65974
266228
1186
1282
1178
546486
303690
2694
25998
296
724
21782
2160
2884
248
159094
1683890
618688
1720
42630
1810
595670
2416
246
224
1266264
742
424644
270
706
83856
761494
64
2214
2708
5500
28310
248
452270
2662
797222
655800
3944
258
1310
2126
2218
1197740
523120
710
92382
250
864
2010
694
1618
2142
2992
813808
562260
688094
1982
89596
1403574
1074
3234
932
3208
18488
6476
598
30358
11662
93318
7722
944
73266
692
5336
2926
365068
248
264
446934
746764
2206
7048
996762
390136
82998
12584
1730
74104
853660
2666
6426
791890
612114
7610
2770
2734
3105092
415572
740
1196810
1872
234840
1084644
4298
9334
2788
1824518
559008
2256
1162610
260
1854
280
1177704
122522
1534116
3326
2570
328616
1252
656
2788670
1060
252
258996
142204
1904
1344
11120
166686
1162
1466
2932
870
3480
1522
4826
692426
592
1884
272
153622
1008
480522
702
3824
820
897924
8954
2464
352676
1738
1352
4338
118938
4720
3806
209536
5808
2512
21084
1044
852792
629674
2712
1986
1042
8574
708722
624
1300042
473562
3444
13120
4270
6742
106456
130208
1692
104188
700
1678
268
110132
3390
908814
1444240
1904
3120
616
2456
64
66
11612
74266
144292
14246
61190
847612
354454
213952
438534
3350
6306
252
3654
769692
5326
3444
2812
1160
2588
746
1284
365496
673864
1188
252
1528
120678
1836
205494
209308
1718
264
254
250
2142
6494
551974
62504
186300
268
73590
143800
4428
211540
2678
192198
1388
1892
732
2322
698
4636
200496
7872
704
266
298048
260
226
2046
3392
252
124892
840
1804
2860
5362
6502
1972
8332
838
1868
202834
219422
39798
2114
252
71138
2992
480752
5054
2251226
970
248
571052
64
64
284622
348748
3306
129770
370872
966438
4854
1968
1592
3228
1058
51678
724
248
1958
947030
7162
1554
4964
2616
248
3458
3418
644
868
2352
3126
242
938
264
64
76
1668
4980
2246
2346
2218
1156
730
832
1090
708
3358
240
327796
818190
260
1096
2130
248
2722
262
274258
1886
9044
1216
588638
258
1798
972
240
4816
2666
3802
268
770
1480
1178
3262
698
2984
1325698
264
1198
242
746
4702
964
608
840
3324
878
840
2138
2218
1668
2388
836
1270
606
5168
1358
121698
3436
2296
290
292
642122
994
256
132646
1502
5984
3726
322580
2570
2506
1850
1500
912222
4826
274
1256
752
2166
3944
2016
2080
3282
588
700
1362
2190
272
7616
928
3836
144080
892
2068
722
2128
2244
7774
264
575530
9132
590
264
4646
682
4278
2826
1314
704
870
2410
311736
380
894
242
2610
1604
842
246
252
2488
7050
720
1300
1886
566
726
4736
726
1390
580
4156
1312
894
1952
6554
1496
3318
716
1326
700
1158
4840
2708
5398
586
926
4798
2944
3252
712
380
2026
2022
700
246
704
3234
2086
4084
1286
250
1332
3648
2016
254
950
1628
1832
114080
2452
2694
1822
752
2076
258
292
2368
2500
1552
2984
3646
5144
844
3366
928
129824
1568
2448
710
2858
270
1276
1070
708
252
4062
2238
2542
45746
3414
1612
1398
1020
2622
3586
840
1510
1752
386998
1878
1266
1042
135562
2418
1978
5564
5508
6856
752
1884
8646
5762
988
856
3678
1142
1396
2270
2992
1390
1630
612
240
292
1384
297500
34940
3310
830
250
3988
4980
572
274
1266
5804
936
710
1172
314342
1650
948
4314
2006
266
230654
11710
1804
1278
254820
2392
948
4968
2932
1320
1086
1398
3640
5960
2286
260
826
1454
3068
115652
251776
708
612
250
1282
1082
1538
1064
2944
4750
1208
4010
924
272
840
1926
2128
758
5440
392
3948
1680
680
708
1254
4084
832
260
258
3946
706
708
3568
990
6358
1830
732
153606
2770
852
283430
824
417756
1040
5122
1416
836
3672
2798
2976
1766
2890
340788
1554
960
950
932
268
1132
2768
6190
1366
6146
910
1384
3430
2834
2446
2576
1652
3336
574
1560
173766
2228
4118
584
1062
4190
45070
590
1412
252
1908
5402
742
896
726
294
3228
5440
714
246
272
9762
2530
1114
960
280
384446
599570
830
2614
2512
1496
1164
846
3388
1958
55860
7076
816
282
596
544
1610
270
33016
1105854
2304
1814
2200
2636
3458
270
2672
1510
714
1926
3464
186806
830
3588
986
734
307216
1520
2012
9274
826
716
3864
88956
3402
2252
3784
9406
3418
936
710
1402
270
175756
2942
694
558
1582
81894
3176
756
1748
4254
592
290
99840
7214
1394
3498
700
332544
618952
2326
5248
1842
2604
1592
3732
818
856
1046
2700
1874
78302
738
830
930
2036
586
1044
386
854
252
1580
1418
4702
242
3454
716
2624
1428
167766
1160
1802
123178
92314
1196
734
3652
218080
858
2424
2638
260
1424
1604
268
3042
252
3040
240
5274
5148
7442
1204
2432
573896
744584
264
7092
5294
1770
2182
2716
1566
1916
4756
7368
848
600
636
623936
1458
1668
5992
1348
710
1092
890
262
2808
2422
1112
68
250
1460
1168
616
2726
272
1426
258
320080
3236
6060
978
1794
2136
2586
41694
50646
1750
1996
5266
1742
6750
2552
858
2672
2380
4100
836
1258
1770
6054
126274
290
2006
2994
1118
1416
1710
274
3532
3176
1286
402
2694
1652
1428
6690
1019492
710
292
3364
264
2724
974
4414
47432
1524
2656
964
840
3130
1448
728
2024
2928
2970
159944
2118
930
552
6882
976
826840
700
90240
3882
252
2346
3258
3096
1306
836
598
726
1108
3616
710
590
2554
2398
2310
852
44882
986
2010
572
3916
1412
244
1256
706
6110
1330
4004
193856
1766
3528
3722
2084
570
696
3014
118052
4466
69346
744
720
2378
339006
1590
2168
1890
3280
986
3832
2390
1678
1752
718
1018
1612
1520
3868
570
264
2654
2492
1662
653620
7296
682
2700
3570
4494
1178
1414
1366
594
704
2568
580
7482
2594
2476
7984
5682
113048
1306
298
1852
2024
1154
1308
2044
5710
1306
4148
2218
588
3262
2738
43454
69652
2970
2788
706
2118
1400
258
6014
3338
2000
1578
930
1628
1676
4476
1862
1848
3156
262
572
383854
1984
598
3024
2236
4346
570
1078
1562
2332
1378
1498
546162
2178
6584
75628
1288
3180
9628
244
1670
3736
1578
828
2436
9104
586
244944
2660
3726
1192
242
1178
236
266
39818
962
3376
820
240
1166
376
3968
2026
248
1402
250
5568
30302
94170
846
83042
1528
598
6262
804
4736
686
3580
2882
856
30318
934
260
712
1156
4244
4770
24346
1024
590
2934
2022
830
1404
4668
270
3832
838
7808
7110
692
812
934
52428
5538
270
4226
2480
1836
266
264
2016
736
264
268
1044
2940
1196
262
6056
294
266
1486
1778
2432
814
1708
1136
1032
113208
3106
730
1802
430
1012
1714
288
874
5940
252
1060
292
1758
758578
152536
1932
3824
1412
2114
842
716
4282
1670
2460
1668
1844
1886
66120
742
6202
598
1266
3214
1044
600
1418
2544
912
1482
4948
1424
11196
4388
3450
237134
11126
980
1192
858
1970
710
3462
292
1828
4460
1808
256
686
1682
846
1744
12272
680
250520
2674
254
9544
258
2214
1378
3246
10450
114258
4140
2952
2868
844
334172
698
3288
74388
838
750
560
284752
2142
710
1034
1732
1418
716
1528
4428
3040
241720
2018
1186
1626
260
2246
1256
712
2636
3898
4126
94974
266148
906
4228
1110
246
2124
258
248
844
688
2722
264
1142
5024
244
4420
2132
293784
1422
1718
3278
1566
1730
374
918
1906
2974
828
3146
1418
1920
2578
111980
1192
4124
3494
600
1298
2348
2500
262
8206
1944
8758
846
2810
1168
1310
3084
820
268
2334
1966
576
3522
1064
3172
702
161436
332554
3854
246
260
221724
704
11210
728
248670
117334
832
584
602
1110
3938
3810
394
722
3046
1504
262
3646
478
3942
1776
1034
626
1594
1664
910
1031952
1274
1694
1402
2942
1764
696
7168
1144
5760
1504
2816
3410
1266
2694
594
762
3440
256
904
3754
10730
758
229182
1012
706
2534
262
260
1808
3592
2420
254
1296
4864
174880
2340
3492
572202
3176
4896
2082
6114
1106
2310
1358
1556
404864
9606
1542
2358
5400
560774
2262
512
698
4768
1626
6290
378
4202
386
4942
472642
1967366
2124
956568
4142
82906
4319864
6330
2044
5526
6386
68
4152
244
1754
173114
1660
2086
534
252
1978
2706
4270
8024
2236
325534
3160
2626
7714
7302
658
4932
136194
1654
260
5220
2028
3710
10230
7846
3144
1802
1850
8756
2956
2560
39364
6428
3808
1113258
5664
832
2270
258
850
6696
1902
258
4328
1394172
1566120
1037854
232
262
390
3148
4326
3354
8052
5892
618
814
788
252
8704
268
728
386
1144
4026
2006
714
398
5194
1424
3448
2350
288830
4238
4100
2508
3070
1246
592576
1932
978
2682
1046476
258
264
3164
3022
2746
2814
1932
260
1964
4858
380
372
6330
6074
390
1552
3224
4030
819516
2440
504
1974
2012
716
1540
850
700
256
262
2904
7968
609312
6322
3448
6350
4922
1202
8322
1948
1118
3042
3840
684948
276
244
1322
1756
1608
1594
1942
258
1318
2048
7266
980
1270
718
1330
525258
366098
1094
260
1420
2234
384
3026
1011620
103908
360
3378
704
260
2914
5038
726
4932
2602
1098
2032
738
254
2768
413334
1308
1462
392
2808
256
5278
394
2740
8868
3242
3622
18414
4116
976
3862
194446
254
1028
7022
6358
802
8236
2172
6046
4288
4266
3402
3350
5314
4218
9354
384
10670
1588
2396
1524
262
2794
1300
396
928
2940
828774
2432
380
376
1546
840
3180
2836
1294
2684
6302
1738
1796
850
966
1454
3168
1639386
7822
2020
8626
6470
1668
4824
244042
1962
516
2785902
7738
2812
1794
3476
732
252
5296
17184
250
3544
1207548
6274
788
7068
39186
3642
4518
5020
1160
602
3636
256
5160
392
6390
1092
48938
612
3586
832
1668
1628
620
8310
68
11544
2214874
1716
3072
976
4380
3820
248
3332
6108
1570
1284
2422
271218
1226
1094
5262
1244
3618
2466
4378
952
9334
2122444
716
846
156502
5342
3142
262
6968
2690
838
646
1260
473480
2938
4510
5310
3956
1133858
7584
654
5222
838
4868
386728
3590
1456
68
68
384
11626
376550
2572
181012
260
1016
268
558198
5510
2264
926
3078
1158
3276
188628
7432
11642
622032
68
68
1196
240
3388
3852
483266
1830
248390
1307622
880
254
386
258
2502
33636
5940
3050
676
1592
2798
2142
8726
2326
846
228652
622
378
2778
2046
266
2884
1110
3212
3454
6226
2259532
886
7320
3112
1682
1492
254
252
254
3630
244
143950
4448
900410
258
1918
1030
1222
8200
380
2285472
538820
4356
6062
254
54878
8578
2856
1970
240
1186
85074
262
1270590
4168
4402
1832
4338
978
260
386
2738
2232
2022
6316
3046
2126
9712
125482
1168
106386
584
1156800
1946
240
1632
2006
506
1394
2324
244
1862
368
4716
3484
6424
282
254
1242
2816
6198
724
1316
2436
960
260
972924
260
950
4216
5792
730
372
414
266
812
4276
3304
1290
469486
2258
66
1974
1302
488212
378
828
2274
13728
260
1044
5312
6998
1044056
1908
4314
2990
250
11954
2368
6506
864
788
3914
4074
1298
1062
4992
131214
2594
894
256
1322
1352
1726310
1206
2310
816
9970
39512
302916
3436
406528
5018
3242
225196
406
5154
5886
1080
250
1278
671746
321452
2932
1792
43362
4546
1674
2268
1066
2460
386
9450
4682
386
1458
2078
6770
2588
648
2262
252
884
959582
5924
68
5636
1990
282
534964
983642
3856
3180
716
1888
412550
1046
614
60568
3754
871522
4283198
242
202774
704
2112
775612
1883494
1424
1616
384
3056430
922168
1740
2308
420
260
2954
10498
1386
928360
19800
6550
1118
6268
176502
5366
1954
4018
242
2356
6060
749216
7312
19100
2700
2274
3588
254
256
2484
268
258
40586
685684
3794
3482
2982
2540
4266
3424
68
1778
1594
457256
239758
250
964
1530
983564
10144
3162
2518
258
1540
540
3810
1074
1616
68
84
900948
534
256
2144
2090
244
252
4220
6042
254
5660
7166
186554
9266
242
4286
4768
28878
1904
250
7206
6008
8212
2200
972
6060
2198778
12052
3480
1678
4810
1400
258
1974
1438
4176
6706
584
2168
9814
922
774
992
1462
378
1340
4082
2666
1566
384
21770
3178
580
242
7536
854
794
1172
1038
2960
256
1476
55358
14590
384
6196
15284
2556
382
130914
83006
242
254
1532
1700
1198
68
6572
48822
1904
1356
1268
4380
12868
586
2076
260
258
386
714
3454
4814
398
1464
3680
710
254
2048
38726
3026
256
974
1492
714
1876
1786148
7510
252
6204
1962
4654
94592
250
83100
10450
798
2896
5552
5936
242
260
1052
842330
1298
368
370
804698
12314
2042
2414
5610
6418
3506
1218
4034
3454
6994
1790
1444
266
3898
1300
2414
5852
1216
2048
2658
370
2478
3450
250
16994
3994
5044
2720
1326
2306
7718
810
357006
221530
240
682516
3832
3088
262
978
99064
9146
1504
1910
84414
4386
94000
2308
674410
2668
414
89964
90628
3796
8782
1670
47406
258
816
4552
254
2862
824
6124
2526
2112
524
7552
12204
254
584
831324
17096
378
2390
230706
2182
1914
5324
200908
2048
1099294
666398
4340
582
1278
3460
119694
3200
5980
172762
502
3076
4760
712
3102
2512
1176
1672
576
244
2796
6884
4182
240
2370114
7856
7886
7000
8038
7726
574
4104
4266
262
1572
7862
380
3406
254
34714
256
1322
376
376
60622
75170
7754
1694
2542
1714
5838
598
1232
60316
12948
6836
2488
6788
3512
1440
4056
6366
5382
68
2826
684
1692
1086
1654
8152
844
260
9504
586
1642
3158
51530
690838
860
954
4180
4734
946
1196
3562
1860
282
1060
2448
3094
5336
260
2690
252
258
8062
4156
1046
5026
790
2182
246
1130
3152
259330
736
5872
440530
1392
5658
1908
4366
258
5828
7430
66
9308
2044
3106
1064086
5284
68
68
68
68
712
274
258
252
3026
418384
5196
1314
1561544
1770
403516
706
1874
4342
262
1506
8506
682
254
248
1272
260
3448
413690
936
788
240
3138
4680
818
3320
1710
230
3684
654
248
1042
310880
246
680
211300
3568
2542
1294
3776
3880
4796
682
1444
2958
690
8366
7562
250
1474
694
1382
1216768
682
10856
478548
2178
250
1254
1871262
720
4952
1758
706
256
270
4450
1014
1148
236
270
2460
274
788
1766
268
1158
256
3964
2356
13164
286
1630
930
292
2170
1302
812
1344
66
831012
820
2686
1570
67078
8872
3344
1032
1370
317722
670
954
4598
732
3362
3078
3682
2290
2984
68
6172
1768
3838
1754
51008
155700
260
242
1776
1530
2768
237802
185018
3534
250
1532
59174
91132
696
3756
1432
1574
820
2928
256
262
272
2046
1178
68
3420
248
1866
410718
399908
570
836
2458
7560
353710
1258
9902
1276
2962
1136
910
4158
264
2090
236
250
1132
5566
9858
1712
238
254
1276
3694
5154
6822
2490
238
4768
1282
252
16520
246
373644
886
1744
250
1382
1054
64
2066
3474
264
8292
2148
262
3056
3760
274
734
1466
2358
690
230
1882
248
1264
2510
351616
1072264
2014
64
66
3734
792
1526
8504
2040
4138
1486
878
918
3796
1274
1298676
4492
2942
433078
499138
6432
6884
66
887876
254
2544
104688
706
353118
3854
580
4452
5130
1278
242
1048056
2938
1558
810
906
10352
1132
2532
570
306928
1306
258
1754
708
4816
2920
4464
254
539990
2354
1884
724
10138
1322
912
1168
499062
2942
2088
66
835918
68
686350
17272
1540
10596
11730
3314
3450
64
156926
566
1036
2146
148736
250
6334
254
441324
1174
4194
2384502
3312
250
100672
2420
240590
730
662
1656
26172
5702
254
2036
84190
738
64
64
710
712610
249398
246
1492
678
1632
56870
422596
3848
64
64
1076
1307358
473860
7600
3618
1000538
1034
4116
1296
2018
930
3376
1968
848
246
716
3180
5550
238
240
1988
1076
1304
244
3512
2706
1691616
2486
286
810
284
590
1022230
81524
1416
1072
3263324
256
5326
9840
2002
248
252
700
1552
6464
1662
1596
2112
2346
748286
3544
4328
1146
4140
690
940
4924
950
45054
250
2348
5684
47206
1322
563874
4092
1398
810
4384
248
3752
242
882
250
8654
2594
4450
250
570
248
30678
1272
6626
1186
1760
248
403044
268
9938
536656
317806
87076
1792
4236
7314
134568
3152
12636
64
64
2412442
1434
2724
1312
284
944
825582
2630
250
3076
254
1962
2130
246
252
1020
686
61776
2568
254
3050
6028
1876
266
2218
272444
40878
1438
834898
5046
428248
278
1422
238
1260
2944
256
280
1768
6138
248
646646
2410
248
1110
612
2720
936
2350
690
970
10980
250
1938
6182
404980
2414
242
2328
2272
254
254
1150
706
1388
240
926
1984
268
236
1418
254
1056
7922
272
1251846
4844
1578
252
4114
1998
954
252
2770
4920
64
66
3464
248
699102
250
548790
2284
3124
6052
714
2356
774
254
2630
167460
3448
252
1364
266
1616
253782
688
248
238
120262
66
64
714
2900
479760
1826
4452
1168
826
1568
847012
3234
1138
9426
698
4000
246
2642
1627460
117770
5796
5930
1412104
240
244
846760
3078
692318
132840
4906
597796
3340
236
2250
5048
3072
2552
1482
6546
680
1100
7842
2076
4118
238
2082
278
3878
2430
246
264
4366
1884
64
2924
232262
1296
1435140
682
236
2134
1736
53582
280
1342
7348
3598
274
68950
5202
6620
688
950
4420
381900
3218
1042
2788
840
4232
1278
6266
1308
6710
692
1908
2076
238
848176
2494
1422
250
1018
250
2198
1152
214760
2572
1590
251166
3706
2232
833786
1768
940
4784
6106
6740
37934
1356
704742
2316
806
109120
5736
806
696
382654
63562
250
3260
10378
5852
2356
44572
2144
252
1624
246
2100
804
720
3792
2950
258
1298
240
202800
260
2324
800
256
248
724
696
702
570
122216
706
252
1442
812
4042
66
1648
1040
268
2138
2002
1168
256
1294
254
1684
568
178342
1806
66
800
259004
3024
5270
2686
576
262
1620
1494
5532
1882
4728
4814
147486
2826
848
2494
794
1263072
16528
254
351912
404448
176830
7930
852
2294
926
254
2090
570
2854
1594
6598
5854
1986
2158
670
2770
2372
246
1954
3000
3966
2208
1620
240
258
3220
3338
1534
670
4344
1012
629824
1051472
1742
252
94262
5356
3060
4554
3904
6962
516488
4552
246
3666
973816
588
3402
2846
1400
594
266
90334
251780
1022
2686
2764
1990
226
3244
3662
256
730
1254
706
254
1290806
254
262
680
2810
1590
2446
1843534
798
2078
2572
14994
2636
772
572
2154
2598
68
252784
7468
1658
2080
2728
3574
2030
914
262
2364
726
480614
814
4390
290
4736
1284
680
240
254
1208
1944
274
3344
1042
5800
24194
4876
262
256
10026
46502
4292
1162
3394
236
826
867552
1396
1706
68
6500
3190
2902
121398
1480
1174
231850
693622
1718
630912
1050
1278
1628
274
678
240
152700
706
1064
64
64
540972
6398
64
64
700
1858
2584
256
740552
252
454080
3282
357754
698
15646
971786
934
250
1020
1900
926
6540
4172
940
1468
11340
264
451852
252
828
108110
2794
6970
254
9636
532726
264
2924
3350
2528
252
107632
1582
2672
266
278
1644
12486
260
8242
16298
4366
834
1398
804
263858
76692
692
254
704
826
1048702
1978
1148
3220
268
2719730
232
1730
2566
977548
284
2854
5346
1962106
1514
244
543910
332792
121880
704
1116
1058
136502
2644
4226
282
958
1012
1526
1410
7328
612
1340
262
2514
1016
936
64
264
1982
3350
66
1902
852
175690
256
2740
5222
2354
246
706
810
1504
822
453984
2260
3640
146624
1084
2132
256
254
2680
704
1624
2528
947570
1628142
248
2240
2986
4022
2650
1512
4082
4974
1384
2804
1356
1236922
2212
252
244
1394
3178
2005250
708
254
2258
2498
12428
3646
1525114
250
106260
242
1184
3958
611874
249722
361354
5138
119598
4026
930
4390
219270
2658
936
71576
280
1236426
210802
1772
722070
1280046
1602
4850
696
98450
1018
1508
2680
362886
260
3622
114296
9562
4048
6536
3996
165024
578
18686
1244
93280
934
5240
6094
914268
1207816
2762
1048
252924
3136
220500
2056
7222
69322
773338
1302
24198
828
36304
359054
248
207456
174184
248
7214
317366
1016
732
159724
254
4878
82004
440704
203958
13028
197194
6890
1093984
5366
197254
2220
522846
926
3490
5164
47516
199852
49004
3376
812
1902
122372
708
1842
5310
93790
104858
190956
258
213856
3294
248
4728
507806
594092
3442
4128996
8806
1716
343354
2070
1023172
8496
248
1386
3464
515882
5488
248
1046
1206
931820
1426
254
2364
1646
264
926
248
1446
252
854
248
1946
264
1289030
1720
1062
252
4552
688
1992
2016
264
1846
1374
250
2992
3792
974
708
2594
736
252
578
1191218
248
252
67126
2352
1294
3798
238
3204
250
173292
4134
6398
1856
117836
254
1134
5592
22300
242
2356
5212
3686
1446
1836
2428
252
1250
1434
831586
1410
161854
256
2766
2084
246
282928
580
272
8310
1530
670080
1256
804184
883496
106762
306518
497048
937510
262
1638
17546
44666
19112
1156
2990
2030
547878
331810
1544
173788
2486
4860
2126
1210
2352
1250586
4526
3658
3524
589940
5532
6446
964
4574
46520
240
3778
277262
2784
216054
822
151530
19926
242
584312
684
250
3056
828
1514
248
250
1394
5940
4740
2430
222960
892
850
452898
171538
64
64
962348
12590
585332
25554
47528
976
740784
820
27654
4496
3040
6458
1496
696404
4236
390062
234
3404
28874
1158060
808
1868
29114
737778
588
1553680
464650
691920
58942
3138
35420
4180
670820
454082
5518
3898
4098
510368
1008
1794
826
230
1924
1042
3044
2036
1324
1572
997038
1068
692
3606
1208
94300
7146
1522
129834
387656
248
1408
578
1290
617496
2394
4034
4142
616932
2646
2590
3242
984
262
478786
2198
149596
4186
2150
2285346
2352
66
2212
2076
5080
4316
2432
104554
2262
553758
1277562
342482
1580
842
2374050
1652
4790
1150
1264
106838
760850
908
1810
5786
674
282482
248
1668
64
64
246
256
32084
258
252
250
1872
4920
272
1208
2902
5224
1448
724
471880
3998
244
264
2606
2012
2616
6442
625654
561280
121278
2740
417122
1156
2248
282
256
263564
1420
1080
950
289262
432242
1980
272
2046
574
366270
1990
126454
4488
1524
2272
66
1900
2424
3338
15904
4716
258
48708
1093922
1804
242
2314
838
64
996
2822
270
4460
5152
533986
1926
111092
3368
625434
1358
252
500524
130810
848
276
1610
254
158270
619620
349728
696
1016
1894
5060
872366
254
2800
344362
690
3284
2302
3466
267192
236
4118
1958
189880
250
2880
124704
490018
536296
2600
451462
1338
3018
298918
254
6440
3246
1666
438040
440200
1670
2698
576
47006
307356
706
710
154876
572
600104
1282
1142
31438
234064
1862
409504
1911370
714032
8680
89498
711876
248
258
4546
242
740
1772
812
607224
2320
250
3876
290224
1376
1500
1194
844
582
254
6366
64676
1306
2870
93388
2582
1142110
15114
4798
21518
2606
1268
1094
2888
8052
918790
7238
697206
137766
3934
4540
1552
87470
242
290250
704
246
129664
1178
3896
818
700
64
1440
334498
242
4040
1564
3300
1188
3646
602
76
1736
129990
220
1005830
1162
700
1468
842
5148
1788
33472
2248
13230
850
1974
4000
27306
686
254
1024108
528000
15322
4144
822
191388
1554
1176
2444
2294
1526
3732
1992
707710
9936
150056
1446
248
1332
234
224
55144
1014
106318
50482
563520
425306
2010
4476
1058
924
857234
66
2224
1192612
1307378
195574
385770
838
801606
20776
1702
296120
47288
1439104
2740
111064
1166
248
832
1815266
1602
918
9752
2834
224642
562
1042
297560
1056
452512
34648
64
66
37376
820
1360852
4560
562
5026
2450
1522
784066
254114
3932
155856
67372
736
1393004
205064
2244
1370710
274
21070
620980
613180
248
5770
13346
169064
568
379822
1119410
584
241284
21094
4412
64
2140
855526
477382
38034
250
139180
279514
2166
323704
700
2016
1228056
208570
2904
364996
1203388
2722
4288
1689666
2916
1408
446466
353012
598
387370
32318
1030418
2314
513864
5248
288078
25326
1010
250
5686
11058
2142
2490
21204
1900
1066
64
4086
4810
708
2464540
701552
252
850
2972
3066
246
2126
1508
4404
1220
254
4854
26718
3446
2054
737842
1150612
38358
42926
1056
1055112
36682
301944
313774
5698
720
3400
1787954
488606
1838
991866
220442
260
2244
692306
54438
720
2864
252
843522
1465402
809868
45122
529544
262
10566
392798
1892
37892
64
1452
2180
2640
790
2988
244
73114
677814
4958
242
250
2142
7206
18548
1226
2814
24770
1872
1216652
613240
614928
1062
25498
822
601716
720
1273044
1554
10276
3892
1326
80342
1182
426402
938
15006
5986
1276
702
3272
2226
910
702134
7486
1852
2504
4686
13882
250
1673286
1520
218824
6352
18286
687128
2022
5326
3100
598
3834
1128
464938
804
523268
2044
2118
1320
66120
41702
9154
784014
718
956
246
244
8194
1912
810
5344
238
2950
217692
1093900
133130
4242
561212
711978
102646
596262
419656
724
1394
2746
1184
740
756970
359964
1700
3966
613722
1988
3224
1380
391112
276
78
64
4040
2540
57848
968132
4322
721978
659570
1346
1066
64202
2162
2456
496908
1449840
722
1022
662
5144
543894
523952
934
339794
2762
5610
2818
46958
250
2594
842
2556
2910
5056
40628
241832
1676
960
80986
284950
222698
3240
1852
4884
712
1592
1086
696
2844
44948
822
2232
4926
1804
1684
3414
2138
252
4276
250
252
2784
2042
2728
3104
1826
12270
246
1398
2174
1950
3552
447704
896948
2852
9760
248
791854
1274
1652
3522
4446
838
2094
6574
929764
1274
1396
1414
1776
3398
150088
1774
3952
242
706
254
2568
322854
250
844
207528
2102
2190784
851108
4904
2026
1848
672
4024
1316
274
710
1146
242
870
846
50502
2492
3862
950
655992
350490
1492
1290
2074
706
420126
254340
2236144
1620
242276
730
16458
226564
4118
703108
627928
1162
2542
20744
16816
7984
1396
343114
98434
920
1888
258844
4630
970
3036
1180
1614
1284
918
698
1490
2122
728
690
2620
71198
114868
116326
688
4172
4992
3000
828
1366
3188
818
539622
706
576
2976
1868
950
2624
1992
1696
916
594
3520
1336
50270
4358
1580
670306
248
3192
5576
742
262
3228
1558
4276
2442
2892
2584
127118
4416
3336
369394
1052
2354
1778
3718
2702
924
3520
4300
574
4756
2424
5614
5820
2388
680
2262
1990
1064
1114
1046
3140
4472
2540
944
5670
256
7638
1802
860
1062
1056
578
632832
2724
814
1848
1530
1070
8120
4674
386
1758
708
704
1278
4300
1664
184180
706
1828
1982
3452
1282
2128
2080
159314
1396
1856
282
4186
1430
1034
7642
6012
262
1948
3674
4814
1206
762
628
720
248
1480
2464
578
147446
614
2004
2160
592
242856
6164
107716
457466
1232
826
2024
568
1174
46498
1302
700
1832
15622
1966
2588
55602
8122
4450
244
7496
588
1642
378
4630
3008
568
3118
7124
2180
706
378
20424
682
888
936
708
1056
4352
186656
568
1536
1720
380
682
1672
708
600
1818
2872
1762
2564
258
98096
2514
3840
3536
264
3234
1854
576
2158
203948
976
1474
2958
1142
844
28312
680
1186
4834
2302
103552
1566
12356
8042
1032
104702
5542
72988
1032
626
4764
1072
948
3812
286
4198
3568
2280
140672
786
1352
48184
1572
1994
266
1158
1538078
185046
260
584
924
1622
258
10248
3934
264
4058
1346
244
5106
272
1642
1286
5284
4316
2234
2330
1118
3030
1458
266
266
567298
4852
1508
1800
254
852
2860
380954
3782
572
716
580
2262
1318
164776
1976
256
2964
2558
848
40826
1672
1478
4982
1828
1724
3476
90138
842
1874
123692
2034
3882
2256
922
250
3812
1800
2650
279038
5832
32518
723764
2354
1246
3162
1810
250
1070
7158
337178
818
88384
2400
1608
1424
2456
720
566
766
435174
84852
2998
568
248
118656
2434
2590
1752
3206
3584
2430
3948
2000
66746
1314
794
584
1746
3284
1940
3998
2798
830
121210
1376
5296
2228
504
266
124622
280
398
2838
2868
844
5310
2618
4276
13790
2042
952
592
1080
2868
4144
572
684
2590
284
718
5264
1906
3830
3838
1666
1422
2232
1664
2198
704
946
844
1532
1056
634
702
3298
240
3446
256
5286
1510
3800
682
708
3402
4624
266
508
556
1480
15858
266
712
996
270
1270
8100
1074
588
2532
2758
1054
369084
1302
1274
946
282724
1686
5166
616
924
2294
1638
4788
6150
3978
384438
270
1188
500514
676588
594
1162
1732
2222
724
2902
1038
10564
147160
256
73844
1978
1418
467392
1472
3878
590
1086
1878
248
4164
682
682
3422
8248
2036
10000
3008
3164
5110
3040
576
420
748
1384862
262
1182
574
710
822
574
712
502
2368
6244
628
376
2982
866
2310
252
1032
2066
1172
17746
756
1006
562
830
5176
708
1526
1718
1396
1666
1656
700
3480
2080
570
1330
1086
8170
4584
274
1902
1158
2914
256
8422
1006
572
248
2140
708
1824
4206
4634
3096
1396
3388
5062
2782
252
576
349760
4026
2310
2530
1542
5590
1064
2180
584
918
2838
1392
848
252
972
2962
1268
918
275920
570
1046
264
704
2028
1280
1930
1588
1900
1596
846
294
6662
1270
1276
570
820
2084
3676
4690
3810
27964
3726
928326
7546
706
584
4058
1344
944
4004
2004
237462
928
1804
4500
1882
7158
1180
3490
1626
536284
730
4464
840
910
830
3078
2596
4790
2498
586
226
53708
2068
440814
244
621208
676684
3010
4156
258
392
1452
706
944
476006
586
4324
372412
1132
352636
3002
3172
834
1538
692
1556
3028
85660
2362
628
936
1184
6988
826
836
4678
1426
1796
942
3334
268
1074
1070
2634
250
256
876
708
549502
3518
2726
424378
702
580
2554
2632
1358
4688
26044
7206
706
2904
593614
2452
2478
1630
910
2220
2116
2582
2670
4762
4228
1700
2066
2230
3194
121346
26070
3750
1012
7130
503298
254
1188
580
580
2442
1872
1944
486898
904
3366
1396
4896
3312
3830
708
2322
4726
1532
2948
916
764
2218
5336
179518
2114
1418
1968
836
766148
982
256
980
9370
578
838
3226
934
936
624
668
291934
2240
2826
9012
1212
2740
2094
394
2140
360
692
386
1726
1048
163924
2976
2208
1162
1062
1302
2500
2916
842
602
5468
1530
3476
7652
592
856
722
3388
4006
2050
832
1116
7202
1252
349654
281516
1062
582
162972
1898
600
2432
1274
1652
956
7934
264
29082
243488
1760
570
1870
1848
922
286
848
3978
292
1536
1750
910
1168
844
1688
576
3272
850
800
574
3308
578
682
3630
1936
258
1950
1150
844
2020
459928
3454
3852
6130
2418
1412
2402
728
844
2480
4190
2722
2030
14364
3278
2788
2486
2416
3118
2474
834
2368
3440
2712
3090
624
1786
2604
160162
238964
262
1396
6292
1660
12234
1052
64872
1066
1276
3200
598
1410
2600
3834
1692
17906
2978
240
1380
250
864
692
824
2924
2208
230
578
368
1552
1910
2692
1176
698
6366
1806
3342
1876
982
3180
264
2842
5124
2518
1774
572
1852
1630
792
1732
262
390
842
2218
3196
962
848
3530
1870
246
6486
6586
982
390
3554
1072
482760
1268
2606
4500
706
1922
1078
2436
6254
2270
497094
362
8030
2592
972
1534
1280
1318
2718
4946
1194
3196
2324
712
46678
2312
1880
1338
1168
5734
117172
714
5020
252568
71356
1376
5508
960
692
1964
5374
526828
3984
1754
7496
1330
1076
1370
3122
177414
374
6058
1206
260
1728
12086
2216
1220
1126
264
466366
3176
270
446662
988
1176
882
1632
1950
706
718
1870
808
1224
2186
566
582
4480
1420
1512
3178
609962
576
964
2236
3974
684
275216
604
2272
3394
248
2592
5632
5568
3792
3230
4130
820
2126
682
2498
441538
1730
804
746
1018
1594
1788
2922
1548
72616
9268
380
2870
990
159270
8248
714
2712
1562
2062
2606
262
696106
2357546
2198
256
2834
1532
830
1460
1288
1984
4938
3658
1432
1294
262
2268
2840
632
1036856
2210
1684
1522
948
433412
764444
1330
1196
296
7772
9352
649760
2054
3836
1322
75950
1458
2944
2818
950
278
1482
4926
2660
1022652
1210818
68
4232
860
417192
3794
7614
2442
1120
1430
856
2464
2702
550820
1428
682428
1096
6768
2782
3732
238
1674
1184
854
3798
408
1168
248
7336
1666
4418
7972
3078
746
3908
374
2290
2478
432
264
684994
498
1908
1948
2420
2052
1044272
252
1350
288220
2952
2610
3466
284
6122
1750
244
8210
376
276
756
270
384
2768
824
4688
992
1135166
928
3626
834
240
712
1106
3108
402
7368
2520
7620
194284
272
1680
2688
3682
3406
5056
530564
34300
2468
388
400
1330
4118
6448
3050
756
3284
7426
498
1516
5576
1456
1208
2898
2588
372
5496
568844
1768
2635802
1922
3590
1302
9770
240
1654
270
372
380320
2930
296
1214
880
2464
249508
2944
298
2656
768
750
260
272
3742
1898
3532
27976
1050
3290
8202
1986
242
3962
272
1294
1806
400
240
436
384
3348
5328
726
187078
258
3034
744
3648
2810
1076
976
68
68
286
3442
2568
258
260
68
70
911684
7490
2308
3020
2424
4494
4762
1674
1496
1308
1236
718
1078
7614
93040
2096
3112
368
1526
3116
1796
5260
842
7492
1572
1621128
380
750
77670
120556
1428
2220
758026
400
3122
980
1904
1874
396
688
166218
2502
700184
484
994
4312
4320
3570
3032
6494
7624
2116
2830
272
1380
3534
764492
1378
10402
272
615290
2476
1790
1242
4942
262
70606
12522
12190
1526
126584
2606
1063348
235990
4630
5194
6940
5364
842
1636
368
296
706
1104
3186
748
4380
3498
3282
594606
9240
404
4180
1750
298
998
7014
258
1222
962
3454
710
1922
3040
2456
1202
6166
1354
376
16234
1911658
2708
268
575850
852
1680
3970
6610
381474
618082
256
1852236
863848
4454
2616
624
268
6484
832
5444
1416
1214
1762
214424
14262
680722
2626
1524
3102
1703468
374
1876
584
2208
808922
499700
24010
171970
1760
394
946
258
4448
4272
1070
3756
240
1082
2586
276
3590
165162
1844
6952
3720
392
2126
574
11370
368
3182
1894
2756
2698
278
6018
70694
3600
1326
3632
2228
270
952
2084
830
2318
386
4486
211846
7332
697454
4512
5592
5914
376
512122
1206
3824
828
2892
6186
240
2460
6428
16388
634
4842
2444
2564
4766
2356
1806
5100
386
256
2770
258764
8410
3566
1310714
7584
258
5160
2882
274
296
3324
1626
1204
374
1404
3048
3730
2288
1832
956
5764
1608
926
970
186416
610
1416
1430
91474
612
1668
730
4086
4722
268
1168
24128
3398
1458
1426
1942
2248
4012
6908
258
284936
9302
2018
4970
276
2792
263440
71632
68
4638
513160
5526
3652
1095920
975422
1628
2932
4826
2594
628
238
4896
337638
386
1064
1048
1560
4550
1606
68
4318
608
2888
278
6796
1404
372
144306
236
984
1842
1070
2388
734
846
3786
1437746
68
1994
2954
68
962
3360
6088
266
2018
9670
6626
878
2218
18676
1654
2030
704
272
18554
2184
31812
1554
1750
258
4576
433912
4496
3934
404
2080
246
3128
1260
1356
2103064
1668
810606
1466
162158
10146
246
2598
1392
16540
260
392
15238
2416
1210
2646
1298
3358
6498
3302
388
8890
2404
3040
3820
9046
2114
8698
70
582
179832
258
1144
1798
4242
1630
1800
964
412
1930
4368
3760
601622
2546
6900
1914
3634
1079084
3594
3232
284
296
764016
146756
2466
4398
9764
4278
975582
382
374
934
6600
2032
846
1116
15532
5122
268
3230
5152
6338
848
1488
390
1816880
250
1282
274
438
2416
4346
3316
9174
6742
1092
1066
2514
3266
4310
8332
964038
3488
5050
1867966
1236
143146
630
68
604
260
14386
5332
294
380
3828
2010
15040
5654
378
1560
6988
784
276
65380
1886
1196264
1806
2802
2152
133590
4312
866
850
5450
3184
40146
992234
1356
1884
581392
1450
869102
68
2478
1106
712
548380
268
260
298
3186
1102
247528
1176
598
762
3860
3176
2832
8572
432
2914
1104
5974
10378
2488
604
298
384
52416
5326
272
82926
5916
398
1306
3392
2536
3508
1100418
1230304
2316
233988
3154
266
2144
1806
112000
2978
604
1462
3062
5524
7780
2232
1068
52150
1950
1084
9252
1414
152284
1772
1964
2118
3540
1749202
264
3640
4394
2136
2534
2316
1842
1096
5576
274
50440
7636
1153122
5252
6026
268
5448
68
2838
2720
1428
1018
11962
392
4090
2224
734
1796
394
376
938
244
888
3344
6648
3642
236112
678888
68
1820
324102
1338
236
1146296
4916
4060
815074
1286
852
7210
1310
5444
6456
3258
846
256
125768
688
70
68
1286
3606
268
934906
2040
17600
1652
223840
2508
6944
41680
368
4246
260
380
112012
1006
2588
45740
276
5328
1816
1716276
1926
14406
179290
1354
1928
3338
7284
1222
256
2562
3040
1690
268
3658
270
248
5542
256
1604
6296
846
7512
2130994
5008
3214
1640
2004
988
599544
264
4376
1860
2930
874
490
1968
738
66904
740
300
3590
384
11138
3004
712
212802
240
1112
7720
4140
276
1630
3106
184590
5184
692
752
2754
376
447728
3902
233222
11602
608
2542
378
604
1122
4138
272
264
2030
4510
17274
2484
2316
726
2058
4380
5602
4126
1888
374
838
5434
606
1910
3138
1920
384
353244
242
2132
770
1530
2346
1942
388
1196
2212
5446
2704
15782
3544
1613346
2140
35432
3544
5744
1786
502
2808
68
68
1082
3936
774
1290
712
3270
2826
974
1414
1506
1098
1804
244
736
4858
4060
252
294630
1434
388
254
4986
2440
1466
252
4746
3922
1378
6846
3920
3092
3078
8706
68
2562
738
1312
886
366
4162
5516
2532
278
3384
2290
1792
3008
1864
1450
272
836
241548
4822
376
1188
5150
378
2110
1838
2526
4406
1589716
7424
3130
3484
1668
3740
