ffff:0:0:0:0:0:0:0:0:0:0:0:0:0:0:0: (total 16)
0 1 Thread 0 going to cpu 0
2 Thread 1 going to cpu 1
3 Thread 2 going to cpu 2
going to barrier (cpu 0)
going to barrier (cpu 1)
going to barrier (cpu 2)
4 Thread 3 going to cpu 3
5 going to barrier (cpu 3)
Thread 4 going to cpu 4
going to barrier (cpu 4)
6 Thread 5 going to cpu 5
7 going to barrier (cpu 5)
Thread 6 going to cpu 6
8 Thread 7 going to cpu 7
going to barrier (cpu 6)
going to barrier (cpu 7)
9 Thread 8 going to cpu 8
10 Thread 9 going to cpu 9
going to barrier (cpu 9)
11 Thread 10 going to cpu 10
going to barrier (cpu 10)
12 Thread 11 going to cpu 11
going to barrier (cpu 11)
13 Thread 12 going to cpu 12
going to barrier (cpu 12)
14 Thread 13 going to cpu 13
going to barrier (cpu 13)
15 Thread 14 going to cpu 14
Thread 15 going to cpu 15

cpu 16 cur 16
STARTING...
going to barrier (cpu 14)
going to barrier (cpu 8)
going to barrier (cpu 15)
STOPPING...
Duration      : 10000 (ms)
Acquisitions  : 3126989
258
1208
2662
1154
940
1378042
2060
912
366272
3086
828
1516
2170
242
10954
3584
1394
7150
4408
5788
2836
892
6964
1742
4948
16852
3394
916
6946
2112
2306
792
554
927820
3184
5300
49076
1192
1890782
1064870
1326
5672
550
1628
3668
944
2254
1150
1450
806
78012
672
2906
1622
2732
2342
374
2456
238
608
4862
5520
4034
1400
5288
2558
1484
33842
1124
1668
1202
258
3084
2076
2160
3830
2858
1448
6074
578
1130636
2590
3158
2242
3176
419972
5050
3116
4404
2556
1698
544
682
920
3044
11616
1780
2592
820
7288
4004
1706
262
8066
1110
2181552
268
674
14228
4800
1872
3290
228
274
786
5814
6522
400
1074
2678
3300
3206
508
1348
1376
1076
6044
792
4486
840
2814
848
3272
1586
2286
1036
390
274
129650
1026
1740
2908
4950
934
2198
2958
1840
566
240
2148
1026
9218
264
944
662
776
788
4004
4854
2086
2416
240
252
834
1610
3748
770
586
476
644938
2534
4100
6056
950
3698
589832
1140
2618
1236
1532
468
1964
139934
1598
2214
540
2618
1126220
1156
3206
214
2862
3200
1908
1554
3558
11460
1210
2252
2046
392
1014
2356
3588
240
3854
3338
2282
5470
45554
5422
4772
107116
258
1810
944
3334
2986
4996
252
4556
1978
924
18162
2412
5818
1822
3742
358
806
3248
2798
406
266
1288
6200
2676
1246
3506
940
7712
788
246
5212
252
2082
2534
830
6294
894
1650
5200
788
368
1628
2597626
1680
1360
1060
1764
816
1336
804
1980
1152
1240
1028
248
2640
1124
3550
2632
4440
2232
270
824
2380
4728
3872
1048
1582
2632
1844
11928
1934
530
4244
2322
531460
1766
2200
900
1256
1442
1066
798
1576
2356
4178
706
8414
2152
4880
350
2884
1536
256234
1618
1634
9632
2464
2094
1634
2992
1580
3324
7194
76310
862
1696
5508
1896
3700
5020018
2986
3266
3836
1036
2804
2810
8202
1908
3710
2966
1644
1772
654282
366
658
2354
940
572
254
686
3168
1822
4552
184072
1330
2816
1806
5360
5830
1084
8114
1046
950
1688
2758
2028
2114590
2026
4266
12418
1860
256
1700
4082
3146
4004
3418
2766
608
23852
2130346
212
3200
145786
810
3588
1512
3414
3644
3048
1370
1192
1038
4614
1566
3592
1592
564
270
236
3032
1030
2234
914
5444
2666
33784
370
2748
3314
685442
1866
260
2910
3554
1006
4130
27936
690
272
286
394
1780
440606
4714
242
4792
2152
1758
11746
3778
3446
4142
374
886
7114
1984
1695602
2390
9634
3374
578
5234
2694
492
696
2304
1300
4484
1186
5066
8036
820
904
571724
863016
938
227448
1421356
792
828
698
1720
250
488
6326
2730
3688
81264
1504
1494
256
288
3274
1160
2628
2588
894
3984
1118
2132
2286
378516
1396
682
10618
248
246
248
3862
1452
1412
3548
1408
900
1168
2852
5922
708
193458
842
1292
1664
3914
1002
384
4438
682
252
202700
163602
1240
1518
3690
306904
2516
800
1594
1062
419286
1870626
528
2628
8450
3484
248
240
2780
862
266
686
2380
3896
2168
3348
1802
3016
7978
244
3590
1738
378
2140
2532
94784
3496
456290
4226
9382
13032
2212
2052
8054
7298
1034
828
730
652
272
416528
1406
786
14750
1660
1240
934
2830
251118
388
770
2762
1854
8908
3242
4532
908
112564
1138
1266
2718
1670
2426
3716
6824
1840
3392
3848
544
1314
2786
2980
244
4028
580
1344
2476
284
542
2212
508
362
3906
1890
1506
1468
272
1628
712
944
1382
260
72718
704
5896
2286
610
1698
3508
978
6838
3592
5646
1308
4798
4080
2220
2600
1682
4132
604
2462
842
3394
1698
5676
5668
2518
7418
3432
3072
2334
4286
4784
4042
1122
1026
818
4848
240
1748
2272
6472
4504
5508
11890
3002
776616
718
4090
1416
380
3366
4384
3730
272
5220
1076
2172
2704
3070
5204
2956
2182
3680
710
7958
2252
2105762
2338
1170
248
1532
2282
752116
2806
1528
135466
954
1234
1226
1442
1064
2322
2630
2190
922
202172
908
1182
832
5754
1496
4404
546
1326
856
337994
1826
282
2386
708
3750
256
708
3474
4068
3078
1662
3022
2228
5332
838
708
1942
2838
2052
1610
356
7680
800
1858
417078
1382
258
19330
1622
1586
9596
2087242
656
668
776
648806
1218528
6678
5014
614
1380
656052
778
1114
744302
3550
3484
5544
542
272
5344
676
1158
1204
1482
1268
1268
674
2516
252
4198
128046
172432
930
232
4950
1534
844
2490
584
3366
1830
5666
1098
1306
1284
922
1070
986
2436
2350
668
1432
2826
392
1122
8580
2418
2492
5724
3002
9444
1938
1436
788
3146
384
764
670
1658
1392
3200
1976
570
2390
1509770
53376
370
4128
4554
926
544
2154
4168
1101198
630
2302
629944
666
2102
1576
228
516946
3700
368
3132
642444
240
276
3410
2588
1776
806
4282
3492
3906
3720
2218
6856
122320
2332
1758
2422
1982
3144
1532
1020
5354
1296
1484
1148
3668
6568
5818
1868534
4494
1748
980
2106
1590
1860
1016
2752
906
1126
536
1450
1754
2896
1052
3200
694
254
1630
1394
2008
3198
226676
922
1610
588
704
514
4536
990472
1374
1890
452052
3948
484792
1644
51236
835160
4066
2574
1454
272
3606
3450
2634
258
2396
2464
2318
1484406
1006
3068
708
3242
4574
776
5554
9018
1244
3222
774
4720
1536
3664
510
5604
2538
1680
5544
2722
2356
914
1236
3812
6010
3576
1850
3736
89530
1354
2102
2104
1146
2368
562
4282
2996
11898
6650
1908
544
1390
976
1256
734
1532
462
2410
1420
4936
544
8464
3524
2648
76590
274
3618
2524
1516
938
1828
286
912
5456
272
1964
254
3962
3070
1174
4810
1946
3756
802
3852
6980
1246
3432
2612
2778
600
384
1842
2054
3946
2178
1158
1392758
311824
534
270
221896
1030
2714
234
2494
782
4630
574
2256
4656
814
740286
3244
1116
4660
1462
1254
129346
1934
2650
72162
2006
6842
4834
1882
1440700
3030
1352
3204
833282
7150
5926
2786
4006
6766
3748
2134
1316834
246
4404
8752
924684
319072
716
3720
6828
8386
2392
1602
1006322
629072
13052
1075436
2122
1052
252
6142
1400
4026
5160
638
1030
2224
141648
450072
2160
7020
248
5380
2410
278
2978
385602
6378
3762
250
1830
5886
108454
1884
474
4906
3070
254
4508
5330
2762
4216
5014
4232
4722
2572
1538
14342
2402
6074
1946
8606
2310
6246
378
1416616
3118
4178
45600
147344
3016814
2096
6444
252
6440
138736
870018
704
1068
1248
1966
8208
619170
3304
66308
4614
1448260
22726
18302
258
818
2492
1998
4898
260
4456
2280
3073990
11124
4840
17470
1140
986
926424
5208
84874
6074
1447794
266
2296
2308
5976
3340
7852
8186
2356
936
3658
4174
5412
5436
2102
1290
686
1500646
1478
4072
5272
262
3616
4604
7072
256
916
1280
790
3236
374
3204
252
3176
7310
4940
7990
2694
1364
2538
2622
12326
1232
4814
9458
3138
762
11670
1322
2080
290
7528
542
2538
2420
3632
252
2062
1750
2404
1532
1250
2248
6246
3860
258
4576
1818
14668
1548
367306
808
294
250
662
1094
1256882
5422
262
7422
2132
258
1639446
2058
2954
108070
1984
1950
280
110900
4552
10024
1579644
2896224
8644
2706158
3309010
696
2876
4140
490
2768
3178
1182
4742
758
3198
2294
678
4136
370
3864
2076
3892096
4386
266
7298
624
164056
1034
930
252154
2352
14212
68
656
4940
1336
242
248
6174
1132
6158
4274
4932
6310
1272
42658
784
188970
678764
3280
10180
2744
7375208
1880
2028
902
5058
1168
250
1028
2444
5628
3610
11932
2248816
370
1362
1073846
9410
1368
615986
1048922
2046370
3178
5812
5044
5822
842
2561942
9068
5420
256
4226
1028
242
244
6888
4054
386
2276
240
2842
4722
4274
4398490
8138
2806
1758
881070
506
876
256
1256
264
266
1948
12646
1860
2196
252
1070006
3790
3328392
260
840
257396
2370
1036
12752
1966
3452
5982
262
500
7382
4346
4278
8534
770692
2914
272
4636
1218
5056
228934
1648
258
20160
14450
3324
6194
1194
6260
1390
1022
384
12048
4754
603032
1051214
12102
934
8600
70
1146080
3497508
32290
774
1614
2484
10204
9012
6460
1584
3370
68
752862
1508598
7116
7102
262
431434
222
1136
2342
1344
4610
4972
4556
1286
3394
13678
1197644
2236
366
2168
8274
1848
1786440
5576
4170
14372
498
374
3180
19236
14106
2703862
2154282
474606
244
2350
3858
616
19510
5232
544
1836
2070
1353682
2218
6150
409348
6582
304390
252
558580
11302
364
366
2874
2130
518642
13750
1406
5916
3166
1378284
1782
9642
1054
11988
266
2446
7460
5394
2190
1354
1517692
2078
414
1828
7904
1506
1202
5076
1744
3194
2238
510
5742
1359502
212102
5138
498
1712
256
2728
1000964
1606
2362
543438
934814
4062
244
1253352
57460
388
7728
80768
5570
392
1356
2871578
1766698
386
250
5752
500
3504
675622
8640
458084
356
2562
5742
249162
3186
2352
1347910
238
10190
254
2596
1654
238
2580
7550
34248
4830
21814
1636
13748
1703490
9360
3366
1398052
5148
5568
3170
3382
13134
2796
2640
5480
246
8744
8516
2782
5976
8666
2610
2332
6346
3176
2660
2116186
2260
545988
812
664
9078
6510
3350
311890
2356
2848
8838
2010
1776
946
4413766
9656
3982
1100798
250
774
5264
1116
3368
1480
250
42254
2432
724578
802
9890
384
5890
20158
3708
3876
3522
1786
5000
258
3420
370
2328
1496
2998
3176
6900
1102
264
290
514
494
12794
256
5696
1714
2146
1972
242
1168
548
6054
1926882
1838
6524
9788
4304
570588
1752
11282
4678
4042
837690
3048
4242
3040
283674
3208
1972
1672
4196
222
8972
2898
2418
248
3142
9502
2184
6932
260
3172298
3234
1196
1048442
1448
1454
1180522
735186
1496
3570
946
2388
382
1540
325056
1033660
258
662
1156
4340
2058
252
68
1160550
4386
394
671916
3106
4828
268
1138
6696
1478
1436
339956
339822
4616
2026
68
260
6336
14444
4980
12288
2565050
7072
1478
324090
16134
12100
684
1174
135752
6968
1658
3416
2106
2496
250
262
1680
282
2300
517998
1808
1643624
1029774
654
411798
9054
1252
1972
2488
1634572
262
3361690
2951950
2520
12238
4410
16962
2282
9220
766
372
3426
2922
3026
9410
171008
292356
3734
3608
378
3352
3460
924
1398
3042
254
2288
5884
398
242
496370
2722
5346
786
2458
2902
6924
262
1058
514
6187108
8386
954202
1167842
1556
4538
6010
2854
8192
4207528
248
2354
1430
5614
1041144
1994
1448
7018
4244
392
3698
2686
1286
22042
488
258
32126
1108332
1928
278978
792
2356
149300
6916
2766
668
1904
4932
4622
156052
5950
2131538
252
4006
958
1456
1608
217870
13080
10110
264
1550
2888
7224
7892
8340
4278
6004
1862
10398
2160
1319578
2336
3674
238
256
248
5368
1794
1788
262
1404
1132
250
5222660
8388
3176
5956
1614
16916
3980
7094
526
4134
6502
12296
86556
11002
992
8374
972
68
12026
674906
610380
1394
904
10186
586954
9956
1474
2014
1664
1258
2110
364
5160
2492
666
3376
740206
1088
904
1863814
1526
766
23606
616
1302
1884
3038
3410
3746
4916
8858
3866
768134
646
4817388
1846
1722
896
3796
4486
2050
848970
4640
6938
8742
12134
4738
3060
2876210
170736
230
2440
1392
92108
2322
280
388
3252
674
1728
386
512
2256
252
266
5300
2442468
288
1942
1696
5564
1644
3726
3190
2830
4482
254
278
2766
8432
1612354
70
1900
4108
4890
1080
2100
2172
331606
3921454
2180
998
8786
1495130
1290
340
68
68
994
11194
16114
263708
3592
3052
5272
9000
3616
494
7210
794
258
12350
2082
534832
4434
1168
1184
252
1775754
1616
1280
988
2821666
161656
2256716
1588
7210
1459344
2566
1960
254
2698960
23076
4886
1131118
5832
2276
8208
250
658
6292
25116
990
11918
1628
1506296
2478
17290
5612
12020
3902
1152
254
2356
4516
5692
3246
3000
8004
6698
250
284
2352
295884
12138
376
488
7438
1768
498974
6204
1704
66536
1055868
5520
1306
1398
3534
5144
814
1174
4169460
32628
8934
2270
6286
1872
4858
7864
12318
4292
4776
4448
9786
1464
5292
2388
5364
1254
4246
986
288
1792
250
10456
2792
97444
4840
2024
364
360
254
1724
1974
478
2482
5852
1353022
4061460
232
3517564
146876
3408
1114
1670
486
3068
1596
9488
11162
238
582
4014
1116
3456
1710
8330
1488
1438
1846
4848
1746
2282
4544
892
1522
4734
818
1052
640
2938
1834
4296
7248
1886
3524
5398
1100
1893562
582
8572
20752
3399674
508
826
14444
2234
256
1164
6664
460
3450
1402
272
9006
1020
1376
1400
1411716
266
2552
2670
6160
4792
1396
3518
1310
2156
1790
3964
327348
254
5626
250
1504
234
1132
5254
238
932
7364
959380
1148
1498
3134
242
846
3606
4656
240
250
4412
1706296
3178
7000
582
270690
5330
5690
342
1052
1040
862
1138
8766
5284
380
139202
4040
1762042
3956
6648
4792
258
3018
446138
522
1134
15056
260
1926642
4620
708
1798
1318
406294
1186
2424
449890
3516
1498
878052
3962266
4022
278
55846
9482
366
1406
244
258
735360
1182
2796
1174
248
1916096
8876
3168
1876
2042
260
2066
2322
4158780
66
66
6626
3280
2216
1666
4266
3912
848934
810
4472
246
2558
68
8464
3338
1040
3336
591742
4852
4645064
12746
1160
2574
502402
5216
1956
9658
248
8842
666
370
1913462
1654
1152952
2726
8842
2354
364690
1650
263242
4002
5312
12534
812092
2502
246
266
1990
61096
2006
5234
3936
161206
9140
1969694
258
1761776
3650
1482
1518
8186
228
131934
1120
1432
3966
5704
4040
1072
2924
234
5726
68
82
254
1594
3502
6160
4128
4880
879580
5348
2254
5026
246
3703162
5784
751250
9368
898
812
358
1558
2696
1911272
672
21000
2073132
788698
1282
244
5028
1607634
9472
1442
3020
247994
2550
6102
236
239840
1145696
2972
374
4534
173362
3920
3018
40276
400
112908
1045744
2991486
6972
5788
286
4276
9356
344
2100
2699000
15302
3726
256
1392
2182
2450
5570
3462
2332
3336
2096
4451490
3386
66
12100
1184
835064
2644
11326
2616
43338
1952
696
2220
248
266362
1018
6000
3722
372
250
1312
5516
478
702
238
2266
244
1977702
1403744
932
954388
724372
4246
3502
1492
528
6744
949518
1252
932
4156
264
2316
2754
1522
706
2560
5770
2392
1464
976
17176
156818
360576
256
222910
242
1344
2074
1388
254
970
9002
8812
13750
1976980
2728
804
8182
8430
840
2064
810
5896
392
132648
4094
15426
9070
5188
256
8042
4890
3800
1112700
3151892
398
254
10242
3472
1916
964
11604
61162
1010
107512
3254
2378
2642
3400
4054
3772
4394
1632
3046
386
886
3180
1894
234
3844
2495670
473876
3002282
4004
1900
3269022
2613962
2370
638732
2598
8314
6526
358
4402
360
242
2204
242
1060
3984
5236
5332
244
11548
5000
10816
4488
8668
3488
808080
273996
7092
13482
21260
864590
1168
2650
536
9034
2072
8154
254
1644
2274
4154
1630
1282
1560016
4844
364
13694
2030
484
2586
3902
5288
666924
16306
1547590
844
3638
256
9660
1076
2712
3462
5164
4080
5586
196180
244
382
956
3348
321640
11798
1838
588
9152
4692
910
3728
8658
2306
474398
12032
2040
2152
8072
2204
2180
6544
2876
7906
1816
1608
242
938
17302
258
1762570
242
1006
4412
4923590
5576
368
250
1530
2494
2642738
1256
3774
2606
1504
2862
1020
700
2230
1591850
614
250
1352
10376
254
3132
254
11500
1360
5876
466
2052
822508
3126
1734
1780
572
1934264
254
635766
3024
769248
6496
358
940
360
1120
1184
1450
2114
218
4474
1646
7560
7220
9450
1344
339652
5510
11128
696
2512
983208
3314
935488
1904
1869126
3312
5540
1778
11544
5878
638
1194
234
1454
871594
5180
548148
1907822
2018
1138
1690
5542
1866
246
1624
5796
1148268
700518
5258
1508
357666
1448
256
236
1556
3212
632
374
4118
4604
1146
246
356
4506
830
1644
360900
1626782
3470
3576
6436
295656
4374
1064
912916
2124
1178
3700
9842
362
4064
770158
2890
5784
180210
1178
376
13802
1944
1368
4170
1988
9058
5134
1827040
250
2996644
930
5028
2092
3872
1156
1254
246
8114
7652
10982
384
591834
910
10786
217584
6500
482
3818
4824
9146
2778
2356
5480
982
5700
1840
4826
40688
2660
3710
934
8606
7066
6944
1228516
172824
694
857928
2686
3586
1644
272872
3966
4132
6020
2284
3422
1186
3938
146890
2590
12644
526
2692
6394
2136
360
3554
12374
900
1803228
366
1296
4376
219622
390
3920
15534
518
1808
2370
1499048
8534
244
1614
1958
3754
1274
2956
860
6160
5278
256
4552
958
1678
1069224
254
252
702
12292
284
10616
1232660
2692
1404
394
192192
1040
2348
10846
6552
2690
7946
1276
594
1862
3066
2586
1207740
264
3176
282
1248
4412
18366
242
1682
1754
5098
1718
622
2638
6078
13610
3212
17178
5712
96064
4524
12458
4688
990
7220
246
7730
5134
10426
5260
6250
1754
1654
5924
352
3852
4956
474
4514
2842
14240
1272
1252
3214
4896386
3452
4004
12906
5684
4142
6096
248
916
8872788
847334
2599838
6834
66
10828
5028
1522
1062
1408
937428
630
244
260
5836
5685522
364
3580
9056
248
2268
3750
5098
4676400
3618
576
5094
1473558
264
2818
6546
5682
8376
68
4808
930
6170
486
1801626
722
4017746
6372
2782
584
11056
4792
301986
6422
2344
3462
10170
286976
4518
256
8248
2722
2454
996
6310
7568
410
1768
1362
519616
93862
3306
1062
1508048
68
15816
119834
3634
250
10520
376
4806
2578
839100
6272
1742
424
1463270
466
4476
254
5122
2326
2094
68
68
2936
248
115928
246
2016
356
3176
8162
3598
6146
204158
1186
1017424
4772
41076
4002
1026040
146436
68
5210
1354
4188
234
488
10826
9360
8724
4358
4788
3280
1760036
3478
1009178
2688
700
5142
3296
3826
8392
7538
252
737896
1376
791768
5748
684
4340
2201978
6238
1184624
252
9660
248
2138
1434
3114
4734294
260
2852
3636
1340
4624
5366
5406
6758
618764
521018
609858
3106
4566
2486
1154
7338
224
2030
1124
3494
694
10998
252
2038
380
1366716
8184
2187964
346
7528
8850
964650
11662
360
2880
244
250
6282
242
253544
370
6792
1095828
1044
8716
5530206
1810
260
3552
1842
528
1798
686496
5056
5324
780
398
2310
6810
4236
272
4634
1560
369902
4992
9216
402650
3716
6800
2538
1246
248
276
3094
325336
864
262
242
258
3498
6892
1664
3188
3866
2848
11116
788
4362
5318
4194
3376
316952
1918
2040
2118
832
3312
125430
340
9308
9218
2040
252
4776
275736
1362
1101680
252
256
3326
2866
662
252
493286
1798082
254
4736
68
1109252
684
2158700
704
5680
8900
3978
3764
569970
8488
5554
1594
670
2301404
7964
4780
768
3002
2064
19556
3074798
324550
2918
244
9770
4530
570
66
3824
3002
254
2710
906418
9672
386
4686
1240
1302
1056
3556
666
11502
4070
780
5598
1148
498
2312
5404
1563398
914
13714
254
3414
1160
855650
220594
4236
244
2722
3732
9100
2802
4964
534
1166
2064
3380
1976
3810
4510
2358
1406
8846
658
3908
3862
358
2394
680066
1299592
1698
244
10788
8106
6368
3548
894
8208
2026
3686
9288
3104
1248
8094
183996
1292
254
1450
384
15886
260904
68
1534618
1622600
1598
14022
1772
1944
2020
824
2440
4378
2496
1820
2118
13686
2058
4708
3634
3086
10784
2372
6198
1358
6628
1734212
70
2750
1706
268
7018
242
402
2846
2478
289594
1632
4102
2032
2972
694
374
1479786
244
3746
1740
6156
207124
5058
6880
1390
1256
268
2424
3498
614
3514
242
780
2944
2156
343852
7504
3588
384
250
238
12558
4058
3654936
260
3314
1897596
4883716
5342
903720
7968
2316
9396
5366
256
3788
8334
5034
3792
11846
1044
4118
2958
3564
1692
3364
864
258
358
1374
3730
5382
10600
5712
5014
4414
248
394
1708528
260
762
1986142
10354
1763452
2178
5138
10590
2722
1578060
926
6002
1474
1566
630076
2904
4730
2060
3312
252
1162
844
6926
388
3746
2794274
2772
66
330990
2742
262
280
28080
4920
10068
4176
1866
5314
2176802
708
260
1844
256
242
1312
12828
970
2730
6270
7772
1156
258
6118
258
7252
958
2956
1438
16070
940120
256
3038
5048
3268
3334
1570
5634
3866
57314
4556
3647894
1270962
1559202
9062
402694
1126
658
173960
1846
2894
550
392
10068
3340
380
3750
352
3438
4322
1362698
486
3436
2046060
544450
2946
815168
3484248
4960
10342
4408
3236
2743068
7726
2315824
1246
1394
934
3094
18076
2724
3472594
725268
68
5428
1754
68
68
2174
254
765878
1518
917202
66
72974
7726
9550
2220
4134
5586
760
6556
2316
4778
254
392
175406
5854
758
526
988
396
5324
680
672
68
394342
1822876
570
8488
666
3348
5750
1676
2482
6646
3558
256
9630
11542
3392
498618
12168
3636
1602
262
244
8522
1340
2454
1422
17948
11866
623234
563350
4602
5164
357828
3696
8230
2382
8122
2522
13988
640
4072
4176
3562
3616358
1022
260866
70
2052092
494
800
2664
8824
48002
759470
1852
890
4856
4418
153070
2377212
7908
1670
256
2960
2136
632680
3326
4758
1450
3874
2016
792
1898
3166
4974
277262
252
264
1138
4922
3430
6984
2266
1332572
8078
5077902
46962
284
12426
4920
256
3360562
2086
7242
1570
2792
1587306
1364256
3926
254
1458
2036
5500
10472
439906
384
3176
526
402
4772
912
4020530
908
1668
1932
1409336
1798016
548758
8048
1396
988
2960
2236
4008
256
3860
384
4048
276
195234
3167098
1370
406900
1846
1788
8828
780
1690
1250
1254
2924
5886
68
82
8904
4648
1472
2822
922
9000
3432
7326
258
924
1134150
5712
717550
9918
1864
1988
940
268
7902
8628
246
4580
1658
5778
256
20848
16702
1954
11158
6748
9618
11938
2826
10950
886
5628
5130
8897822
8980
4932
9512
262
1282
66
9184
358
380
1764
4964
4542
534
14574
68
4512
230640
984
2465734
1646
1138
806
2446
9294
534
846
668
16288
6826
888
7618
244
582302
242
4942
1318
7390
502
3446
7918
7876
3178
948212
1532
1132
6060
1318
1773402
1964
294
388
5534
1158
2702
6354
1270
3316
3864
8766
4480
1678
6334
2246
2252452
1428
4720
5074
42008
1478
68
648
334296
1135266
256
836830
2238
1506742
19796
23450
1376
3144
284
4848
2186
268
10202
4274
6044
2513338
2224
1034
1894148
898
6508
1548
59274
4590904
3523482
215682
1964
2559104
1835184
262
1052
5886
204110
74056
4554
10106
246
3684
5384
1260
838
1844
254
12794
1430238
1562
250
2340
4960
884
5346
256
1429840
1572
200892
17728
5276
446576
1162
5214
4968
3722
1532
4456
10384
7896
2918
6542
6518
1574
264
5176
10080
268
7332
6390
1730
3996
1122
572
268
1794
8442
3308
8830
9620
262
12662
1387680
1599242
254
3960
7112
5432
5664
252
5106
2628
3896
7994
9052
1742
8568
810
137666
8796
1586
4964
238
1160
1200
3924
2122
18786
3701238
2096
240
3025566
2496774
103656
468
4472
2630
4064
10296
1646720
23794
1985108
2248
3864
939244
3216
290
6943870
2608
11290
5545652
3362
242
9010
2308
4784
1964
7404
8842
3190
1806
7370
2396
1300
938
262
896
3794
4434
3880
3134
6292
264
2724000
5194
10982
1198
246
2912
5118
6044
378
4126
4574
4686
4288
10094
2054812
414712
1334
6728
5222226
2472
2396
382
12230
1476
1506552
3270
266
1270
3040
256
174788
6370
1016
1953842
1794
2996
618
614
1762
2626
254
13566
4754
2352
836164
2218
4006
10548
2938
2774
246
628
7562
9860
5394
2782
252
374
258
246
3204
9544
2184
3296
66
895768
250
4648
9466
10054
66
12648
4800
10016
1486730
1620
6292
2356
9664
66
68
13114
1730
2458
5202
13486
2174
402054
1898
1830
2838
1102
9630
252
4064
1364
398
6918
2668
396
1450
5998
2128
1840
3338
9356
898
364
1672
260
886
10418
9252
3888
1726
670
3982
14706
1160
2144
4310
2218
366
5502422
1029918
5236
1798
252
70
76
766
2044
3038
392
252
541566
5200
762418
5236
5890
2620756
264
11096
252
1626
3520
1330
1490
165050
4136
252
17834
1492
5038
1804
1572
563354
2590
2796
2466
1600
1396
68
7936
272244
3754
9060
250
5660
6372
68
528274
2548
682
7298
8310
4422
262
254
10696
1372
732
87512
5976
1050
978
2456
3418
254
690
392
5474
5650
1518
408222
280
1708
1086
3476
3846
2206
284
2128
1478
2040
1048
372052
992
932
2076
1142
1168788
1496
2338
296
1512
2082
394
2066
5182
1696
3858
9044
376
6802
4256
534
2274
5130
1082
270
676
1408
486
3644
1654
736
1002
1010
1644
1740
7870
1598
1250
1756
258
1780
274
256
2716
2550
2108
890
3094
2126
140750
359982
3744
556
3490
7822
602
2752
1038
4310
844
3330
2628
1652
3350
1302
2084
276
706
840
1666
1822
3916
5038
1600
1234
1156
4184
4528
3238
5060
1258
1310
3334
2086
4410
1654
1770
1800
6734
1788
982
490
1400
2528
3194
2428
670584
896
686
1582
4476
6478
1502
6718
1566
3466
1036
4122
700
7240
7762
2096
4334
2268
5090
752
5272
1534
256
2182
1148
1324
1042
394
2610
786
7986
816
834
686
708
6508
1323670
2146
1020
370958
1706
848
1642
7594
3698
694
2888
1044
3288
268868
5402
500
842
12872
2644
3864
274
3120
1532
4130
3780
2264
700
13058
1586
810
1742
1272
266
968
1100
2968
2684
3468
916
1398096
1012
914
2940
1588
778
1416
1568
564
1568
1432
2554
1370
706
1624
370
3924
4710
3710
5752
702
4848
5368
1408
2350
1072
1188
1640
2374
268
1240
596600
3372
1366
6962
1946
3034
2850
3458
288
12354
1584
1336
1400270
258
1368
17584
516
1024
942
784
1858
1780
3010
3134
2746
1796
2904
1228
392678
1964
845458
2494
806
1670
1437124
272
1774
962
3180
4010
4400
956
2502
2062
2060
690
828
1888
1898
798
2892
1802
1986
6830
7312
262
3548
2546
3742
1044
372
908
5458
1462
378
9150
980
842
2474
69456
2824
1272
3716
1352
4132
1230
1040
8186
2614
153176
3698
580
504698
940
1328
3474
904
1250
1926
3864
15482
1094
6152
1684
4556
258
2366
274
2618
3370
2422
280
388
916
5266
211754
388
2254
1142
4242
7356
3584
3588
2780
1138
3108
4590
2002
4378
1742
1046
1868
1550
5236
2412
2324
3124
928
2820
3046
708
1992
938
9326
264
264
698
5714
1281104
1103846
2782
380
3290
1368
807126
2706
5364
8560
2088
256
2082
960
712
3540
7544
3490
576
1178
872
2244
380
3268
1040
4100
4392
490
1096
2770
912842
856
702
156674
2574
260
614464
562
932
4576
7844
1458
1048
6074
268
1126880
266
1422
1878
98832
2448
4088
2606
656
270
2420
7382
2338
2390
2424
1438
240118
5854
3454
1168
894
2492
4824
2448
848
2152
3188
1434
668
492
924
2284
4588
1570
3126
2098
8174
260
270
3246
1548
1052
842
1574
4608
1482
3320
1570
372
1176
1066
292140
10156
2764
558
190078
896
4024
2146
270
5734
35782
382
424670
2912
2086
7124
3152
1598
378
6878
958
1310
7558
3864
1948
264
13422
2910
8190
910
848
269246
268
676
1031244
6590
2448
1748
1150
6122
2608
2910
3720
2310
3304
294
820
1714
2576
412598
392
1982
2260
3350
2284
1590
1916
700
10012
1098
2822
7184
2144
3518
2994
1956
732
5618
570
10022
1354
5140
1122296
9204
1238
246
1666
1296
1558
2030
2260
7974
1972
4712
2314
3324
5542
2802
2344
3724
368
824
384
2066
820
4920
14996
2410
425134
4972
4398
4732
2362
1142
1133546
270
1612
7296
653482
1414
496
816
5386
2306
1252
400
3238
486
80720
954
792
375930
2504
2302
2312
6784
10314
878
2596
1020
262
1838
776
6052
708
1014
2746
602
4746
682
5488
3980
7580
272
3834
1764
1082
1668
820
2364
1144
3370
804
4100
4100
1868306
3534
264
3152
2526
1404
1786
2682
3110
798
1224
2072
706
2616
968
1058
3006
406816
706
1604
1712
3538
708
3804
432
260
398
1932
848
2086
1370
1396
6902
5950
1172
2386
272
11252
3722
266
676
1036
2814
3480
398
2526228
1088
1254
1486
5592
2902
268
274
916
970
7168
1368
1026
1282
1394
3064
800
5388
5604
5754
1670
1364
1156
946456
802
2764
1292
5970
1628
2984
800
3500
1664
678982
1228
1052
5376
226
1516
4754
736
1220
568
560
278
5356
252
845624
3016
4302
2046
2448
1296
4334
4814
3594
908968
296
366
260
284
1006
670
3198
3132
10338
5174
2690
3106
1260
1320
8038
2524
908
12500
5748
680
1238
6544
3796
2900
3454
2842
4430
1074
946
6442
3558
1332
1716
250
700
1500
4402
886
2754
592
2552
1736
4964
1616
1086
3802
1232
1408
1070
4138
1864
608
1394
4234
604
1696
9366
1744
706
2284
12008
1424
1444
1010
584
1808
1026836
3206
878
1396
1020
3616
712
564
358432
254
286
3306
256
1436
726
10478
1166
976
1258
2062
3276
7776
264
5070
4004
1226
2050
4134
1392
2016
384
1120
2218
23212
2288
3452
1368
888
268
2244
3452
2154
1104
892
4422
2956
1676
1334
6786
796
2912
380164
2908
1528
1070
2570
620
292
972
998
996
1300
546
266
5308
1600
796
4860
1170
2782
254
1046
1268
2226
14768
6730
702
1724
788
836
3948
2332
842
4316
9022
1026
7298
5786
1314
254
3622
1908
2714
2984
2086
3980
1562
694
1360
3064
410
276
1128
860
3318
9014
1222
2120
3324
284
3592
2252
680
266
4186
1254
250
1136
8902
3700
1334
1186
5872
1004
3882
480
227902
792
1186146
262
3436
270
264
4716
228728
806
3994
1580074
2894
848
1732
4066
3746
2426
278
3522
3634
264
1570
1844
266
670
2376
1868
1654
666
1072
3190
2322
4132
1340
3506
7714
1268
590
666
2354
2446
568
3804
1052
990
4576
4106
280
1615842
2747510
2222
1702
2288
7712
782424
4304
298
1341938
3600
4104
3162
6076
1488
1180
1796
1356
3628
568
262
3904
3208
1548
1394
4394
2028
250
566
14474
2008
4078
268
11980
937720
3220
1604
684
574
422
4582
1918
666
10106
682
376
4164
1876
254
1029560
10204
290
994
1176
970
366
8278
956
826
246712
1492
968
1142
852
5856
4538
256
266
4606
262
3624
5508
2866
1462
1404502
1156368
2566
2722462
1056
598
258
8964
2164
3476
1334748
258
862190
13694
6604
2408
12602
16152
2116
688
700
2162
1026
5730
2712
7366
1668
844
662
386
2794
256
1651668
3668
1192
2010
392
246
1532
5469960
6934
5006
1658
11582
2754
542156
1480
4310
2262
1438
1322562
294
2248
1822
3570
3048
1636
7970
13130
2936
3278
1001526
1766
766
2020
4086
2564
4382
682
4348
550818
8186
3200
1534
3210
2894
2576
3462
670
1166
2828
214050
1222
2426
4730
2988
256
9858
1751552
11404
3716
4220
7216
1650126
4102
2122
4764
262
266
693412
1558
2968
8860
4374
5846
3094
5662
1284
264
7602
2036
4578
8508
3244
584
8046
1992
3732
264
676
377160
250
3512812
3948
1986
2738
827650
3274
924
6206
296
1795848
6084
1754
1934
15714
276
309042
1252
5198
2536
472654
5375136
356486
2678
1082
3358
618
3328
908
4080
4114
600
258
1540
1682
260
625772
143532
2744
378
5460
1038
714
330252
362
2694
7612
3314
2664
270
6260
6172
838
267762
1653576
10754
3764
3842
2227700
64966
10126
1824
8770
784
5120
3233518
1838
262
5402
12070
942
4920
258
32660
11082
984886
3696
4416
2620
1146224
9178
3362
3758
1963448
1130
9070
298
3104
1065028
262
2576
2720
20154
1846
1808
5456
1724
948
6080
1272
3764
1312
3428
1632
960910
5620
5456
2253114
16434
1876
2174
1012
2490
407050
2682
400
9184
5038
5278
501904
1101222
256
4004
4950
262
1336
8082
4538
1354
13736
3678
3762
975326
256
2032
1490360
5314
4098
2824
2134
286
2222
726
266
1614
1166
8288
5286
5634
6820
2780
5154
5904
59674
2548
4804
4264
538
1394
1658
4686
908
11624
1439066
68
558
932
5310
8300
424
1462
1456
8644
254
7992
2032
6804
5980
1044
272
1906
790
5798
1732
1364
4800
4414
2488
3804
1810
1236
3904
1816
3082
24190
15842
1310
27776
8696
502
1578
1720
2232
2330
9794
3546
366
404
1068
6490326
177882
3612
2254
259284
153914
3730
2288
11086
3417590
254
668
2960
7050
7284
3306
2012340
3580
4450
631622
3814
2942
7492
3644
9644
7244
3106
706
388
5090
2232
37104
2798
1152
1590
1179746
2936
384176
928
1369442
364
282
325222
6406
280
568
368
1050
250
13216
2261600
3892
1158
2450
288
5656
9882
248
706
1026
2872
2302320
1600
1385550
258
3442
1382918
3404
760
3226
3802
13388
2566
1121500
1588
5356
5952
276
3588
372
6948
3986
1952
1134
5766
1698
3036
11168
1478
3892
869662
2580
3078
5686
240
3764
1284
276
902
279936
5620
4276
3018
384
4254
1900
1897476
720
2112
1328
978
970
436716
5258
264
4168
258
2214544
233050
4442
1330
2148
2518
658
6892
908
256
3192
2640
8346
1392
570
256
410
3194
572
248
6642
1614
382
382
256
804
3132
786
7132
1284
260
4912
2924
1532
2940
1346
6106
248
2026
584
10592
240
2696
1532
7592
323518
262
258
946
4874
4090
2190
250
2704
1876
558
1280444
868
1964
66
4176
8014
17624
526
32778
2422
2808
1248
1870
2834
430
1420992
1564
5080
260
8448
294
1172
10298
2550
252
7340
1682
374
10404
1946
742
1748960
1434
268
2113666
8070
2162
1138
2688
8240
260
5268
378
7656
392
411540
1625116
323766
1538038
317890
9314
5040
1808
9732
532
274
662
3358
87890
656952
262
9256
282
3478
960
1886
380
1100192
6352
1474
393906
1646
570
762888
8696
16452
294
7806
2092
101820
1999680
3350
264
2454
268
397510
147568
3200
46192
2210
3886
1602
5404
654
4478
138176
7398
2162
1804
812
8998
388
380
16524
244
266
4564
129314
366
254
2758
354
5402
10482
4760
1786
928
1188470
2452
10738
3506
1092
242
2626
3372
3608
236
31616
3856902
3962
556
5450
266
899024
258
1168
254
11960
276
2496
2300
13282
10000
3086
2664126
1445762
3494
3546
5456
1776
244
4256
2578
1926
3716
8014
1510
432
262
663026
7290
304
1964
1239308
382
10374
844
1150
1032
8744
5934
3892
9320
5148
1274
2598
1616
7612
2273578
3406
1394
2410
376
4020
1187210
260
5050704
1714
2468
3228
258
5312
790
68
886
159238
642
4724
3066
1872
384
932018
250
814
54940
3564
256
260
238
249374
234146
1219384
2654
68
256
370
3050
3868
3230
38224
260
851098
7546
7200
17142
2566
6194
794574
6910
3966
4352
612
1468
674620
384
3276
3554
2214450
1915764
68
2482
12288
2843154
3602
1305524
1492
434842
3680
538868
1489004
4342
2360
378
1602
6824
454350
4250
1200
3060948
1896
574
6468
6030
1002610
232
2506
2816
1552396
2718
364
4672
1336
790
3964
1764
646674
11568
2788094
2326
2720
1010
3292
3886
7840
7894
10438
68
262
4066
3644
2862
3816
3716
4908
4540
246
140998
2780
2628
5294
11382
13610
1803744
3171002
8598
18394
428
254
3814
2160
2948160
4516
570
3314
246
1854034
4078
2042
924
1418
7458
5483980
6079782
1634
254
1758328
1090
6232
338698
10680
2726
1026
292
7162
5332
1508
11500
775628
978644
4304
11592
2754
572
4056
360
4853710
386300
8990
5472
1017780
4306
1254
7680
4276
155360
1150
1516
3030
3272
2174864
294934
244
378542
262
796
306240
1408
894386
990
2010
1206
256
1730
825010
7298
2600
2366
2794
384
3060
265276
10048
123662
5802
3584
4556160
404
1102
252
2828
1428
113978
5890
7350
1690
2046
2240
9180
4772
8542
10476
600148
7414
1286
404
562
3680
2498
260
3932
1378
182784
2262996
9208
1627580
583024
1360
2470
296
958332
4656
956
832
246
2260
8788
2018
5850
2548132
1126
256
246
2530
386
268
534
6024
270
1574
1884174
4268
69090
290038
228812
1346100
865158
70
1078
8496
1732
24386
2114
2140
8770
1080716
4390
3124
1890
1849192
438840
6588
4034846
840
1914472
2260
1732414
2066
3398
5050
6570
2272
2744
1004
4352
256
1638
2212
294
7002
2484
841686
8822
1180
7370
3810
4754
4320
1088
2034342
3998
5392
1510
6852
1372
708
296
2278
268
2242
744
2934626
1986
1142
6016
1050
536
3810
3314
13030
5188
2602
1200
4292
406
942
2694
6408
1306
5868
834
4410
3712
5724
4236
1432082
1606
572
298
2794
2610
2627028
384
57914
1710
5180
256
2738
5540
4210
2042
5562
254
3142
1490
11558
3010
3894
952
2904
874718
289672
3404
6636
3248
382440
4140
546
413876
326
376
4812
520460
5272
4518
222346
357302
6456
774288
3430
53878
3220
4942
2354
304114
1031858
1950
1008048
6150
68
2702
5304
4790
2030
828
1488
12310
2038
85646
1072
135628
268
4576
776
2948
5084
116990
7110
1778
382
3056610
358
2192
262
4648
1190
30634
4768
4822
2434
1010
15276
5996
2514528
1806
246
238
1342
1079544
4760
6188
18544
4620
68
6028
258
10744
1218
3204
1838
2458
368
1216
258
37968
4540262
1142
838
2434
5730
834
487084
8412
11618
1182
2606
3264
1074
810
252
2396
246
118794
3612
244
7608
242
7600
3362
674
718
563340
4984
5306
238
2202
8390
7706
6544
396
3854
9182
1488
2814
10396
6178
380
3238
6754
12598
246
504
2354
9078
3674
702
9716
2921350
2786
474
8722
584
3816
2306
250
4518
13186
2160
6612
602
9530
3152
3190
10224
1585420
2976
1059156
730
1954
20306
1038
8448
242
1612
1606
1040
5014
498
3362
9528
7670
10330
3746
4652
6274
702092
5666
9744
1798
2254
3112
702
7174
4662
2580
6992
2066
2064
5496
1982
278
8496
1296
8250
4062
11486
5780
3784
5762
296
2305564
1306
3848
6622
1590
432
5544
2962
1918
1738
8182
6574
598104
6854
9586
3314
1596
4098
812
6790
329790
1156
432
14226
47742
2750
1686
256
1268
1010
256
4210
112896
1538
1118
1610
1976
734
254
434
4020
9418
838
7476
8194
1348
614
256
2248
1358
1260
976
2066
1938
1856
1360
12456
3318
5124
3896
1000
1680
1552
5606
3262
246
1124
5804
250
7130
886
1187068
2156
2880
5514380
38860
3510
7868
3486
2436
5566
1092
1408
1528
9082
875526
5800
462866
244
14160
1038
3866
3010
256
2122
4788
30668
9472
9420
1976
2270
1030072
3582
2702
1558
2462
392
840
8204
838
240
264
5522
7546
4718
68
68
7456
15394
286740
250
2100
2922
2376
3342
370
2634
4208
492102
2137948
253526
13170
2450
984320
6920
5312
254
6824
298100
5056
262
4072
3736
1176
6884
318546
4964
3530
1194
8116
256
9666
254
15068
1908
504
711484
2452
1304
521034
188190
1350194
1268084
2538
5110
4350
1450
456310
5152
4024
6506
258
852
3322
258
5494
9492
398496
5380
9050
2052900
595662
978
458400
3666
2952
254
5250
256
296
348
474
1466
246
260
5174
386
2762
3872
2104
380
5546
7454
722
2080
1470
1542
3842
2834
376
485222
4204
718
584
35856
374
7512
8978
11348
3168
1984
3952
3594
1064
9394
1236
250
4366
380
6544
4072
1304
3770
3642
1260
982
2148
1078
3376
2655026
1860
1617026
282
4212
256
2414
7816
18862
10414
388
2460
4940
834
688
1580
5904
406
980
1642
254
1560
4810
2794
38462
2718
4124
426
10130
256
2670
1988
248
6076
11452
3208
4968
12314
5164
3162
790838
559284
10360
980
614
3948
7004
7636
1150
1620
4414
4208
252
5092
304470
1792
66
2482
1278
5222
1412
252
1988128
5858
1516
2454
842
4204
2026
758338
4908
2668
10946
5786
292
2574
2623526
3618
1482
8346
4438
6504
1378
248
4512126
240
6202
370
10936
9020
1227238
1012
6080
34750
589832
910
5898
2804
1612
5434
260
6114
148602
1046
600
5610
3328
2100
148346
8782
1528
4398
3854
1362
1188
6852
101676
1652
10160
5872
10412
1310
3532
3444
384
10142
5228
3372
4638
1110
3876
1136
926
1290
1046
5444
1399896
4320
5326
240
2784
6228
10312
4604
340674
814
2196
3268
3934
3160
1402658
2476118
3938
261022
1778
1984
2298
2928748
1896
3706
256
3266
4696
5798
1388
3358
256
5373328
6866
3326
1486
376
19288
8946
1582
2094
6404
1944
1490
165400
294
272
3570
798
5288
116876
4048
824
430
390
838448
47132
2564
6576
2105022
384
5242
400
258
1174
488
2302
3782
1882
1006
1270
378
508
2054
7276
2676
3034
5154
3428
836
10614
256
6880
1726
3202
12528
1594
1508
930
806
133882
1080
10850
1452
2702
4630
68
1280
3616
6560
6964
544
2558608
3066
1932
6446
4616
6984
217502
66
68
256
171666
2316
659612
11072
68
9352
2490
2000
3484
1944
6112
2340
69956
356
2600
8396
2328
258
284
3786394
11240
584
7860
760750
1678
2536
2224
6398
5220
7196
1046
14172
6312
4274
6438
7633764
3260
7130
2446
1668
1946
425884
4578
358
3991810
2702
1184
4954
380
1690
68
68
1450
1443024
2212
857910
4548
3352
10864
8560
1996
978
1850262
1928
478
5564
5270
3212
260
7490
6660
1500
2328
1872
3400
68
1819946
706
4698
4576
256
4992
258
495602
4350
4046
5870
1028
6936
17366
2802
2468
1028
733690
6666
1778
2518
3446
486592
686
7056
834
4850
2206662
4896
2708
1522
2524
2286
246
3092
9040
4942
1394
3524
9112
2400
1946428
3552
5554
5944
5712
2514
528
3610
1080
10238
295682
419770
2120
1120
3800
4410
68
3568
2944
1390
8172
260
1956
1309532
1936
3066
21706
7552
2044
807892
1148
1892
2494
4362
5900
1426
388366
14268
8102
4002
6490
242
17082
106064
10428
1804
812
612
1164
680
2638
251476
3676
1676
8472
924
726
450718
706
6444
240
16380
15502
758
157264
463392
558
312880
2466
4282
836
212556
23132
3458
3062
5694
244
3762
2464
4064
4122
6354
92892
2398
970
264
384
5090
1632
2028
416206
10848
943680
2352
16322
1984
1953436
298
217518
10270
6744
1386
4572
258
1664
5862
6862
2260
9468
3622
2622
1498
236
1944
2244
1879264
10444
2530
882194
2650
1738
834
1256
3068
4558
7188
4032
918
2246
1811662
920
1022
16830
3374
68
648
2166
3564
2134
1884
2030
1040
3078
264
252
266398
12986
4048
2640
145824
1286
1300
2595088
4764
3994
1694
2502
2606
796
9562
2416
4124
268
1414
1526
1190
6472
256
382
3008
2146
1728
1480
1244
3148
462676
7182
350
9394
4704
2030
5612
6376
2634
526
890
494
3684
1365506
372
2840
4246
4186
44628
2342
296294
3732
298906
2852
2346
1144022
9682
685830
756
2666
769718
7522
4310
4636
270
463302
842
4868
4204
2228700
1918
9644
1798
2788
5608
378
6460
68
249040
1766
422
282
4524
5144
3182
8254
131804
5118
11912
34804
6494
3814
577812
256
4790
11080
1642
1604
6728
1932
3866
1046416
1540
936
570
1066
6704
6110
294
244
3092
2924
6034
14012
2666
3836908
3046
12570
392
2424
7064
6084
2858394
6320
3758
785246
5700
6842
1896
5574
1720
962144
10322
6116
274
6444
246
1032
10210
2027900
628
268
274
1844
332
2250350
1087062
942
656
284
1814
1423910
2102
1480
4298
2156
2764
3866
6044
256
2348
5990
341298
372
9962
1412092
1388
1012
1892
260
1122
798
909112
3718
1586
2586
1044
5030
272
2058
11002
6998
5478
296
2006980
384
4698
5568
6462
3694
2446
7584
262
6788
729938
936
1308
2343126
392
12260
404656
1033970
7254
309902
3968
258
1848
721840
386
480
5416
5440
3082
3230
5098
781752
737044
856
4016
1672946
5046
5980
2126
8538
256
1026
2346548
4962
1614
8998
664
3106
2243848
3114
16674
1396
38020
3874
1963562
4882
366
998
1864
258
250
2882
14802
2930
68
4176
2886
270
2628
1242
1040
3038
5898
3308
5138
1254
1760
4194
1740
4164
89032
68
628
272
2768
1276
2746
3196
1963240
2250
2906
6606
382
1352
1381196
10948
3878
234468
1352
5790
2968
2480
68
938412
68
3112930
1198
8966
1618
238
1790
4454
690
6426
562082
2038
916
3686
370
91472
4118
5664
1740
6158
1524502
31240
7046
874306
403322
1186
2380
5266
1690
8216
671744
1018
7968
2518
68
2529732
268
2518404
4502
5042
7076
5258
5588
4548
7868
20084
4172
1078
7702
3176
380
14074
1414
6530
1256
878
3446
6642
1622
4184
7232
864
158224
4258
2516438
3470
1430
1521826
1014
1388
10780
12100
386
4556
1344
170566
2362
3918
8150
12050
836
66
2240
250
7362
8640
274
3882
1710
404230
3568
2978
256
1359690
1474392
4904
2000
388
1446
2732
2494
2068
3660
1646278
2280
3732
1816
6098
2636
399118
2849100
6046
230
806756
7450
2978
1942
8454
3608
4024
2262038
8052
1842
294
2450
10200
9002
7702
4690
166202
3998
1968
9628
2026
5696
1398
66
10842114
2408
6324
4875482
390
3176
1120248
1913490
2462
7708
1890682
3204
1490
2302
376
2704
66
5266
3492
1470
5688
566
4022
1246
382
5262
11048
2864
780
1291012
764
3904
8392
5044
4688
1162
2976
4276
534
1730
524
2162
258
280
5118
3108410
6028
262
1910
7082
2694
5771386
9894
1264
2990
942
982656
241338
5242
12222
2078974
68
4522
3894
1784
5510
2580
4094
428
2222922
788
3214
1998
34926
14392
2696
6340
3672
246
3880
298
1654
392
1925592
1739248
5358
158824
8484
1728
4794
2506
4254
2870
4368
8878
262
8394
8778
634176
15808
7620
7166
1706
4768
772
8270
3772
2792
2332
3652
258
5223644
1514
2378
5626
6286
2692
1088976
1664
514
2460
2082
66
68
5064
3030
1038
2020
3028
368
266
5512
4294
942
256
23792
3034
13436
2654
5350
1828
230114
262
254
1006
11008
6122
3666
1656
3571154
4790
3932
701606
3177516
19092
2764
3820
4636
4150
1416
665884
746
2388346
2206
10268
2346
708
1718
1144
5350
4490
1392
368
2997198
2584
1788
14758
1938
4682
7818
11994
2338
702
604322
1320
4716
9292
80246
1620
2370
278
3762
268
1156
3832
1460
1394
593470
3850
725500
5576
2194
2320
6222
851988
906
10338
244
4064
7364
560
284058
1735136
5528
680512
2958
157072
15768
3296
847808
68
75896
7628
32962
994
9580
378
11690
1626
36578
896954
88440
4334166
5822
2368966
298
3822
66
2890
424908
2419068
1670
1424
3346
7488
818
1534
1748
1780
3982612
1410
2792
1024
1138
1914
254
4314
2696
4126
70
238674
5432
3398
294
3490
1824
6746
5296
5140
3634
1444
381562
258
4834
3500
2166
5478
382
258
296
3652
7854
2712
1326
6232
1264
844
80
4790
2862
390
10174
290
3228
1304
3686
264
3754
258
5890
10686
759704
4840
2089664
4322
3712
2730
804
416
3104
371202
5830
11036
502
390
1232
1824
2022
1016
6348
2074
4598
647948
6338
3226
1850
13622
16806
3350
4336
1352128
1302858
8366
79136
3180
3048
2560
3504312
5512
5440
894
1754
200398
258
1044
4392
510
11894
5698
4294
254
1614
1002
5004
1588
5180
720238
2230
1126
6608
2924
15460
4134
1624
2924
5282
6884
1778818
7536
11216
7387704
2408
306132
3846
5524
4396
980
3062
5750
159168
2882
3548
3310
1384
107206
3627980
4718
2002162
266
344
552
392
1790
3324
782262
72710
18378
1926904
4504
3302
1123992
894874
809262
4012984
7594
248
2508
260364
294
3082
260
146936
2766
1318538
1866
781706
3664
2281712
4522
250
611792
2350
13756
4800
8040
4924
6000
2490
21722
258
980
4420
5588
3714
4152
1636
12546
4826
1312
16686
9700
4196
68
525960
2196
457870
1646
7648
704
184646
252
390
2276
3524224
1780
2370
602
378
3210
1502
4460
1044
461018
3090
6788
6472
4822
1298
103592
1490
9394
3610
886
8798
8718
4964
4186
1448508
1740
2364
4714
2471184
4454
476444
1512
6740
7956
6828
2454
5234
818168
4957728
378
7098
2172
5318
4860
413188
264
68
68
11006
16554
3990
2792
11274
263364
9374
6146
2894
9986
1017022
1311774
2858
7002
1582
4849454
4962
2650
10766
502
10218
816502
4114
3488
2966
256
256
3620
2940236
420
5020
2785602
676
7332
358
3972
792
68
66
6410
10302
57480
2752
1736
5998
944
2186
2840
5628
4920
2974
250
246
4548
3550
288
662
1580
796
2813044
48146
6356
3632
1628
3700
118082
814942
6474
8766
1668
21806
3724
2224
1038
2026
7534
8116
1846
10262
223378
490
1032
932
4208
1450
3810
262
262
1248
12330
487568
162908
5306
68
66
4034
1890
8786
384
283500
8242
344922
7856
2540
258
127252
500
61112
252
2716
1268242
646
4660
1136
1044
637762
318388
3224
2396
258
2308
4186
1650
2868
9416
8328
6264
1772
10130
408
1374
388
11974
4346
502
2278
1134
5592
3350
1000
812
2810
678
1108
1020
3834
1496
1317340
1892
5228
374
4522
1812
1264
472742
1630
566
2056
610
1376
2376
295916
1240
546662
902
1164
15172
230
802
1650
242
392
2648
554
1752
1070
4078
6816
814
42684
1390
384
5134
1738246
676
3800
3542
1822
5298
564
4016
2224830
1580
945758
1260
506
9650
711654
1065986
518
370974
266
1990
17556
904
1065134
278
4116
662
1002
2492
298860
9078
1296
1904
268
1162
278
1428
1528
1054
3028
1660
2136
382
1570
1416
2984
2030588
713692
666
1258
602190
1156
1618
816
4088
4178
1188466
36698
1004
31908
1401600
1030634
3418
390
696
1618
1232
1878
1317522
3498
532
5594
3108
2346
786
2864
2968
234
878
158556
3054
2860
7832
2714
52460
1726
528
2386
1390
1118
1576
930
5214
5516
1380
280
1348
1050
350
532
4542
5592
888
1322
4088
2910
1976
790
372
280
3292
870
2940
794
1868
1680
1442
3264
248
769216
604
422
2130
1250
2186
2362
1996
1120
234
8394
712
4904
602
368
5474
254234
2340172
4316
500
1682
1110
572
690
246
976
3408
1694
663874
1822212
2246
383348
2692
3088
2140
232
798
636
5326
228
532
96370
1360
5516
710
772
1548
8642
2066
2402
3200
2540
1754
1010
8888
604
4200
972
279746
1126
579816
5228
996
433330
4276
5438
1168
909756
4792
238
1026
5310
1301384
588222
1280
1002
1928
1888
127566
819460
650
3336
235696
1302
267548
9126
2546
2354
1592
802
351608
124250
3466
7896
42816
3264
2244
3450
2474
2996
3548
242
2522
1202
1154
4590
492
1664
40740
1154
2111802
528
1976
2634
574
1162
1750
242
516
1138
5686
1916
1398
2080
1208
1008
496
2964
1256326
3714
930384
4170
874
1306
3486
9160
2554
246
663010
1120
936518
3626
4004
3114
2428
1678
2022
1042
2882
3170
2526
5804
832
2164
846
1898
4542
106726
812
4048
1210
12366
3260
1572
2332
1972
1888
188048
4104
5140
11138
1178
2758
1394550
658
680062
278
1458
321196
1264
1644
238
910
810
1478
260
893926
242
4368
4818
449596
3062
2186
10382
2086
1356
1128
472
518
410958
815214
2270
2122
1544
1600
2510
4852
5218
123844
526488
1351880
10478
710
41054
1118788
520
3780
1044
334512
1770
4386
4288
101036
352718
1904
282
3856
3950
774
773144
870
165522
657974
1082
2900
3014
2022
2106
2710
2820916
8986
417996
613732
173148
242
1254
1682
2436
6486
583912
2488118
2584
1502
119458
3892
1972110
2734
7900
966
4608
376
4006
1446
376
268
1216
9192
2604
262
248
2690
9788
948
2320
139706
2080
3414
2134
564280
283982
696
1234
918
1564
285940
3148
620242
1428
5084
510
1012
4596
547872
2272
680
765768
788
706874
1106
1830
830
97838
4670
5128
1289574
7756
1566
2596
2110
4026
558
552
3854
1780
6058
244
179872
6052
1708
904
3410
2910
7126
520
1258
3202
1828
638
3194
1688
1232
3726
280
792
1614
9158
242
276462
1082818
1404
652
1432
4872
2414
990
3992
106812
2054
1692
540
526
5560
668352
175774
670
2152
4160
458290
1524
6098
3982
2384
886
128042
2632
2110
1830
2004
2684
1518
936
3008
678
3100
18412
2684
574
282766
2630
528046
530
4928
1764
2448
5892
2118
2184
3074
1504
2016
5606
1492
4648
258
1634
210462
234
2346
320174
2080
1192
926
1144
534
569050
984
8160
3158
2470
104814
4264
2586
1122
878020
2652
3246578
64326
250
1756720
1580
248
1442
248
85296
4344
970
236
1178
876
1510
3536
386
3616
2980
2630
1692
1400858
60040
2070
168254
505794
6126
982
1392
254
1700
4730
1010
242
872
4642
1068018
709088
384918
6494
3996
3250
2954
2553946
656
349168
562
2224
2816
1050
196076
323902
2436
244
794
5446
922
2454
4388
2606
3806
1258
2952
232
358
1978
4704
1920120
320762
499750
706
888
364
2368
10018
141928
272384
480050
1340
2304
1454
115400
1386
360626
114772
352
1806
1528
4094
5632
1329760
3102
1992
4328
348326
554
2726
1044
3052
9190
540
244
1954
62462
1044
4810
372
2054
1774
908
284
1412
1936
4164
1308
3906116
2906
2238460
139780
682
252
706
1554
561674
2948
1566
2716
1946
538832
4076
822072
9032
614
780
806
7602
2942
5530
6284
1520
570
572
1278
382
4104
2188
786
3168
996
6478
504
4850
6608
1354
1960
434012
1420
215192
7200
4984
3278
5722
5282
1136
2896
1486
3352
654
6332
1016
1198
2072
776
121626
1242
2448
5390
3632
2268
14654
142602
35158
1920
1518
2098
2484
844506
1836966
9320
7258
1190
929856
2230
358
824
65170
1430
1764
1565606
902
1038
2888
1334
2302
1082
708
4952
876
798
1594
544
1524
1516
2130
2686
4386
278
794
230
476
5088
1620
408866
4450
352
2860
274
2492
3244
284660
2904
1978
1552
19462
1843534
882
544
780
916
5306
2814
2520
808
2786
2934
230
3186
1892
270
1536
1190
532
3444
1098
253982
240
1172
4810
4138
4114
1194646
1078
342950
2392
896
260
1052
6410
284718
2192
2310
384
203000
1170
258
178384
1590
1008
669262
1584
74358
816
550
654
670
260226
573202
4102
2160
1284
1714
417102
2572
453922
2318
556
2942
311006
1332
2792
340870
1148
3588
998
954
150094
3322
1022
1066082
2772
1260
258
576314
13366
1352
898
2300
238
1840
228
684
647424
740664
337492
798
2004
738596
210968
376
1732
536
18058
204724
2220
1222
7786
936
3004
384
10138
280
3880
3586
3180
2026
540
4666
3962
2644
1630
603404
2234
1280
4568
228
1451404
4220
876032
668
900
427262
2920
502782
61970
7426
8658
1754
384
908
2584
5238
2432
257570
3108
2494
1850
174072
7422
6944
296236
3628
498
3390
770
86544
1778
542
370860
1228
698412
3562
902
8044
1138
119194
726
1350
234
2018
250
1492
1024
852
570
690
57388
3456
1338
42030
3906
1166
2140
521652
1496
244
1998
1150
3192
704670
250
2350
7134
1568
3068
552
1612
2456
5568
2104
266
6790
85076
1854
74884
639430
688
958
7074
1506
1170
486578
680
842
234126
6690
538
12740
1390
2998
798
3906
4814
4712
5156
2954
10630
1392
1226
248
2204
5598
3416
526
1290
7240
1178
666
8060
1131714
2354
12440
706
386
4630
9668
3752
9680
6258
7994
4312
343006
6690
1882
2302
1260
258
8308
1740
568
3378
1700
3654
792
700
3922
1644
7986
2390
392
254
1374
8164
5204
3866
215856
498
4048
5428
552788
4474
8604
854
814
2514
1105988
7736
1566
1520
1062
11328
33096
2574
2210
273536
68
666
4318
1944
593030
8806
11698
1740
3290
252
2488114
580
2548
5680
2740
443378
1154
24230
2288
278
3756
1288
94806
1880
8770
3988
6134
6296
1144
5926
7038
109246
1269710
4442
10632
494
702
252790
3974020
4144
252
569182
1816
678
248
248
986
9836
250
252
1279276
1644
2502770
6904
6248
258
6310
14764
5010
252
1278
1182
7288
2090
262
4728
644
8476
4034
6446
390
2304
1346
4640
2934
1858668
1858
1678
1318
1910
2094
8618
1122
260
4406
4736
2274
7138
6986
1836
1392
680
4942
1778
266
1140
382
2594
609464
1322
2606
3298
378
3470
66
9360
262
1982900
5712
5612
2826
1259052
4652
724888
246
2948
315450
252
1872578
2496
1480
9902
1754
1808
4038
4014
252
5610
3492
2190
4962
5292
526
4376
264
2132
1768
1034
674
5654
2218
1482
694
384
1578
2162
806006
5380
6306
695498
10508
1322
3370
1716
15024
770374
2318
4626
9924
4548
7690
845772
260
2894
3206
2010
396
13442
99266
1908
1634
3450
918712
4654
4428
10654
382
7838
353768
4256
2540
10716
491930
1184
2162
538
368
2444
238
4058
364550
1956
258
1372
750
4960
3944
11848
4492
250
2252
2566
3108
4412
1403008
3594
3290
2101414
1884
250
1746
3174
1146
717156
8548
254
268
7038
3702
246
4868
2994
5504
3588
2004
1182
1854
1302
260
684
4670
924
3382
3326
1856
3844
250
7452
1547842
4544
1025108
7650
2510
7366
558636
1260
1746
9204
8808
1618
392
1530
10864
6746
8888
262
3182572
2344
4198
5780
3280
11878
1982
50840
254
3806
944
5368
3208
926
7138
264
1140464
2648
8038
2806
1254
153876
960
1030
3608
1376
3074
1571686
524
2348500
2954
4124664
260
7552
264
7184
6340
11476
7230
3084
4356
3514
6500
4476
1360
4776
5066
2212986
1246
4120
722
252
920
2000
4550
382
260
1778252
2862
2362
484
5926
15702
3114
1666
1632
1256
9600
5190
1548
954
268
1020
1562
2960
9166
5240900
1144
3984
6780
248
245802
3254
1336210
931214
4666
506
530
5804
778
6076
448
1850470
3100
19714
1622
5854
250
3752
1792764
3538528
2152728
394
1576
8264
7348
542
2374
2280
258
9408
3090
2790
3440
2520
1680
7816
3806
957906
2130
902
3544
242
5566
2410
2896
2374
7492
5122
7496
244
1296
1625764
502
654
258
660
2102
1952
930
248
676490
7268
2914
250
744682
68
1534
494
10316
244
3710
5714
712
264
2124730
798
262
4550
3262
6526
2356
370
3500956
5512
4878
4909908
4642
2922
5376
5366
4766
415872
2252
2282
251540
3012
290
2228
1160
282
1392
780
278
2066
11102
6646
266
4484
921840
2044
764
251206
1098030
6402
5100
5642
5760
520
2256
1711240
5560
680
3724
4760
1220
6062
1486
3968
4264
4774
250
264
260
6080
2382
2958
3178
4908
14300
1572
8276
27844
16612
7412
7632
5830
1270
1530
13448
4478
3100
691444
1722
8374
268
1170
2668
5924
3090
1750
1044
11956
3022
4768
1304
1800
10888
418
1632
3920
3032
4938
1960
248
5072
3904
262
2674
2438
1808
254
5038
10764
2138
696
252
2046
5250
2679672
4162
656
676
1828
2694174
4310
250
3978
368
292246
1756
3358
2134
364
8008
784464
9706
2804504
4570
1902
1449750
3456
3452
2138
6408
3574
882
4660
2654
4122
9786
264
13040
2902
20854
5124
1436
5838
1328
370
2397186
246
1984
879664
1748
492
5556266
5272
288
4964
558
6064
242
5762
2082
6938
1688
6114
1514
692
18190
1932
7446
3498
254
3330
10178
250
1310
1745408
1730
256
8610
1686
5024
536
833854
1504
1148500
652
2676
1170
5452
530
7872
16216
1072
2646
912
386
268
2140
1198
246
258
3346
4616
4770
5994
8480
4516
2928
8476
978
250
1730
5662
1179674
802
1254
502
3864
242
254
1600
258
2684
1356
856976
3910
1020
4220
246
782
2842
1792
9338
2936
770
7678
117104
68
68
2310
1660
3730
1476
6886
3412
1412
2898
8090
6474
1098
708
2828
938
2952
2528
258
13088
3206
380
5418
248
2354
1006
7978
2056
2988
13060
7658
250
7214
262
2782
4550
254
1482
2062
1824
2598
1392
7423690
11174
4162
372
4668
2801122
4888
1092
1294024
622
140328
242
687016
1534
944
13172
624
1760706
5392
252
15158
792
1118
802
5590
378
1342
2570
89324
678
770
68554
1152
5376
2849404
256
4668
1720
8238
1702
7616
6088
2002
2895594
1720
12130
8128
1394
254
6662
4744
166940
4990
10334
366
252
288
6800
7450
388
380
9026
768
548
6956
500
364
247876
252
372
3288
983082
7346
478
1611064
3038
1490
735080
1002
3717380
980
1866
3042
1888940
3484
6744
4410
677348
376
252
258
1048
437250
788
4280
788
1020
374
165354
3986
1218
5222
446470
412
6864
1328
254
3754
7296
504
1780
424
1772
9732
99172
11472
235002
636
812
242
3042
1272
368
1068
4736
5196
13630
2922
258
4412
4548
1774
1820
874
4734
6024
808
1412
1166
3637968
3752
9434
1792
1954
18372
16682
256
240
6120
5594
252
3008
1430
548
2816
792
2634
1132
2584
3210
2676
2042
108796
138516
12060
1152
3922
2180
2892
2114
320662
10958
1488
3758
660
742
1766
623042
2988
11738
6238
3948
3864
982
246
664
3234
1230
1060
6614
984
250
6958
236
2097616
260
2706
250
60480
6760
3120
9272
786
986
686
147622
254
1979880
4048
5420
13908
4034
9240
1024220
4408
2408
1846
5064
5132
1140
3679624
14204
5504
3756
14080
3562
5910
9994
3420
5822
608
130724
8914
1856
4994
246
3052
1965170
6480
246
246
686
1320
5060
2110
2180
3950
13216
875762
10486
2340
3316
4526
9500
1866
2098
3234
4136
3054
1794
153114
1168
472
1070
2356
2135038
4980
3360
664
682
370
4206
409436
1043202
368
8508
8202
5538
954
3882
2684
2010
1480
2336
2708
5044
2680
5714
3636
1860296
7010
2332
2170
1570
842
7360
4570
1458
1294992
442742
236
1288
4118
6694
10976
63816
254
2822
6474
1452814
26662
4850
1060
8546
960538
2154
461912
240
248
711432
5638
5078
9488
3106
806
3313624
2404
8252
68
6446
614
13936
2480
2654
1266
3074
2380
396
6280
6458
3500
1450
246
12670
3848
10550
4982
226
3204
4178
3860
4808
1520
173076
4940
7646
242
1786
2728
4038
1039844
248
368
2046
8860
244
5088
2382
490794
2414
376
7082
8194
8222
1592
6870
6768
236
244
1948
3830
2620
254
4204
8584
2982
256
2206
4352
8018
7888
2900
244
478
638152
356
6588
1398
244
1078
3180
1346
260
252
1186298
8426
2388
146676
7136
6454
770
1088
57256
15320
4752
2378
7550
248
461000
926
1546
817202
2012
3692
68
4488
226
244
1680
7004
9352
2784
520
484
796
274
174306
777664
2459952
7214
8176
2766
728
2676
1204876
2166
926
4382
4108
527560
778
234
3094
258
1293718
16794
9980
3726
8740
276
5332
10810
2790
1508
2832
4715334
700
4226
856
234
1120
683294
252
9566
5518
9140
735754
238
14340
2342
2302934
358
380
1160
11140
2602
1250
4142
252
1042
7108
1366
3708
1202
244
4116
946
63168
500
238
1068
6128
1255762
4156
240
3906
5396
2026
244
900438
16372
12322
3870
11156
2806620
4835310
6244
1860
280
713860
14186
1996
348
392
3370
382
376
10292
1126270
1090
8760
33844
5490
3608
285642
250
1508118
1698610
17040
6408
1148
9954
5386
2399006
11772
10778
3918
256
2714
249774
5608
1056
11124
21862
802
1772060
690
3736
3418
1440
254
434174
5420
4806
4472
676976
4534
4044
3990
1074
8350
1164
4592
5204
4376
248
1486
2158
1104
3890
256
3106334
240
3928020
690
5796
2250
4886
236
48498
3890
747108
1656
3578146
2072
119586
14140
806
3940
7178
4828
14082
3680
1914
1364
7444
6788
168624
1052
274194
5846
2894
7314
4362
132928
85292
243916
5298
3330
1471454
932
10802
2342
610096
490332
804
6580
2438
2822
922
830
410
4850176
2111798
4840
2455730
6640
188722
330024
1876
2768
2506
4220
1340
6582058
712
1060262
3972
1151942
5250
3976
1270
240
1496
2696
1725702
3986
1502
232
2852
3696
278
372
778872
72
68
713566
2261568
70216
3578
236
1738
4274
1286
2268
2252436
3294
2148
252
1569994
2288
1349440
374
1040
272
254
792
392
2084
3750
1350
9796
296
3794
4984
5090
921514
1004
3020
13306
2218
1626
2606
3156
376
1944
4634
8268
4280
2046
7338
38286
266
2159418
1679224
3856
3786
600
1010
1050876
1146
8434
336002
246
2492
1020
4322
4206
8786
8874
256
1297448
3774
3274
4998
1884782
366
1696
902
887652
1738
1146
1230
244
518
1896
486
3448
76746
478
2966
4380
250
722
7720
72
76
2173266
73864
6336
4498
522020
3950
1172
1844
3516
68
13408
2410
18300
1060
874
2920
1286
4648
3812
5734
920
3826
5872
6990
1151008
1444
4350
3434
746
93896
2830
258
380452
1766
7602
4602
250
926
1596
68
3194
8616
13800
954
2712
248
1742
624
246
2260
7108
3674
2054
2068684
4822
2478
1321686
3884
244
3518
1134
5290
2492
15822
1210
1150
1316268
3930
4962
5864
1510
4238
244
7430
3818
5232
10834
3528
1162226
1714
509374
2774324
250
4352
3756
24246
2296
562
7478
1338
9558
3496
402620
3688
384
566
3790
3160
1125054
5000
6704
3482
578
777608
1440
1920
169060
250
5348
802
1778
5260
9444
2186
232070
2332
1836
2318
426926
2768
4964
1800
362
3132
5508
585304
372
7364
1346
4842
4723264
4052
1168
4888
3510
248
596
422082
81112
244
2420
1220
236
238
3776
1124
348
1076612
366
372
1578
278
20158
263278
5342
28096
1716
10820
6344
2951150
3178
68
12104
3090
3454
475320
86228
2906
4594
1184
2178
140914
368
236
1244
4862156
59640
1622
236
1756
4446
2148
1705608
6916
1258
14924
14622
3760
2584
1414
372
4572
3446
262
2646
4718
14492
8510
1208234
1846
6146
1208
7466
1640
8937762
7038
9892
7154
1578700
6184
449298
628
4814
848780
612
2822842
115900
6922
703298
6474
13746
2446
376
4434
6329286
230
700162
2066
70
10780
364
1468
2764
3712
818
246
244
286884
3136
1024
1658
4652
7020
10452
248
1510
244
4776
1066930
4150
548966
1790
5842
1108
242
4176
42272
2220
250
4466
1915442
2170
264
13302
5596
31630
14198
698
564842
4648
6280
44764
2910084
240
4650
1540
6740
10866
3716
244222
169200
476
5532
416
464188
6810
916292
4660
734
4712
6140
6254
7018
1014
1154814
4236
5106
69698
2362
270
1736
242
2012202
1451522
1264
7776
1161936
368
14416
1654
7520
3856
7328
3274
678
2628
1112
1744
390288
1796
1632
9780
370
565908
4160
5128
574498
1325304
1734
109100
1584
721772
1260
5522
1934
5514
703706
356766
2718
4230
686
244
1846
2944
34508
444760
3586
1370
8144
3490
828
6896
5792
2938
1254
260426
360
6748
66
68
274
4440
3714
2477932
238
3478
65578
6632
5252
3662
1050
7338
7406
7108
8444
530
378
274
358
3334334
1087038
10890
1562484
244
4116
256
2228528
9914
4844
7446
2024
1316
1922492
2700
1360
3524
1552744
2863986
5020
4996
2886
3160
5348
1604
740
7722
1508
244
2606
7828
512
68
68
236
236
5326
6680
244
5320
1504
3478
4345728
1970
1409156
496
840
1380
2752
5188
8532
368
3960
1733424
53108
69546
8008
970
897232
7858
5888
1850
5310
1340882
387542
732
9464
4262
238
9164
582876
3200
470
5644
4128
2138
9600
1512
246
1412
1138586
7006
2622
12392
16866
3470
358
6416
4924
11328
2232316
3866
1489230
2532
9032
1630
254
2230
7256
1064
240
795212
2620
126426
368
7992
3330
3428
368
609914
983450
312944
286300
2256
5984
6938
2874588
7450
307322
238
1294
1662
4664
1311574
244
4214
3730
1846
7146
2632
173138
4666
185378
914
3594
4978
504
3460
1378
4760
710
68
3804
1554488
3528
6298
1012
3252
2766
5232
2980
68
61370
2080
4664
10050
6294
12510
387402
278
1670
4534
4238988
242
2078
3999950
15490
1227044
566
678
7474
52682
1636
66
546
3374
1338
244
6582
68
2572
68
738262
1054
3908
1604
10984
68
389130
920
248
66
68
10998
1350
7256
3652
902
4402
2094
368
782
244
3454
202696
4229834
6016
12444
117810
2302
157310
9176
5660
3682
2100
390
667784
1528
2221114
254
3027548
6544
1535714
802
260
2666
2630
1510
7368
2748
11140
1872
7460
5860
2534
5392
136754
1132
796
11548
240
2910
3252
262966
1265444
1402924
6824
1464
1022
260
644
2704
14022
264058
654
1354
256
3004
1350
1100626
10144
2494
708704
2012
2702
1458
248
2080
1424
5178
256
1024
668
9472
2478
2910
5508
1320
1802
2612
11692
934
6784
3706
7612
4626
256
1130
2176
5776
254
932
1120
1310
5386
278
528
644922
2074
1158
13396
1644
1368
4231738
506
2530
4180
2500
2364
3768
9448
2818
4832
398
2978
492
2832
9460
2430
7268
4466
3010
2598890
3354
1790
1235684
256
1999400
8452
636778
6980
4866
1234
2228712
393102
9182
926
2336
4384
1448734
2296
264
7310
5436
3076
1101238
3662
244
19938
256
65132
8118
260
3976
2556
556
2510
3116
258698
1000
254
2316
480
1978
5898
7272
246
2988
68
258
1578
906666
4552
9602
784
1242
1800
175656
6682
264
1959290
808
9246
1022
912
9996
2218
5908
2354
5020
11270
5878
258
4092
68
3558
2674
5780
3494
252
6132
8580
9966
4906
376
4644
4698
1370
886
3818
3826
7672
4374
1402
984
390
1028
8664
1830
1089518
554
7528
12050
3214
1040
410
2920
476
2290
5458
656
9646
2946
1015598
5682
1724
254
3454
6336
133128
616
246
25232
3822
3296
402
610
2094
3112
764
1414
1468
1876
270
1748
262
740524
2848
1708
748
1922
2854
998
774
5156
2104
155092
1354
1035800
2852376
788
1834
1984024
4960
2062
646
2472
1846
651792
406184
2134
1024
664
1062
6662
1816
3862
1096
893640
2002
2038
4948
5118
3092
3016
4528
254
256
2218
5768
844
5712
412
2764
2950
604
9452
1326
5642
1210
264
9622
1604
2360542
1668
244
2500
264
658
1170326
5448
5968
2866
1296
3546
878
1568
1840
2121826
4038
3548
3832
3712
2760
1252
1150
3416
3146
2351120
1630
11348
66
5744
554
7880
792
4962
938
9240
2998
2554
7848
1350
2530
270
4210
1162
3042
3382
11412
848470
386
2985114
3728
9224
11178
254
1306
9092
260
250
7888
1354
1418
1022
157738
8296
563642
1368
364
5364
1118
6578
384
5558
2572
2288
93368
1650958
1470
68
264888
1308
6884
1318
232
1534
10480
1360
2768
2120
252
538
3298
6274
2868
5468
4872
15238
1008
2080
238
1154
7668
5298
4798
258
3408
182246
7130
6872
1254
23018
4536
3314
7586
364030
14338
798
4832
92432
3118
276
5786
654
1366
888
2296
8298
416
8380
960
2656
2394
2772
2498
790
4008
1346
1576
9106
1408
248
306256
14676
4550
1336
2216
816
5922
1118
1436
1154
3364
1486
5866
1562
6496
256
80
1016
250
1492
5128
1811558
256
1664
10560
248
260
3176
2056
2176
7402
6784
2124
1342
1708
1742
764
21516
7392
66
246
7042
4042
934
1114
3906
6774
6254
3356
3820
7138
2942
3958
268
10910
9210
266
260
2748
2342
2492
1870
105832
15494
16968
368
6610
918
4550
2446
5994
4964
5882
6216
230
3080
7678
662
8360
258
264
224
1832
254
4002
2396
3144
4364
1252
5790
1706
1346
21078
254
245392
10630
921500
3190
1112
1454
2130
9018
1032
794
4664
66
162672
6366
1078
1128
10112
7426
1712
1256
265934
3326
250
9558
3178
2428
902
66
3034
882
2120
1976
8034
2592
10300
3466
5732
536
5474
36638
8372
535718
8614
2278204
68
1586664
1017966
3584
8370
3516
254
532
15762
4988
4012
5238
1222028
776
1062
21064
6618
2580
403714
8762
5700
9080
6956
5112
494
2086
1792
66
710714
1130
868
6424
6630
4308
1428
7028
254
5360
1384
703950
780
1826
3504
2176
1798
2194
13314
1544
5600
10588
68
3080
572
250
3958
6394
6106
963494
12854
11372
11806
8256
5948
3670
6100
2934
256
39940
9798
2354
2148
3974
1406
66
130992
9650
3452
242
3855304
746652
1670
1080
3190
2806
390
8128
1850
3264
244
8354
906
551450
1082
5192
2554
260
1542
844
16276
6530
4304
1772
4216
904
2964
1676
994
2058
66
1909444
10544
2784
8850
1946
1346
254
3062
244
5578
1876
6668
4970
6086
2860
8220
276
1532
254
9842
13000
8192
828
270
6628
1410
5602
6120
4614
11822
274
13730
904
1930
3456
4282
3496
630
5662
1578
3730
2762
8570
252
1578786
3858
2078
1694
1604
2626
68
2488
1148
12044
2194
2470
492
5068
4360
3998
4475768
226862
386
1974
2278
6396
13476
2138
3568
3073668
244
1046
4030
3336
20286
9118
372
3680
5588
792
4390
3224
254
102306
16518
4122
252
4220
6378
1428
376
1503910
246
3500
384
266
1694
378
1598
804
812868
1072
792
5006
3196
17704
3204
68
4234
7160
1514
1142
6734
1822
658
5930
260
6132
3312
3112
2300
3412
1530
539024
1106
8246
4964
2842
1278
2878
2412
3354
1052
1554
68
768336
2954
480
1174
2720
1254
516
3932
3736
3002
2276
244
3448
252
1142
1144
4840
4208
382
1426
1708
244
256
2790
1482
4002
252
256
2392
2708
2860
3590
7286
252
254
5428
276
8092
372
254
441744
1742
538
242
4014
4988
2214
13180
1838
1562
2620
68
4570
3298
250
1032
724554
5974
5594
624
4508
3424
5070
632
1464
4710
80616
910
8256
6918
4444
1168
1631214
386
370
5028
260
66
855154
236
1192
573840
256
6760
7080
2266
2092
3412
1664
105092
2254
2814
2848
1100
1326
1056
2814
5554
1088
2094
250
988
5116
6398
818
1988
6916
16534
4754
258
1500
380348
1750
2282
4546
66
166180
1128
1254
2396
9336
9014
246
274
838
578
3110
1690
722
666
2428
268
2414
914
1962
1440
908066
244
786
1884
1408
234
2116
4488
2980
4350
1105302
2510
3246
386
896
262
1098
760
2742
958
546
1078
1828
8008
368
5904
788
1814
2066
1182
582
1558
775816
2744
1950
16990
4608
5994
1294
2052
244
4336
572
972
1342
5718
3298
2998
1700
3342
79406
256
3566
690
8066
1558
3336
4828
4818
1080
4242
1888
802
4478
1552
4124
2298
1756
2636
1600
3272
804
1890
454
2180
3434
682
3378
2880
1066
2096
43394
4840
740
262
2362
844
540
1072
230
5048
2894
2920
812
1678
2910
2104
2162
1086
3182
3346
5014
1158
1094
2360
4088
2802
3404
3820
510632
362
890
2300
391460
5174
398
368
3318
2326
1716
284
3008
5318
370
548
418
5350
2180
3446
8902
3424
8256
580
252
2080
2634
1934
3050
5264
384
4422
3110
2934
6218
6548
244
2088
3700
3438
2552
3198
4692
250
718
1642
1364
2080
557650
1178
2448
4728
2084
4342
1872
8728
644
954
1500
1510
2804
250
4432
1290
1512
1888
1250
2202
1012
1672
12042
1714
2546
544
2658
4414
3104
4182
314194
836
2554
8094
8394
838
3282
1424
2028
1162
578384
2104
910
654
1554
1128
1510
1566
580
368
2432
7056
254
484
472
566
2080
1212
730
1674
268
2088
5474
1232
1104
1496
3674
4584
618
1814
1702
676
3030
520
3812
3578
2156
3850
41876
5124
608
2046
248
5578
268
790
1382
2446
4378
2146
548
1392
4654
1482
486
268
381254
2318
2110
2714
272
1344
242
2826
1856
272
1140
244
3198
1504414
4288
668
1018
980
8616
550
5122
9314
568
3042
1004
1118
5018
3476
1374
1942
6202
4436
4800
372
4936
1450
3974
918
2990
1084
704
822
260
4294
3216
6980
1380
1140
402
656
1168
2760
2906
520
832746
1258
2716
1972
3472
7314
5246
2824
6188
6204
776
141082
3222
2068
3204
664
1944
2336
10096
1990
810
604
766
1494
2030
2108
256
245466
1396
1272
1088
494
1044
2048
228522
4036
2388
4684
2326
3640
1030
1028
616
1416
469744
1782
558
2478
882
2070
2702
5890
2178
4318
1810
1626
2030
2110
960
1726
4230
3050
2446
77438
1132
2550
2968
818
3036
2200
3186
2940
1774
1458
2498
394098
330
1760
1052600
1148880
6828
2922
2282
1016
884
2410
1446
570
1262
2980
199970
1248
2954
1952
7156
254
950
3732
1160
232
690
2402
2128
2974
1024
246
1120
900
3444
4872
250
1282
514596
11796
3542
312694
3778
1808
1060
6108
5066
3564
1364
3672
1930
1850
842
804
3592
722
244
994
2668
774
2792
1868
246
2686
4784
6000
7320
408
816
778
2528
3444
272
4102
254
2704
3772
1958118
3212
134400
1502
804
6002
682
9880
2974892
2900
3320
842
1749686
2396
384
1568
813252
5624
3022
242
4986
1532
4310
930
4804
2866
74390
2816
706
8954
3440
884
6408
459596
270
2320
3836
70760
2128
1192232
868988
404
802
3954
1208
260
1946
3842
11772
5492
1282
2488
1670
674
634
686
2560
1304
242
1060
2930
2572
2566
11374
2910
8596
2154
1060
2738
2492
276
1618
1276
540
1316
386
606972
4724
674
2470202
6302
1504
1702
3708
7022
738
2384
1572
473236
1526330
1222
266
790
215730
3166
1158
94438
254
8626
398
4008
3590
2588
1462
1364
2878
5474
1132
3588
2854
4614
810
2338
6896
1132
480
227706
674
2700
912
2198
720
3286
5190
3550
4086
1472
3380
1726
2996
1352
1148
696
1510198
248
922
1312
6076
554
764
2984
1598
2670
1946
3262
3480
1870
1048
1628
1054
1308
2162
141022
1886
2278
4152
1160900
2744
2952
2900
1858
6196
766
2946
942
1098
894
1408
2904
548
1320
7090
5030
700
5800
688
440636
5690
365024
734744
1964
1004
372
1074
1410
2302
2512
4840
680
645510
248
1118
5808
1148
516
4070
372
1214386
710
3330
922
2828
1384
5136
3040
7286
1200
270
5930
940
606490
5298
3846
3642
2600
1560
922
272
1290
1170
7092
910
1868
6942
676
1100
161504
2736
1680
73304
4354
362
1614
3854
1506
1850
2172
258
8100
7356
2386
81208
686
1496
2672
234
2506
4942
4364
409534
3264
732
5274
670
666
898
2606
2636
268
2030
4258
1234
3702
942
2854
768
3302
1050
1296
354
3702
1944
1290
7814
370
5028
3016
704
4832
1900
2392
664
236
1152
278
7308
394
2942
2320
1458
652
774
4092
678
549770
1150
250
1950
4224
240
518
1624
1472
992
1562
364
1508
1172
1266
3442
1948
1808
5086
1196224
810
2302
504712
5060
390
2992
666
364
4036
2748
1106
1034
5438
2286
254
1968
1476
504504
1418
3444
654
1276
898
590
80020
673702
31582
1264
2728
3204
1026
1150
6374
191122
4100
2862
5750
3328
1320
3178
510
1057562
1702
896
1136
566
1122
682
4288
5506
2228
1394
4238
3012
912
5938
670
1984
3364
1504
4238
276
529686
4298
236
1668
2762
1714
4024
1240
2092
1060
1068
500
3272
1106
3352
1058
240
3024
4764
102242
2682
264
6198
368
4276
2708
1088
1508
3012
2272
1866
2674
1834
2540
1794
1252
764
7330
5112
250
9168
8294
3454
1248
2684
776
2434
2884
1574
6146
5254
252
130326
3302672
860
248
6562
2358
3110
1578
676
944
2474
1006
1574
691302
258
912
3288
538
1216
256
556
668
1384
3006
6480
572
1976
836
886
1268
1762
706
7702
1944
600
252
5670
2460
2204
706
1400
1050
1062
370
4732
7402
218
648
2050
3724
686
2078
246
9146
3350
4980
163004
362
1516
394
5372
568
3452
230
1078
1046
1312
2676
1030
1682
1190
3502
960
1048
1364
2190
544
4596
1940
340
1284
888
2912
2240
3252
12746
2290
572
798304
2000
920
1626
880
1726
1690
784
2242
1232
3594
716
2002
7792
1922
4112
2918
2144
734
292
5774
2384
806
694
3076
2182
3880
4548
586
1152
256
3240
852
268
3084
1312
3204
5736
1787096
708612
2263350
1447148
6161220
2308
248
252
142626
3462
3778
1157624
7733466
4534
5224
802078
173556
1020
2834
980
4030
480
1020164
19114
1239618
240
3386
733878
101416
3537876
3956
162990
7878
16490
3010
3284
2029844
380498
525358
8670
4354
8838
378
1926
396
70
84
4239128
553366
1235224
400
9726
4250
1248
1350
1066
9752
3416
1580
2645008
4456
11716
1330
13096
1260
1475556
16902
398
256
4648
529686
1662354
3466
1312
728930
442536
3844
962
1052
840
3998
3634
9910
5180
981038
1859134
119480
9154
714
345534
1461700
5250
7617120
1819100
1393866
23778
290856
2265670
1401286
2946380
1964
1686
1141912
69860
1086
2496
641242
1580
3940
407930
4618
1475722
4318
794
2708
10214
1086936
4884
1574
6854
7326
2034
210592
6744
532516
1466550
432848
2150
1576208
3206
692
610462
384
1738
2538
336616
2424
3862
1553762
455888
358
1368
686
948
4336
230
6196
500372
9732
3030
374
3098
2906380
1738
550422
2315538
5726
256
29290
3660
1290
708
40582
250
624
8602
398
738
2223706
504
4380
2402
368
3044
9908
930220
12170
376
2958
3928
264
4752
264
946
14928
248
903014
648944
244
1913674
6662
1696
4826
5806
358
880
1562
394
5020
1476
256
4088
486570
1819392
2954
66
6488
1356090
382
2712500
1742
397884
2976
861420
3916
3072086
310990
4220298
3014
6388
16128
1242
2766978
1058
4696334
1438
804
1644
252
1940
2036
1313030
250
1691030
2844
2456
1104
8568812
2298
5980
10288
7812
8496
254
4780
1580
30630
4582220
2002
3366
640550
3148170
4596
1880234
5146
11362
5008
6532
5964
4592
4914
2612
6356
991056
1142418
6652
1086478
470
789260
1850
2015590
974
260
2236
31232
1434
3510
1260
1112
2629684
2356
14626
11810
1316
5672
3902
6178
1890
2512
965864
4592
2858
2024
2006
10402
745316
5002
539278
1148
5742
386
1170
1192
1066
338914
1148052
2108
4590922
2067722
2067968
6104
815650
3849444
2084
2158524
541072
1399786
7064
689994
4926
4598
9784
1950
244
4360
554616
2417130
3536
1379320
1311634
101662
960
2238
10220
5600
3484
3138
2662
4672
260
1081222
7100
983344
2042
264
1771896
252
190648
717872
2120790
940
2766
11678
1510854
193904
1377310
2481340
4360
619422
1776
2094
134634
1226
3730180
268
750194
991330
936
254
332290
5854
1670
2478
10024
525934
256
1758584
508
908
1738
2210
2412
8942
3982
4772
1290
8216
1222798
380
1574
1674
1378
1628
4212
6184
1164
780
1228
1700
1404
802
1170
1554
4402
988804
8044
65132
1350
68
1181276
2388
4949336
3219356
6662
264
4956
2016
112204
33802
2338
3170
2208
3150
886034
8308
3004
2170
8306
6908
20474
537748
222306
1483838
2150
400
1158
122888
1900
5292
326218
1054
3669920
378282
31650
2495752
3104110
1238
12768
2460
2094684
5642
251514
708
1243670
3697402
3976
718148
394
2772874
1704470
404966
246
266
488
714090
2146
2232
4614
2268
5802
6048286
1142
3614150
1353168
3566
1462648
11156
2102
2982054
8610
856
285170
70
6176
5398
22618
141134
5608
2548
3398
3094
2568
15748
264
4824
1804
8182
1122
1998
6196
1635908
11672
184602
1829220
2586
4157948
4948
1150
1604
242
112322
5181866
1340
602672
59490
6610
1740
4976
29338
7690
101572
1478
66
290
3728
796
10332
7990
4738
480
26348
74998
908
443430
5784
24600
1076
1767258
1714
1020
5620600
1019586
1242
19984
1315256
721652
374
826006
3776
3086
15644
4320
554448
4736
4784
8972
7582
840
4912
381518
440330
1831704
2972
6824
1010
258
3766
746
7540
3582
1332364
5702
3956
51470
787404
240
2516
10486
1142192
1348976
2077558
656
1356436
2706196
585368
1210592
45654
313106
462306
12564
4590
287072
2482216
256
4382
1212842
2330
4314
4754
6596
246
1250
248
506
7756
2386
282
2142
244
8174
2628896
274
3134
1295318
823136
258
1532
5700
4502502
1341720
4922
1354758
6648
3059436
4948
8572
611828
716738
1697690
8530
197884
1384
5804060
9798
6246
4954
364
516716
2250
366
3713802
2145560
853146
242
9392
1332
254
767896
6762
382
10812
9160
3896
1942
2890
3824
1107484
14056
764
191154
1756412
54208
9548
785890
68
2780
2704
615242
260
8984
248
9328
1036
1698048
3078
6604
1208070
270
1610670
431786
4556
6150
1170018
1339738
807428
1614
2096
390
15504
12246
2164
6020
1448944
1410
6292
2514
540528
1200778
23382
1631696
152976
3962
3858
24286
17984
250
2434516
2384912
1610808
364
1270
2398414
1394
2532
2942350
867540
2290448
5330
1666
6288
151070
3620498
256
4434
6209374
3370
11552
9272
500460
3304990
8544
3524
812
1380288
9280
24562
3114
260
392
1170
8454
4134
500
47308
2114
96774
2854
157146
5897174
2954
1740
12214
762
630682
1042
23544
3498806
396
254
5332
38164
798
372
5626
1506
194226
1518
6033062
3504646
660
3912236
9896
238
1449232
2474
1528
250
2170
2027866
1728
434958
2050628
614206
1620
5562
688
7570
9976
545658
2693442
256
2954
6052
620200
7226
374
6806
4284
920048
4166
965350
12324
5654
1674
490
511394
694
582808
366
3276
1064
602
1464
1752546
5344112
288
6346
2486
1624928
7340
4042354
5334
898
1192964
511116
554800
4766
2686
254
2730
1476
1968
1836
1709242
71486
6654
6452
5898
3757052
4162
530
4958
7228
234
4728
990046
378
637750
4640648
413850
11786
12914
8026
5918
84356
3584424
1271518
7550
2994
3312
1277436
2670
4432
2800
622
1972
6950
1970
3344
516860
518
1802568
3524
364
514
1134
802
1603684
10988
4084
6347308
1990228
4100
2138
390
1016
4006
5418
238
841748
670
2764
960
2888
4308
4394782
3446
48100
266
38712
8738
2628
1839678
180042
9808
5072
888370
1064
420746
572
296972
4590
664
180156
2662524
51750
177768
40404
2378570
7054
2966
260
176392
3982
2180
356
674
2138
296818
308520
3194960
240
252
721568
6418
4688
578806
374
236568
11828
1908
270
270
254
3646
3468388
10632
5424
1904
260
3256
3247480
68
9160
6662
22602
2889294
8864
240954
1158974
947636
406344
4962
252
6518
262
1157484
1444
1762
26590
240
3374
7092
4480
1258
8862822
1816
246
7766
538724
838
1844
604272
2078
1468
629532
2518812
6856
104218
33922
1208
530772
563282
1728820
582096
429308
7528
3918
516
124090
5502
1934
2920
4678
3038
832
1942
14824
3726
14928
9438
309990
1530
2924
1976
180864
386
2146312
266
898
6196
950
354
1530660
265148
68
68
250
952
356
10142
982
438
3260
3674
838
349592
7202
4920
244
680
10036
7580
10814
13204
2972
8058
380
604
1366
1670
10752
3380
6852
254
2498
4634
1594
696
946
6038
2276
11104
3924
5712
5758
4730
5880
12730
5782
1890
480850
9764
3216
3788
3942
1474
967284
2827304
1300
250
2386
1614
240
6040
7450
1326
378
1032
1740
6292
66
6968
5904
3268
8966
1258
2083316
4342
835388
284
3546
256
4504
4016
1050
1196
2188
1382
1004
260
2866
5962
3436
3730
6148
3832
364692
1146
1742
1202
4382
596
5648
5648
9374
5218
2080
1498836
234
244
15058
252
1274
1048
4386
1758814
6922402
10588
844
936
254192
9230
700
1118
540
6258
258
11288
234
2516
856
7858
890988
252
2776
826
588
1288
1200
746
1848
2138
264
5828
5096
838
4960
1874
8770
793588
7410
9724
7158
9176
1242
1722
480
290046
3728272
3421122
5156584
6438
2356
1844
20716
354
1921172
1499146
121934
20876
3190
368
262
6702
4000
4566
250
1584
238
11284
5342
248
10806
13188
1138
874
1054
3618
10504
1310
762
692
830
68
5582
70
2172
252494
826
248
1580
4266
248
2132
529136
4018
592
1058984
6010
6134
534
840
254
260
497306
732478
1499932
3966
4688
822
5488
1504
5766
2868098
1036
250
6100
7132
3182
1302662
7488
1860
828
4692
10468
2346
1124384
698
3538
14016
1231870
1227832
370
10496
914
121374
4824
248
254
4998
1054
1992
91318
964
3614
5526
1064
8256
1544
2444
958
1486540
7158
1728
5576
2650354
3882
2617832
258624
2006
12570
234
1080
127714
827412
1333122
2202
12728
2680
376
236
3858
1596
3800
478
2118092
2485418
737014
7522
19986
2774
190248
3808
1640
2104
5884
830
7360
2990
232
248
10462
3030
268
4648
19034
2692
720
6840
2198790
47334
12782
1590
8792
358
486
1396
696
2340
2522
502
5418
14912
9094
1396
5236
3054
5226
284
1084
90186
3110
1328
238
8926
600
260656
244
1504
2352
1432
2886
844
482
9402
250
2746
4830
278
3196
6524
4408
15150
3798
1762
1654
1042
4262
1158
1594
44124
2174
3142
1452
2459362
11468
5476
9720
14254
4370834
7644
363560
984
2852
1774
2576
1122
1191390
5402
14664
916
2250
5700
382
3136
3818
4174
5606
228
2558
5166
1074
258
2868
4136
994640
2009398
690
1054
2484
7522
3132
7566
10656
1350
12910
250
618
9928
2209142
147452
912
1812
700
7992
143722
3754
7820
3040
6016
4726
741734
384
2700
34238
676
1380
1126
2498
462
4484
980
806
2080
7842
254
256
8718
126682
956356
1302480
68
6486
8374
1178
2806
14230
348
1695976
3590
1046
2770
2600
1800
2858
10578
814
256
6742
814974
834
131854
68
7772
1392
4010
1714
14680
11434
2682
256
274
2944
254
3382
3792
3720
5144
4370
6514
4890776
91130
1644
3664
22052
284
252
2048082
2076
1438
2494
5060
45542
2150
2564
8882
1244
250
2624
2040
3212
20660
278
1292
1436
5962
248026
242
2966
2486
418
2019650
959784
278
2620
8660
4474
5784
239508
252
3622
65018
322
2466
2542
8038
2478
4862
855144
1305654
1472
3454
6670
3358374
6378
1381658
2250
60206
2382
3208
3730
3580
3210
1933848
600548
3850
757522
3808
297166
3369638
1172838
2308
1108
2402
4452
7398
246
1496
3004
2112
5936
6322
15124
4850
4030
2344
2846
343502
2412
712294
812
1258870
732626
7194
3102
354
1606
246
350
1199374
370
1413714
266
6888
2210
11520
784
1142750
362254
1084330
2386
4272
704
33960
396
1716
256
50498
1332
8518
2266
6456
976
2026
1144
1164660
11072
1590
2614
937226
1632
5528
1360168
3580
3316
718
6340
620
248
12010
7534
536612
458262
3686
1258330
6068
1040
2520618
46416
2398
7174
246
1272
3048
44828
3562
5188
12236
9784
9630
1916
1244
1570
1566
6176
2572
2350
1494
1514
366
616246
1514
1842
1440
2526
818376
508
1196
1324
288
2060
1260
3834
111832
74240
3424
758
68
374
2648
12562
8196
3070
7556
1604
1133872
852
232
712
1244
246
3682
946
1362
1350
4620
2566
478
1752
1438
924
3314
5746
1324
13622
242
236
1228354
252
250
4786
7026
2552
7702
476
8860
798
211534
2233350
9508
2154
13602
3402
10538
250
746
1612
6908
260
222490
246
7330
1254478
561828
68
486
1160
6582
3356
3404
4329920
4150
1362
3678
1028
5048152
2736
288508
1072
244
269818
12164
3568
10968
1510
2422
1054270
1454
8744
7788
252
1214
252
7798
146528
284
2926
687620
1490
4092
2692
1614
1096986
4282
262
110336
242
1606
468
1204314
4590
368
244
5606
1746
372
1992
2894
2940
484
3847924
2198
2664
1734
332902
2205344
538
966
282
2984
622
4052
1385128
294
376
1282488
2578
934
2628
248
2470
5278
262
103988
1292
248
11240
3552
1866
2742
2580
11770
241744
2624
1897346
706
1148208
1505558
1554
26612
2686
2166764
5062
1608
3030
4322
492
2372
5742
6106
5792
2432
1908
240
2800
6692
5842
5440
2620
3322
834
380
244
1525096
6184
366
1137108
233894
1085362
3898
2486
164464
22352
3758
1791206
228
57198
6438
300266
8950
904
244
438376
287162
6184
2764
252
1924
1418
2112
2930
2750
4104
1372
113292
228
4120
236
5646
1540
442424
268
5902
1105204
944
68
1984
8796
5336
1956
1016
2116
602
6734
656
824
1680
5110
4762
2494
246
808
22714
984
7708
7794
2798
4932
614
2690
2794
1836816
5014268
1636
704
68
1230
685452
1558
53598
5004
4720
4676
66
68
488
947594
254
3496
896548
3250
240
3096
2467410
7726
1606
6200
7242
6400
2518
1736394
10630
7190
6490
4742
3510
248
1152144
4397638
268
5380
576
9616
5720
2369430
1308
6520
5044
3786
5236
5096
5174
5508
1784282
199448
2152
270
14130
3008
2296
4088
254
248
432
4026
1822
1646
9136
2290
11450
1729824
6100
23780
548034
2272
2294
1287066
264
18740
8462
4440
252
1240
600408
2582
2078
1528
9500
9264
2364
1586
2206
20606
2896
4312
1896
5714
4768
3114
1942098
2596
1694
7588
5612
68
2700
1156624
1114
1134
767870
9886
1022
1246
252
5810
4114
898
990
3564
1034
2048976
238124
3124
3220
918
5368
739802
260
3880
315170
2316
290
1210656
996024
112258
3314
1581512
4688
272
6194
5526
2912
1078064
2114
1060
7120
2746232
1714264
1142
1508338
3328212
1384
867428
232522
258
11230
34168
584628
874
1444
1770
5369782
7062
9292
1150
674
1764
3160
2092
18518
5631284
782
3023868
1417156
1998
4209640
6266
1256
246
1702
4598
698520
3642
2130
252
432
248
8066
2450
1198938
2404
658818
4588
264
3205394
3080
844
1238
5558
1808
4274
8262
766386
17348
834
1579874
1062524
844
2182
894
244
926352
6784
642948
115570
172766
350024
399906
470
6514
83876
280
1058216
4473260
1764
572
1594
1332
119452
8722
7674
1786
646842
238
335858
5192
8256
5368
254
1248
1637132
146894
970198
13620
2902
68
980
1218508
3274
9388
1332136
3249316
261814
1434
240
8322
11990
2326
9292
6924
2204
19878
854556
1292504
1938
1710780
1916894
1452
68
1321440
26786
3838
2762
1162
1498
1241296
4346
1218
3312
1130
4898
1482612
1997538
4312
246
5318
1456
492
1944
435574
620464
6026
1570
8390
68
10174
9012
68
2389346
415334
790
4018
2876
4400
252
2972
745676
2677844
664
1654
138932
888
5008638
11158
532368
7060
3236
301826
10806786
17142
512
3000
2198
5690
260
9646
4662
1368910
276
5492
16764
4383526
1484806
2010
270
696
398776
283182
668
18742
5022
356
994
250
2400
1988
4566
1172
1390954
671160
1447764
370
32330
1806
117532
1766
2260
4824
1368
6866
1206
492784
1385096
10124
5176
5448
2644
2546182
517610
1520696
1584
703784
732942
5374
4124046
4202380
4854
2608112
976284
6808
498
6142
1375572
1588696
5516
1238534
1872
376
1567416
4398
256
1818478
1100506
16630
4152
11316
1612
128098
382
2998
3078
3460
9904
14368
3862
6782
846204
100762
233792
2978
708
1789120
4000
3914
3082106
1952
826616
1522
1956
3130
628
2744
256
351108
6546
13146
1194
1123590
4868
300084
162354
480
264
2928
161414
1282
468958
122746
406724
762
482154
246
1326
31188
2620
8416
278
5374
2662
2896
1196
1782
1208728
2886
295994
392
6782
9990444
693358
12572
4560
26542
508624
515524
868278
250
3099132
248
68
413310
1294
1113082
262
422
1128
682106
2614
6000
1140534
3241362
897222
10378
324258
6120
6020
4890
3101978
6512
2991946
505110
5156
433954
2552
2818
68
2138096
3059698
250
502
1270
3866904
173634
250
4924
1788
2740
272
6444
3456
174286
1062
5684
1384
7416272
1931480
68
4332
1272
800
13568
1918
1343484
137510
7250
437632
9526
6370
1155934
220590
1320964
12130
322132
258
3432
6092
1867778
603528
1542
3412
2148
1128
589660
4318
842
4412
1288
7158
368
254
594766
24252
258
14052
3308
3117398
1010
1343120
8318
1279522
1812
132480
1522
3360
937434
8238
2214378
1954282
153790
1517610
82
654
1842
1158
2722
4766
4036
3334
252
289196
3058
259672
1842
2034
642
764
804
296
4748
2630
5408
61506
67330
282
3044
652
8040
9524
5668
242
6570
278
68
685882
29432
762020
515234
10544
2518058
549812
13018
6748
1472
1900
3582
242
3400
698356
2016
2604
250
7680
2790
244
6508
262
70
1521082
4566
153910
5110
1364
794540
1930
812770
556390
648
1196
5818
56634
2494
258
916
410
1024
1778
11182
19176
10456
68
2130846
3734
8844
819512
3758
1211368
922
276
668
1264
3132
244
6306
2098
6384
2578
219890
2726
1666
268
674
3322
786
780
4946
9808
1986
984012
20248
1445716
1724
294
3600
447748
845060
528
668
2316
384850
17828
2340
4926
2714
1770
260
3840
402342
7872
4942
7052
5654
19774
1692
2392
12694
6002
10924
2898
4217704
632856
3844
2632
4824
70
183984
1552
2486
532
1580
4826
292
376
5578
4182
3096
6762
906712
2178
6660
155412
2346732
946806
9952
3312
1552786
1532
388
528
19748
6830
3678
1634
176228
236
260
824372
5324
2756
1944
244
650904
254
2970546
1081684
3434
1162
14148
5006
286
1219732
2339596
7474
1670
264
1451860
1734
3688
702
252
2948
366372
5930
1522
2014
906
5264546
246
1000194
10096
2012122
9304
970
1827490
538
3094
3350
4166
4738
1004
670
258
6144
3234
1298
644728
706
887936
3474
3554
1886
10128
532
3146
610120
1838
8926
1928
1502
562796
3454
270
2080
256
17590
636
294
250
21060
1684
2296
3354
1104
397474
2236722
3348624
70
536958
1662
254
4222
924
774
5802
1046
408
1786
5282
57382
272
292
258
1348
386
69892
2192
20062
3280
3746
1304
3648
945632
13032
6258
2054
536
3176
2380
2346
2140
522964
264
1156
178992
5614
4397878
2942
222168
1696
1354
70
486134
2492
254366
351618
3395612
1195898
1836
3335872
1028
5984
3042
6312
1537392
316036
254
897622
90238
5062
6982
1694172
2344
4188
4478
11924
4229068
1634
1948820
4772
3996
221840
690
6733856
547620
3688766
2494
1327642
1856
4206
14562
5352
1440
6044
363274
800
248
1550
2700
11404
246
6354
1610
2012
3452
5112
11292
1834758
768166
307500
3376
14420
2132
7590
2920
5608
160484
2494
30994
766778
292836
7276
2278
770
3677418
286408
158532
1725254
2528
4802
959966
2630006
1813152
252
3026152
272
3010
3676
3300
17450
987856
254792
6908
2516
348
2946
968
1205818
786
1620866
2032
8564
372
11230
669562
903872
256
400244
1048
232
1078
3510
3836
1391278
1567508
294990
258
884
392630
5797890
288
1452
9322
7104
2628
7666
3220
240720
614
1942
903582
250
7798
3266
4702
2648
654
992
210782
1732
5000
378
3023588
111234
258
570
715932
1684470
5398
1570
1650
6838
2270
15788
3014
1368596
3370
374
5732
262
1218
13486
6718
2348
2630
38570
1124
910
2222112
3570
3196
11648
1638
7570
2736260
2570966
7064
4100
1234152
266
9236
5238
822068
2365046
1334
673606
541056
114828
7158
4040
8326
586600
90054
7228
9358
2356
8844
5157852
7748
1567956
6514
1782
380
11844
3210
366
1109588
5008
1819244
8636
11688
5331606
3906
494
2528
271190
2468830
1296092
258
2347376
1378576
2324330
3026
2208902
4454
2164
496596
260
2592
4278
2302
3736
266
1718
1396
9904
1938
1034
2802
2766
2833902
1116
1098572
394
3310
1922
147714
1080
678
3206
2596
5136692
5272
1491742
6192
1714
3836
5554
10612
2042
213552
8218
2238
244
2236
3094
1822
2330
66
70
22092
6766356
