f:0:0:0:0:0:0:0:0:0:0:0:0:0:0:0: (total 4)
0 1 2 3 
cpu 4 cur 4
STARTING...
Thread 3 going to cpu 3
Thread 2 going to cpu 2
Thread 1 going to cpu 1
Thread 0 going to cpu 0
going to barrier (cpu 0)
going to barrier (cpu 2)
going to barrier (cpu 1)
going to barrier (cpu 3)
STOPPING...
Duration      : 10001 (ms)
Acquisitions  : 9212714
7266
8270
76
41100
20300
13634
64
666
2158
1090
19446
610
8434
912
64
10288
37668
17058
12538
8162
12982
32822
34724
2278
25756
4644
1022
6284
850
2498
25434
12890
2938
64
526
1818
6780
48300
5712
1588
76
29370
558
78
23776
818
2034
2328
76
2282
714
10906
1916
1098
10368
3132
4322
512
6078
4478
2384
13170
832
13114
648
1360
12056
1358
1680
7532
926
76
2030
518
9962
2168
13320
3966
27762
18198
40214
858
76
12606
41928
16274
11446
78
30602
2930
10018
59238
17920
15408
74
1226
78
1980
11362
866
17950
64
520
1004
9280
658
1078
12136
672
9586
23966
47440
23554
7072
64
2946
1182
1210
1156
2280
66
76
5740
514
12474
3504
9692
1528
64
876
4378
1116
10454
9444
554
36346
1236
78
1354
11394
22084
11172
14576
4104
1410
15070
30348
2198
2328
11734
1498
17886
13606
2036
21898
1692
3488
14622
1222
516
12168
76
17176
21970
22562
4570
5054
1124
3662
3900
78
11072
10956
18044
24306
76
3432
64
1930
3194
15000
2264
6144
76
540
78
1324
64
4400
2158
2280
37768
76
10220
13384
25336
2550
868
3356
40022
1388
13578
12894
678
78
9156
17482
18096
76
922
78
51858
5160
26632
790
2892
1076
1372
1878
1772
15898
518
870
2226
80
35834
1548
2152
3292
6146
64
16168
17016
20844
40000
646
1196
17828
2428
6612
32794
39880
658
2820
76
30438
2230
1750
1394
908
15114
1814
64
9130
666
7154
12394
14040
3464
1190
59606
76
1162
7242
15456
6642
890
638
5862
514
508
882
15754
4484
37390
16210
1392
18024
1360
2708
7450
10258
5516
1208
524
12334
514
2498
1382
25406
9232
2852
25996
2350
76
678
1192
532
78
10958
74852
7064
1176
1916
39110
1158
16444
23372
608
64
76
6706
18404
41998
38144
652
14752
76
76
22010
536
26330
844
622
1396
580
76
1940
15568
2858
30094
5084
76
2072
6846
33484
1392
3048
1094
12978
13000
1208
13570
14318
78
494
12224
1916
4388
25276
2144
3452
1404
9242
31928
836
64
2460
78
6774
6254
76
498
23320
664
17378
892
816
78
32250
520
64
7772
5476
710
47614
64
1822
1034
10272
30902
29614
19472
606
21220
76
820
78
25342
630
8088
512
64
816
906
76
13832
39392
64
3644
1342
860
31636
884
4628
6464
10632
76
614
20384
680
4182
1230
78
688
26828
2054
2910
80
9432
508
542
78
21380
5604
10288
6994
20870
9200
7416
13904
25526
31618
76
18274
9908
2042
5652
58336
64
8532
13176
1384
5086
22768
46598
10128
22130
76
64
76
23934
526
5448
13932
14362
718
2286
5264
5282
10102
76
8510
532
78
56580
20188
1558
41930
1214
80
694
17808
4672
19084
492
13710
664
22004
978
14828
2604
580
5432
1252
844
20628
5922
7592
1964
18140
98522
2234
16902
622
7586
1256
7358
500
78
76
5238
4670
1110
19142
53788
1126
42386
36978
12690
32794
15236
582
14456
2532
4562
1402
78
8440
3668
2216
17606
8046
24644
620
544
82
528
15566
5618
3700
51628
862
14194
2076
822
628
78
36016
64
78
15026
2036
7700
498
690
4180
1318
5766
36110
1134
10984
16290
13136
1308
1742
16028
52552
848
8070
39848
2962
38838
15106
6490
1006
12434
814
1060
626
630
28912
38522
894
11300
55624
7562
1150
76
10498
25410
7860
21842
78
18796
1662
22814
690
7206
2588
1682
850
1378
16516
528
1798
4454
558
64
1204
21628
518
55138
4646
534
638
24178
9620
662
692
27782
11394
30504
508
78
1160
29310
22354
2534
3438
2246
504
1762
1424
14242
1208
35978
844
634
2986
2278
78
3912
1178
14414
2230
76
76
3140
5428
3500
2408
80
80
16194
9830
1370
4134
1330
76
1182
4642
42250
70060
7472
2972
908
11188
1038
3226
76
1038
20014
13160
1942
74730
17956
16756
3756
1348
10420
474
2882
1902
29438
1186
16606
2312
31882
1228
1192
4296
5144
10270
76
6108
11384
634
76
65562
980
78
14966
64
4732
5706
78
76
3440
10956
1744
2236
15212
64960
14952
66
48194
64
530
76
6892
71404
64
9766
14640
7894
2472
13396
2250
11144
64
14270
584
628
12862
64
560
1044
866
3392
13968
7560
1678
622
4314
6578
15230
8212
57204
524
1176
1214
78
14334
524
2242
2966
4726
2718
7866
660
35530
12492
12610
876
23372
4866
15088
506
664
17102
2000
998
1488
78
16034
6670
28922
17634
500
25740
3564
628
16492
64
1966
16608
5050
1128
1384
2882
834
76
4244
19498
64
1824
16944
6600
69558
64
3416
4176
2078
18448
64
64
4688
4138
1354
1124
6658
854
11512
1950
2670
1678
1718
3286
4968
5186
2544
78
9682
48942
20590
1174
64
16778
816
6056
1204
6430
12546
15788
4296
11500
6142
16266
932
6452
13902
816
1348
76
4410
20642
17172
822
48904
502
78
2138
5766
1334
5778
10932
586
49368
28932
876
43424
19284
2642
13540
2924
1492
640
76
13700
866
1150
14372
11610
666
13124
8914
36340
1042
76
516
1070
1182
9356
26218
5906
650
37486
816
29230
9320
78
15224
15040
40122
80
536
12256
4850
620
4986
2908
530
3906
1426
1166
898
876
4648
2314
6528
2484
64
76
10298
816
27678
20980
51240
27348
33644
3088
14258
4812
19286
14354
22318
696
10476
78
874
64
1422
76
79202
24772
10270
66
45104
66
20824
1552
6464
4516
24156
21660
9602
44592
44756
846
622
4040
11432
78
64
78
11858
5800
78
22706
1484
14732
64
64
37220
15274
88852
2950
76
1908
76
4394
502
11610
15518
3854
7492
18736
18324
830
1044
76
5258
5420
816
2244
1908
1604
5550
2190
64
2468
5028
64
76
23128
664
12002
1680
862
76
3082
19250
10680
3838
2878
25220
516
52132
76
16698
64
7300
5008
3488
2382
2592
1450
2030
10154
64
78
2284
12780
64
974
14306
12878
43756
958
13114
784
17270
2292
13572
4120
872
19144
554
12026
1530
4120
1478
5830
2922
2986
11398
2760
10266
1192
1560
562
514
1270
502
860
10888
716
532
516
12678
28308
2802
826
3246
6462
2678
19882
1164
6842
5350
10028
526
880
568
1098
566
876
1216
37630
2716
21510
496
852
1496
7276
29672
888
1166
14800
1528
31058
2186
7560
28134
516
838
560
6640
37006
862
524
3572
1210
22024
2542
8022
1538
874
1168
3262
880
554
2914
572
11242
786
1160
578
9724
1192
1096
2378
2950
5912
12388
2524
40942
3140
500
7098
12604
892
1068
3628
836
3326
860
7960
1500
10256
14396
3550
870
2382
6656
2180
1180
2136
1222
12588
3882
576
2138
2530
2924
3566
6790
560
1440
4026
25342
25766
848
1784
508
1848
8078
504
1968
3892
518
2620
10164
8754
5376
7448
520
1198
3330
34068
3314
15264
570
546
15198
522
1120
520
12800
1554
9826
1256
534
25014
3180
578
546
12248
1464
9108
30340
5124
542
12542
7436
5952
16646
7822
14362
3412
892
10710
586
510
528
570
578
482
3778
1230
5594
2676
5740
11616
858
3194
14994
11854
2650
6782
10852
10884
876
502
38642
1152
2468
33156
2822
3154
582
504
1272
1956
10188
522
22990
9322
1528
574
536
544
20978
512
1446
1166
2834
7164
2562
5476
1198
9532
898
3234
19194
3614
576
6238
10264
2924
8010
22596
13586
3552
512
2096
8234
13682
512
1156
862
526
16454
580
514
13696
8832
14684
43484
1184
910
18250
2744
1182
6824
526
1256
514
1116
13268
1858
13140
10482
516
10982
2254
8264
570
18314
5930
2598
1556
41834
810
2756
2640
4484
512
16680
2266
570
1220
490
536
18202
37706
508
568
9506
1216
556
1208
1120
922
1172
9444
820
29708
15424
19710
1254
504
9468
1512
560
7864
23512
62
3796
856
9166
29852
608
2700
864
6052
8384
506
4666
564
21840
1200
842
1230
4260
894
1654
7220
11712
6228
7078
888
548
842
2852
6672
6612
7752
828
15662
18460
1560
510
560
2600
11280
14504
560
8622
572
4538
888
1230
1460
572
1162
3236
9564
12280
2484
9484
12762
20216
1202
1118
10038
2050
906
7044
552
1140
3430
860
1160
532
4938
916
7694
1482
2532
5272
45496
21762
2924
2508
19710
21614
526
862
1516
2758
4346
13822
18980
602
1494
18326
1228
1976
2570
5844
2882
13280
924
10888
10856
22700
1850
500
826
2032
538
556
1222
2590
4566
31948
8904
1782
1528
1892
8386
5934
1118
36964
5068
8666
2240
1194
1430
506
76
23082
536
1216
3426
520
522
5458
886
872
16430
1226
5152
538
586
586
4632
892
7742
2780
516
3068
8062
12448
15386
488
828
568
826
872
32068
1994
506
1606
1910
1174
560
856
586
3892
12696
61736
524
22470
8084
1506
848
3332
540
19728
720
812
28104
854
810
32118
2768
516
4810
546
1870
18662
2422
522
568
846
898
2202
568
900
9774
516
20606
4318
1918
22926
552
532
2934
1866
1486
6750
20330
486
544
514
1930
30486
528
532
3736
3392
594
572
7246
1254
47194
1116
20136
8716
3022
12076
15794
1198
566
4250
542
3278
30492
9034
536
834
11936
890
15718
596
14728
4336
26184
502
1134
4326
528
5992
8540
5138
10102
566
2050
10062
516
1044
4730
570
520
1272
4396
5704
1454
608
1218
794
8924
510
874
1100
562
868
2136
11032
1166
1162
828
34748
1448
4742
20540
1064
9334
512
1550
60060
61560
1114
14804
6694
2120
876
43530
14968
1790
7924
21862
6490
18022
7502
526
542
11632
17396
556
3126
562
9922
502
506
902
2728
502
5858
496
1436
822
538
720
9200
2214
1524
2018
544
3590
24648
1178
10514
502
11604
38222
6702
2210
8096
534
18266
15550
33320
552
16706
1432
506
588
478
6930
520
3762
516
870
1190
3152
898
808
516
3184
1364
64
27896
1176
17830
516
516
16778
534
4834
578
4084
502
4380
538
6878
1176
9158
5382
876
12002
7532
1256
538
34198
4922
546
568
4210
3124
16550
4062
47456
2860
6224
2014
1128
4254
794
1498
3512
544
516
3672
1690
524
3596
18948
1190
508
3000
820
830
900
6308
1230
516
560
5020
1180
60016
556
898
600
1540
5732
584
39378
796
1380
876
580
7976
5384
900
1622
17632
6642
700
2472
31778
2304
1882
15584
568
3958
20356
1462
7138
516
8272
3044
18168
780
42370
806
518
584
806
862
11626
512
1212
2004
516
22366
518
23110
11282
2824
562
1232
568
2064
8924
544
716
566
1102
3046
10252
572
916
24660
8920
2746
2924
5042
5012
23284
1474
592
32788
582
530
3808
512
9734
594
9892
31056
4426
536
864
18476
884
528
528
512
510
6160
10946
15894
816
23618
3628
886
10660
512
8350
6324
6728
566
574
574
1206
12746
17038
2850
13138
4648
562
3586
854
526
4064
2610
3390
874
12132
3216
596
7044
27968
24252
524
4258
19132
528
4020
8552
846
524
5594
502
550
3844
5494
5908
556
3548
810
12844
52136
1266
6630
2440
1620
556
8684
6824
8538
520
13254
1852
2108
2738
2366
12854
514
11462
2194
528
14624
500
536
5154
35536
1194
2686
12998
1768
12204
784
614
16526
506
1160
1254
2744
4676
834
4564
824
14688
578
570
526
896
9246
14480
11094
3438
64
516
5088
6856
822
560
1926
6706
1450
8604
2646
552
526
24900
514
2588
830
894
11252
496
1172
3886
586
532
528
566
7074
14202
514
524
10702
514
25668
1840
558
1174
7294
1768
3182
14826
2780
510
1574
1108
872
1138
5352
6036
10538
4428
1190
4078
540
22110
1254
584
564
512
23722
4436
7618
7484
19828
532
5992
10302
5652
21028
14250
9226
520
7346
3724
2298
10632
824
874
518
2652
10106
6686
2538
810
524
9990
4886
13168
584
2822
3396
6498
542
578
14184
76
902
12130
17098
15378
558
7502
1152
24030
9468
3132
13666
12962
1396
12530
1874
7660
818
18572
19524
514
8850
47350
42882
24766
3168
2522
810
32116
1408
6804
2502
14322
33908
10174
510
1042
20246
30648
616
540
3074
1376
1962
2338
2838
1164
8142
5990
1208
30026
526
16744
1726
8944
33112
1666
1194
13436
2176
11408
7690
1078
820
7394
19484
11436
5744
76
640
1920
92918
966
13178
518
10524
2166
2244
10150
21170
33956
7704
706
17368
1896
14732
14482
862
1070
9376
6434
15738
1380
848
7036
17228
2722
17474
1572
23584
15574
502
6656
1730
1902
13860
35048
14246
994
4664
2796
38290
1556
2472
4738
5712
672
1738
7902
1398
2532
530
74
76
1192
1796
76
39832
7328
842
14934
6124
1058
42540
4940
850
11424
662
3156
22782
1596
886
8158
516
1988
35998
624
2948
2422
4254
28424
1938
2920
76
1154
2916
1566
2556
1394
858
36978
1884
32814
12638
32858
1160
8014
7962
658
4130
2344
36040
854
1940
1792
8694
9172
2660
1356
13200
13250
1172
55094
892
5552
26212
3664
1202
51384
35808
1356
33354
1162
5366
1146
966
656
2580
22392
2262
800
2176
652
1188
23512
7120
48928
2928
12956
2474
2796
3628
654
812
1182
620
15812
3592
29654
674
2330
6380
76
1042
628
12796
17444
19104
24854
25218
2342
506
662
10858
33378
626
49528
1176
882
1504
524
1394
23368
2462
1990
24720
1046
18442
1370
6624
26418
1912
25790
14158
1066
1232
9098
22462
33166
17430
78328
31698
11444
2950
1396
9512
7388
1180
1342
2194
798
2934
1398
19210
9414
876
14464
38510
1682
2280
6214
22960
528
3060
2708
30404
526
8836
662
1974
1464
76
13002
76
32174
1696
9806
612
39536
31076
8638
1882
19542
656
23540
17026
666
10016
10588
3088
12354
1166
28358
3374
1646
3626
2668
47660
626
1362
32314
14304
12314
1966
9606
1648
7856
20396
76
93626
12086
1860
1316
2040
11572
4078
1676
2606
8962
31634
1710
652
508
11542
64
1840
500
636
610
35322
6922
684
9288
26294
2400
17882
1922
2954
1922
1554
1334
1198
3516
996
21890
2002
76
32938
17956
41946
48002
1744
17648
1934
1716
1546
19716
21194
8168
892
2114
7294
20014
19412
1622
1282
14846
4442
994
17118
9858
37852
53260
17914
850
12848
76
2348
646
658
5476
902
5272
16456
2372
5974
1404
508
17544
6242
1146
9348
1820
5034
1288
814
1156
1076
55286
9422
670
496
16406
24094
15316
6582
56686
32422
958
1048
980
1398
816
808
5760
1544
30958
4612
76
76
1726
14582
16416
5490
2650
8866
6580
1350
3730
19286
16542
76
32838
1166
12406
2668
23242
11940
630
1328
11012
1380
968
1552
2852
1188
2836
55886
1166
2720
30062
41100
644
51770
1726
4440
5182
2162
622
3476
814
1346
1566
594
27718
13088
822
9686
21606
514
638
25458
15148
18832
10018
4498
3168
5148
844
2270
43840
19490
1500
25418
1414
4528
29024
486
20908
1340
1368
2158
8376
1026
892
1826
46910
5654
19286
8722
15144
21688
5510
37420
11008
14276
2158
21258
6262
842
13538
658
23796
6416
24050
1540
1390
9742
15244
3204
5806
1834
1928
22052
1902
4890
7958
636
17000
2522
820
76
11028
5994
8144
522
15138
980
1022
11816
36180
23724
508
668
1720
7798
14272
18162
6260
10844
19672
30502
19174
30374
668
9048
1400
10336
31062
10434
1076
76
1166
19812
1204
3788
1946
1006
10704
848
1166
800
37810
614
4940
55120
660
76
626
1696
16912
62
1994
5324
818
1192
1166
1410
5828
1682
826
662
1428
1182
22018
23508
62
638
12404
17442
11658
14280
2950
1926
7826
1390
20780
2588
1070
628
17690
1202
8464
14606
78
17998
982
1438
5766
1572
1370
528
1672
1830
5460
29346
16114
1664
610
13496
1608
1314
2470
27250
15740
1028
836
948
654
25396
18740
1526
3572
11624
2304
9448
6304
1042
10020
1194
47062
3702
12530
5702
1604
6682
37054
55174
1786
5114
1020
840
662
19814
982
13830
996
33988
24622
8200
12572
1030
1706
822
9116
6866
82214
5660
508
2374
3444
1370
974
500
2380
11076
1380
45966
622
1596
980
660
35214
510
36926
3290
1708
10886
26010
2242
2644
2660
21018
5854
2910
42818
830
1950
31414
1382
8404
8866
1196
1478
1724
11132
11856
27174
514
1198
2174
1386
4160
814
8008
17896
1974
630
5578
2202
4704
11334
26742
3698
34392
18050
938
78
28378
6652
108388
12712
4902
61006
1938
10698
60960
8086
862
37792
7808
1298
4340
1856
626
4254
18412
21688
31550
7494
9766
804
15206
17898
79696
2180
1188
6940
646
1184
9490
10412
17698
8572
2486
2790
2852
20636
1718
24700
1366
7290
1362
22486
29338
31094
1200
38754
890
516
2560
28034
18052
12028
15690
76
9462
6594
4072
904
7144
954
968
18172
9278
4092
650
8612
1914
14098
12728
9716
12096
2708
12496
600
35986
2922
1480
76
20064
1414
25918
19116
1356
2930
636
836
13144
22702
11358
2826
15898
37756
998
1354
498
530
1518
93614
28290
10926
76
28068
9694
2822
1084
18924
1388
1044
2726
884
1480
828
21272
20002
86466
1748
30528
1368
7302
17880
5902
2578
13152
1406
13486
1694
1974
11888
1340
73580
14064
1236
31680
1050
2900
34246
36780
502
2240
19446
9506
2100
3714
3644
1292
3146
2036
4048
972
494
26528
1208
4902
54510
11536
862
1050
45536
1198
32166
60432
29672
1592
13192
1422
55806
14196
2366
6466
2286
2650
27540
866
15334
32834
42376
4156
3108
31696
1372
2998
31054
512
9746
4078
22328
1530
8594
990
41560
9340
11306
2320
646
870
1040
2670
32860
1384
528
684
612
504
28240
21984
26706
510
1152
42096
658
870
890
618
57226
30728
11622
18126
1752
2366
20550
4946
842
41980
1892
2206
2550
25256
22504
1372
832
2598
886
980
6402
1564
28326
994
2932
9274
886
2002
866
63656
1358
20458
3568
11890
14834
3592
1182
1338
658
18750
2482
15986
7348
2494
866
35394
1376
23094
15686
2026
822
25244
1916
2296
1398
8998
12922
9830
51354
8444
10942
78
1990
570
4166
7524
9060
76
670
4434
8334
1862
57500
76
12092
10498
18530
27998
69212
9840
3418
76
76
1916
14118
1190
64310
2694
38852
20682
26770
14976
32710
26562
1358
10084
1076
11780
1870
7234
6920
5830
892
676
39022
8968
1158
3742
1568
1394
14824
3284
6758
10380
12916
1184
5138
52014
7320
17264
17950
1378
2094
2688
15910
4790
44548
44596
8968
1382
1356
682
2416
7448
2664
3930
78
76
37422
29736
17868
12420
1438
40180
76
1370
3252
78
78
33206
1062
9136
886
15334
42812
21350
11364
31798
5978
10850
2992
9320
5432
7370
14666
846
76
76
13266
10748
7286
3042
1402
31904
824
4664
11846
16270
14172
1474
32268
2454
12080
682
56228
3156
14704
37082
1840
992
2194
64
78
15716
4236
17116
5176
7978
21348
14624
38102
76
76
12284
4618
91250
76
3540
6492
4244
35108
78
80
41576
1068
3046
6482
11214
23426
1082
5928
4974
22178
66838
12904
5664
7386
5748
8674
902
10476
1180
9660
18334
1904
76
538
7688
29852
63464
34628
2496
9802
19138
81826
14186
1168
18240
5020
4000
1450
19718
8384
80
76
29642
18406
652
39740
78
7570
61430
2508
76
76
5388
6428
78
974
3890
14358
38432
886
21686
8736
2870
32504
1484
2014
15254
2564
12590
2652
15996
706
26796
31130
29112
70860
578
6314
41576
6252
3350
2310
29996
1112
26116
78
78
21726
36934
22586
52366
574
696
7182
5530
2220
9604
3430
658
6248
19680
7164
3344
47728
5410
11784
7408
25958
45838
25602
20154
1332
2044
1908
91272
1350
17148
570
7770
1070
4264
4522
13438
9970
76
5590
32660
12566
3498
24204
7884
11704
2914
7964
17212
8824
20938
45092
33024
45664
5152
6944
2414
2302
21464
1188
890
888
23006
27186
5846
2116
4164
874
15640
10708
2100
18148
5486
3224
13322
27312
5066
1178
1798
2518
1154
4818
3294
15432
1694
73374
26930
898
17980
43760
22864
1526
10626
1586
8606
19074
2376
16828
37152
36942
2300
13332
14528
14796
4038
76
4742
34996
676
6772
1214
2692
670
700
6682
2000
4490
674
2652
7462
3638
28598
1370
6402
11980
6032
76
76
38362
76
76
2422
21174
6680
682
6102
15152
5254
3314
23470
8364
78
30020
22892
3326
1404
6454
60468
852
14434
3786
23464
3978
74524
2390
7772
26438
78
79630
4886
37178
5252
5372
4828
6386
2962
18482
3332
14314
11928
2944
1966
20822
22408
876
1158
37052
44172
14690
5190
542
584
76
76
568
1270
15096
2874
55850
8198
2266
8524
18020
3010
6538
78
11206
880
12162
9972
52634
11162
2248
6992
2416
29904
10764
23978
1686
37830
11554
56730
8552
27910
70216
27882
4880
76
30858
28406
2482
2166
36954
47124
21546
9586
102238
3756
6948
1488
11604
8116
9238
990
580
24044
1368
39018
4888
32342
27310
8230
1168
76
8494
11026
9370
10894
20480
9804
10370
16644
17528
2936
14030
1182
7700
580
2696
1388
51648
4492
696
3396
76
3398
858
43020
41084
8302
32540
12396
19468
9932
15734
29042
64584
1094
17976
76
78
568
9106
17340
1072
8252
7996
2302
1994
1374
4192
1264
15466
38382
1494
2722
10254
1072
13454
12450
72780
604
6252
568
1476
32848
660
654
52520
5864
27544
660
14362
21958
7046
78
29156
2370
30190
45666
2990
886
30670
12050
7358
1162
23650
2832
40430
12716
6858
5040
4206
1460
12074
3120
9652
1068
906
21212
1678
36578
41606
8262
6190
53392
3290
43502
918
67026
600
1220
53076
970
5262
6898
10736
24430
8730
15658
32664
2006
16918
24792
22490
10888
4862
5808
78
16872
96364
4842
15684
5010
39008
25920
76
2190
2380
23334
4100
3194
15342
4012
40336
42466
31062
840
45568
21232
10208
15922
1766
1182
23694
12156
7234
99964
900
76
852
7612
8828
14870
3656
12892
78
76
17758
9428
8094
1392
18250
2368
610
22128
7808
8366
1368
1664
12474
2944
584
1068
2336
12042
20260
2258
9740
26912
10888
564
3792
892
21914
3252
76
22638
2218
1196
3214
4692
34476
2422
10100
10176
2834
8768
39148
29484
5044
35134
530
9942
6192
1992
11182
12390
15828
9056
8246
16102
76
57768
6466
10948
2642
1386
23336
2156
1264
12120
580
12450
21138
6492
606
28916
33054
45342
2278
18732
4390
1402
2972
18236
18482
31586
7230
1224
16696
12820
47028
34444
18144
16926
35056
28882
1622
29624
17056
8466
1684
9340
1990
15152
77230
4072
30414
1900
708
52246
19454
14864
20220
15316
5962
33628
1368
20960
902
38928
674
7446
17242
21856
4456
1566
16098
12216
9324
690
1082
11752
6618
16714
6406
1338
14906
7362
2408
14466
2044
20756
21404
7350
10556
2744
41172
44786
7274
874
12840
17658
13532
6810
34820
7806
2674
6038
12986
37190
5624
62120
7982
48338
111812
4252
1728
13110
2934
10164
854
17296
892
27638
18598
9300
68668
9710
5214
21526
972
9474
7920
25570
4162
16114
2784
53206
5008
4888
45290
27262
4138
650
1382
26554
30102
49992
16608
23434
22180
17332
57874
6726
10590
10290
1094
4538
10192
6990
13454
31448
37902
2748
866
29340
5618
9970
28608
5996
13472
2882
3502
1684
35510
31886
5994
9032
46570
20806
7126
25818
1348
4112
63818
844
56456
37842
18654
2420
13326
76
11922
1412
76
78
5492
36808
13996
1988
5078
10472
15602
10156
32424
1994
28552
22414
1380
76
1168
20858
18588
13674
57170
4552
864
30888
25268
1192
76
76
15782
21144
1978
898
2078
33916
838
32866
1144
54712
638
8268
1184
2344
1780
19932
2682
14580
36504
20950
1048
15920
1394
39986
16152
3334
39028
11664
3188
78
1048
12720
46526
5278
4322
14612
24084
23432
11500
26508
73522
45704
7498
13814
40112
5734
2208
78
78
568
11778
46618
2774
30910
2686
8282
26162
1070
1372
72748
53652
95220
2336
78
76
65080
5948
78
5894
15768
18298
78
76
3834
21224
12180
62946
78
10062
76
76
8506
45386
2844
6600
1174
10746
9848
11690
13534
6532
6480
53168
12852
134728
32148
33612
33864
1368
12626
5430
32334
31152
11148
2306
22250
5814
4166
