3f:0:0:0:0:0:0:0:0:0:0:0:0:0:0:0: (total 6)
0 1 Thread 0 going to cpu 0
2 Thread 1 going to cpu 1
3 Thread 2 going to cpu 2
4 Thread 3 going to cpu 3
going to barrier (cpu 0)
going to barrier (cpu 2)
going to barrier (cpu 1)
going to barrier (cpu 3)
5 Thread 5 going to cpu 5

cpu 6 cur 6
STARTING...
Thread 4 going to cpu 4
going to barrier (cpu 4)
going to barrier (cpu 5)
STOPPING...
Duration      : 10000 (ms)
Acquisitions  : 7109154
6232
714
934
462
532
1344
982
1350
1512
1230
1120
41400
268
1336
75492
596
1164
45488
466
1478
1768
1060
810
1630
546
974
230
1720
1238
47670
1634
590
996
1724
234
3644
3030
1838
2670
42342
632
654
480
238
1666
20766
22000
544
250
608
652
1232
2300
1794
630
1434
185990
2260
530
3530
3186
1576
183142
1686
544
1560
530
34402
2140
198
15912
21864
2510
24234
930
900
64
3122
2450
724
1662
1324
472
1370
1164
224
56322
1158
940
642
3230
17342
248
884
764
28242
1070
582
61788
1180
594
1354
826
944
2720
3870
4002
662
1880
534
1518
1736
220
2434
1048
1350
7788
1382
758
1150
25140
668
1698
2128
28392
1288
222
902
1132
1038
232
950
3356
1216
832
234
526
19940
3184
584
650
2246
1042
472
1042
590
1800
1076
528
2264
872
2208
1340
662
1282
1082
246
610
474
33820
1262
670
52178
1488
1726
238
15942
18206
540
40972
868
14984
18850
63902
1866
784
488
1642
240
82896
8660
3696
33760
28184
622
3230
238
1334
248
1106
2596
476
41404
534
822
526
18722
2350
842
2268
232
79184
236
1178
70724
698
1070
36970
1808
610
238
39270
40740
232
1166
218
10878
112744
248
932
512
610
44212
1804
582
1880
2644
31634
630
1394
6458
672
530
46366
806
664
1040
2340
234
1270
1260
904
5056
2480
1214
59804
1052
1722
846
49634
234
1758
238
544
734
936
630
1138
2122
22934
226
238
1184
36882
52184
2152
1766
12408
5244
3114
590
232
660
626
101816
660
650
858
500
532
2106
706
49050
71670
234
3308
3408
12970
2544
63134
948
2846
1948
470
6070
1662
81396
2326
1020
1244
257328
936
236
40004
1052
25304
27400
15974
906
1086
480
472
1334
1436
70012
1540
21294
1068
770
232
1632
886
2232
222
2080
870
3888
1984
524
23230
1458
612
2274
1656
604
25888
1594
7314
498
6978
1420
236
41462
754
476
1396
14036
498
1220
480
125350
520
540
1156
2488
5688
958
1472
223718
4802
496
1254
90476
656
3316
151460
85550
884
1692
866
223004
1800
2386
7898
2646
2106
474
726
964
14460
2370
488
2876
1546
512
32876
1090
794
2268
236
502
2800
238
224
3126
2220
21082
4584
2638
1536
129862
236
442
1686
2398
828
1812
46286
810
510
1500
488
1584
232
536
814
536
1188
2300
1730
1046
846
29848
39518
2524
198050
1102
1240
1172
3336
1920
2234
832
45090
1406
1060
618
7946
1080
528
702
6512
93672
1102
12576
58250
21020
10178
1018
3094
242
210
938
1806
1378
220
234
1218
640
1346
1166
2504
1228
626
1920
2202
1198
806
500
552
810
39760
1854
1136
1696
1722
478
238
1062
38356
654
2314
2524
568
260
1488
660
2510
1766
236
20566
57222
762
61590
79560
182148
5222
846
1862
141520
232
644
530
1196
1184
89424
4238
1390
930
16668
1852
31964
1312
524
2640
4626
93522
238
462
21294
1990
19298
2938
1680
612
43038
658
1448
732
612
1058
252
40948
5640
253190
2362
1010
912
183942
978
978
26330
24414
670
1284
1576
1830
1488
1664
1496
3044
116354
978
882
618
3352
3012
492
928
150956
1522
1950
230
490
176592
1224
450
31516
974
3608
1900
250
716
1248
228152
2202
476
2906
486
226
228
578
524
2868
928
554
76600
594
1258
1636
608
2508
230
1880
498
1910
70382
232
1032
1764
2452
115976
724
4132
137406
1566
468
552
1090
514
3664
766
1000
2906
1286
664
151630
106846
2268
908
1448
1924
790
4222
140716
1126
526
1068
147068
234
638
64
1566
107748
2454
2732
244
1070
1954
1080
1430
1144
5436
69768
164980
636
658
602
944
2146
506
6844
238
183500
1456
964
254
502
224
2278
186346
966
1206
95564
42104
838
978
226
680
1196
632
1076
196
1712
41704
1094
666
234
175048
1114
220
478
34042
73264
100238
2498
620
230
1962
1510
748
664
205506
36894
2760
2854
484
4656
236
3464
1114
1138
760
482
1172
3838
1668
58504
1424
554
630
85340
238
978
536
732
486
706
26992
1486
1726
218
20522
1264
622
1240
590
1048
1416
6184
2058
708
236
544
464
4456
1026
1374
82934
20660
632
696
1344
236
698
26196
130264
534
250
650
816
1390
798
1090
91814
666
248
20352
624
534
498
1194
1420
646
82900
470
122526
23312
912
102414
2498
1838
818
1544
36186
33228
180324
1666
492
1394
2610
540
238
11940
826
1200
254
66264
518
846
222
646
30328
2168
600
750
608
1412
4552
1776
1064
792
1354
734
834
680
161614
600
3998
3496
598
11498
244
678
704
596
2210
828
650
526
3844
139530
28636
1742
538
3964
814
222
476
1686
4064
680
1792
248
1382
624
77884
6858
1350
794
842
1520
784
626
2400
238
1746
1286
1608
4406
528
1702
1112
87496
3420
42658
856
650
814
51724
23202
1080
762
299984
490
9516
1740
12032
886
670
1052
5202
652
244
33658
1734
83806
620
562
1444
928
656
16232
236
4480
1256
254
664
1138
9466
66
3408
26396
894
1572
5598
822
620
528
20176
1540
1270
1676
1116
1436
4392
234
1044
4140
1988
39520
652
56638
1560
1338
516
1218
2662
824
258
1348
1208
668
784
234
62356
1316
8918
1586
626
63666
2718
1776
812
610
2450
1524
14354
92602
230
800
16726
64
2860
1406
658
604
2080
21408
1596
5954
5820
63138
956
129932
76076
828
736
12276
1172
3094
548
1470
242
11368
470
1646
1424
7090
238
206
686
226
17858
70660
5626
818
982
930
1534
4012
948
1554
102108
1034
1716
1032
876
662
606
88626
1638
74450
808
1220
32894
40052
1140
756
254
1706
2684
27558
476
820
236
826
534
27740
236
1098
786
580
2546
814
1560
248
1150
556
1058
850
290566
1380
35522
1232
950
3240
1828
244
44740
460
244
246
1392
240
4552
238
248
226
1406
250
3364
219034
248
163398
234
2060
616
142482
920
11684
248
49944
1220
89958
333386
988
652
510
252
250
248
24712
756
236
240
1620
238
242
174652
194486
3580
250
5388
908
246
1852
3304
702
240
1852
1912
31090
74092
1888
5356
828
1340
230
4312
350404
1940
116160
1864
1702
4392
5930
64
79404
309266
238
1272
638
11332
645464
82780
1118
2014
1676
922
236
55924
1036
5668
530
1098
87732
240204
1406
1728
238
1880
2210
252
760
58914
240
1530
74000
39158
228
38308
190022
1488
1662
266
892
236
244
1808
620
4700
594
20434
80330
1446
3962
2412
236
230
47080
1012
3062
172456
1018
1618
250
498
10642
130674
183140
43106
2230
1276
2030
774
236
3144
1012
482
240
7482
2166
776
71174
65076
948
920
2210
26570
6280
1070
78040
56094
1722
224
1742
4124
508
101240
375866
3232
1114
2084
138704
2200
2884
167512
248
2332
224
1086
2658
1010
1746
248
2380
1038
246
246
2570
626
1052
111210
242
188236
244
4108
254
131510
3320
135260
574
226
1544
1314
254
1146
1366
43578
2400
188564
2694
1768
890
1754
1228
238
2636
1836
194
5440
1280
2156
80442
866
24374
1866
3540
3934
301054
49700
242
1552
1166
52424
236
159128
19458
1510
226
1622
1958
898
24734
3130
232
5968
242
177714
215716
1392
407274
232
1436
159142
1192
3114
572
1642
2356
151626
232
36182
303000
3596
6658
1990
4140
268
55346
248
242
994
242
1248
100856
10304
480336
1080
7204
1096
642
236
176246
3856
27492
886
2074
57574
772
792
242
2944
238
610
131842
1942
41408
137494
508
2554
33526
260
11292
1402
2030
3446
23102
622
904
750
238
608
39734
271014
4176
238
242
2406
3414
244
254
57400
26888
64
72
3472
125052
371268
3100
2084
3540
119816
1806
7296
2180
632
23210
8594
97640
248
76
1740
1424
776
1886
2964
924
14754
1264
224
238
486
856
2284
119660
86594
16558
14350
226
1194
2062
4482
2966
236
2430
1842
270
22004
79532
2268
44448
61160
64
2344
22912
894
236
11382
46746
46502
1596
3550
134406
2286
1384
2104
2406
3006
60922
914
3864
1070
236202
600
1416
1056
35984
26906
1288
242
1034
262
1262
2870
502
1536
3800
64
2710
238
17160
62
1172
218924
1908
874
2508
3836
2558
1586
240
79404
236
184892
1436
1194
1756
14294
252
242
315768
2844
1386
506
1094
3466
2498
1694
3726
59986
2158
984
930
260686
4658
2186
1800
172186
12626
744
240
7154
1804
68768
3866
3912
242
118788
26974
244
244
242
236
252
56144
4826
4554
742
1252
266
3184
2960
704
2294
1438
35898
2358
256
1628
584
238
242
286770
1832
1176
224
44996
244
1464
752
218
646
1208
1664
656
244
1088
154342
312576
2708
686
226
228
608
1584
940
109234
84612
954
756
74168
230
68
76
490
64378
244
246
112228
24240
3734
10038
82300
244750
9432
248
244
790
604
1812
238
252
43678
53956
1946
246
2216
3146
1210
1212
3758
40586
286290
1538
236
608
234
304302
590
5900
25534
129992
704
250
4204
4008
234
226
246
2520
250
1430
2624
68
31792
26138
1908
1248
1466
914
1636
240
600
236
81148
242
248
2638
228
24566
2506
588
738
69406
32088
2004
52316
101020
1068
1528
248
9374
47450
3948
1002
58294
234
250
88516
66
94174
160192
246
57722
79386
33606
2418
1078
626
620
39902
236
31318
290056
2960
710
610
230
1064
218
15438
62876
2404
6876
628
135732
2768
232
2866
236
216336
11336
1686
21318
9624
2864
26502
4606
2110
20448
1064
508
1286
2660
3462
1308
1222
3262
1422
1620
11294
716
492
198716
99168
238
91352
240
170932
918
3014
480
23462
228
1954
131128
5454
41522
64
948
238
1142
1772
109938
2228
268
1020
1086
140276
5138
242
1972
1356
252
236
2290
2128
922
2698
2988
1804
1870
37718
45266
252
234
39610
1710
256
234
1558
248
1372
1912
174168
27150
46568
27072
634
2486
3824
4650
252
2178
3040
616
244
232
111072
514
244
8860
602
240
100294
72084
29892
54458
1746
586
246
2982
238
17932
2442
906
14840
28606
162838
4276
228
972
1390
58750
242
1790
2974
1922
858
1046
244
1738
1852
4730
1726
5588
86504
162924
248
34248
1120
205464
2354
2552
1130
34258
2814
1052
27762
1606
240
230
26628
5510
118766
1926
2010
612
236
69146
2296
234
45940
2160
250
234
2294
242
39174
12762
744
41058
36974
33718
2922
1960
1434
99128
2800
242
594
232
60266
578
246
82000
6604
105464
234
3488
82760
1684
294578
1380
976
2988
141344
4448
36084
66936
1466
490
752
242
7834
211450
904
1410
89686
216
1804
2776
4770
512
2360
5374
250
2466
958
1436
4460
43190
754
1294
230
244
2140
41858
706
242
242
238
260
13578
1690
84540
226
7810
232
4828
80966
230
320350
246
234
1064
262
20588
1152
1014
2626
220
21248
1624
58854
1088
764
18896
1566
52032
1718
3100
254
1086
1750
1034
1402
1264
920
3874
80420
55040
230
1836
1696
1768
1064
242
31026
898
244
2122
29700
586
748
1386
57160
1560
29848
2000
26352
250
1046
1564
64
62
42042
1756
2966
2262
1454
1334
984
49974
1092
4754
1818
1366
2150
393466
2504
183856
1224
1540
93990
246
2002
762
242
176684
240
22928
3000
31566
2412
4764
1376
1840
238
608
241552
2366
242
254
44434
347810
990
1378
5060
1074
2562
37796
616
2216
232
1826
89026
70518
132452
65496
752
538
39608
3806
1894
240
73098
214854
39768
236
78700
1994
1758
25844
222
718
31030
2404
2492
194096
698
1534
1592
50506
137894
263188
920
2924
21078
252
1262
1206
1226
5380
226
1036
240
30356
14816
592
2942
10782
66
5378
640
1722
240
136840
48672
894
2352
1694
238
808
1214
214758
544
1308
936
836
2324
64
64
16984
346278
16426
2046
20990
3240
76960
902
1358
109556
1752
1068
760
2048
125798
68700
1452
178374
556
524
528
3210
620
556
1132
61356
12136
36826
792
2008
15794
64
189320
1504
171596
9220
82862
1810
29610
1056
66
66
3396
3302
66
92714
934
125060
214352
45248
251252
64
16076
1084
1676
2104
213342
1140
1174
64524
1742
782
572
101250
2550
2356
59020
848
209462
848
810
183872
866
64
64
1808
29148
1058
1268
64
78
1406
558
2186
834
16198
34642
206870
21588
2440
3304
64
62
58212
1262
1884
1194
24154
1470
2006
114676
125290
64
1378
880
199356
664
53428
646
3774
924
544
530
892
1112
2484
644
163286
3176
64
43204
96434
1404
1252
1572
278462
3530
4184
754
70136
808
39336
480744
526
1540
1506
113284
27800
1034
41890
1490
1392
642
30282
678
77222
1224
251208
33316
2488
678
64
76
5422
64
64
15716
109656
2146
1568
8172
116382
1156
58002
990
1404
1340
822
928
24120
2440
568
1020
107680
13008
2262
1866
678
2678
85398
1178
62
64
666
836
70198
2536
10856
4290
746
1328
582
62
78
101996
654
1132
62
1050
19266
30162
1452
64
64
1228
64
64
14194
988
64
506
654
828
3312
1482
556
69900
3568
1706
57580
1878
650
1666
1166
518
154656
64
27228
1086
1252
2430
4314
39584
1686
114062
1882
1366
1696
188048
3144
36474
1446
189356
66
314394
2218
558
81516
2428
1466
3730
1904
9776
1532
560
946
1138
48638
133878
638
772
81464
66
64
148882
1592
732
694
844
1818
101014
788
1264
682
2112
39430
546
808
526
1068
64
506
62
976
514
1136
78
66
990
762
1258
64
64
570
796
1856
1468
1072
86510
12660
640
1998
1766
788
213266
1248
13620
187072
1336
2636
1046
8812
75964
1904
1622
2240
862
29036
524
1182
782
74452
1354
1710
1588
940
1960
1556
36776
562
1544
2412
3532
1852
2502
6268
1320
3346
2366
211964
1260
1248
2312
57446
782
1700
520
13764
1264
66
1150
56698
39342
12850
964
131598
788
61372
79190
1446
1424
117562
1410
1060
3664
17190
1016
528
1252
1372
53832
1374
1938
1084
64
616
194562
870
638
12312
790
1418
64
3258
1310
64
1214
566
870
189148
107288
1942
644
3896
65946
59978
11110
844
64014
225486
85554
842
654
1590
1654
3284
1526
10394
622
522
1032
93336
664
1676
285034
1140
1270
638
1674
12604
1052
5128
820
64
1188
217476
566
1316
746
672
64
1052
3426
1970
26118
64
62
1620
1448
1900
81316
554
1668
2302
642
1192
11290
818
832
2504
1644
1830
1274
1048
29444
850
640
634
2046
56834
1502
1222
64
5976
552
4414
1596
786
58560
1596
2132
1654
1680
608
564
96500
11790
3138
22312
848
2762
1578
71318
1618
1780
2628
64
1942
18762
2016
1138
82074
121740
87998
64
64
1398
1154
111984
29040
3580
38204
3590
808
11694
946
2642
1700
644
914
1554
88410
2784
1348
61280
796
86410
268850
936
12316
980
298212
6344
1216
1294
764
932
1508
37172
654
988
112738
2340
97554
1056
4444
1232
22064
2162
1324
518
1902
47658
944
932
11532
62700
652
1744
522
67054
2702
62
904
20526
64
67544
944
2942
972
6716
62
23304
64
24390
1852
938
770
1824
8244
73264
38782
1258
2628
686
1062
1336
95692
10692
1296
1244
62498
133480
79932
2628
2512
64
2772
38792
1038
1452
1020
91414
1294
1530
64
140324
530
262644
1318
15824
518
516
1422
960
1568
632
125492
64
66
668
768
616
1236
91284
64
263884
120958
546
662
1632
4774
140356
62
64
4658
64
125436
746
32708
1664
88866
66
88370
2026
964
55020
1620
64
1758
1402
66
64
31088
54858
660
638
2324
772
37644
1740
17898
566
1298
1394
2278
2708
72942
66
542
1092
63826
656
1342
830
54000
27590
1340
1036
1296
210600
51284
2494
1630
880
770
2766
1594
1724
131424
3338
3928
77526
76480
1610
962
18114
1588
1426
1374
2418
1152
1410
938
42954
58144
64
109710
1744
4282
1614
27678
7382
780
570
3780
516
16774
1748
49760
1980
68936
1804
1484
1618
662
1020
1594
520
245622
800
994
532
69362
2118
1146
1180
3874
37418
664
1428
11614
66
1106
64
66
1118
644
64
66
1612
135232
66
228810
1246
932
1390
1666
16350
660
62
642
668
35456
10032
111578
116040
37412
792
1318
196846
192866
2450
1954
6510
61226
1154
198224
2690
26192
3872
1630
303882
640
64
66428
4078
1148
796
1112
1330
1058
32670
782
518
64
64
524
1852
66
636
2160
748
2224
1770
24434
50752
764
425724
794
32984
654
2386
4074
1542
1844
29358
64
2894
626
1010
179866
954
10426
2554
29346
1188
64
644
638
35118
1982
2366
14896
10768
24884
33990
64
7312
954
153614
1258
2960
1150
37070
2304
64
211880
151564
64
64
31846
19102
7622
1776
2926
924
940
44670
2242
316594
35602
642
556
808
1248
2238
1568
37746
1204
64
514
760
1556
1314
936
78
1136
209642
640
2724
42448
64852
840
918
534
135054
818
1806
21388
1576
1876
113820
62
1042
760
43598
1796
130074
1538
64
1982
1728
64
1404
2684
3606
648
2584
162332
1120
562
64
64
94640
776
1094
64
2580
66
100864
1470
5566
64
171966
111778
1252
1080
644
2014
12600
690
2244
654
54184
181534
9888
49234
964
1114
73464
134448
1072
187246
31842
646
109662
49398
740
39840
1730
32118
16298
20602
1220
3834
796
1044
2358
888
64
1440
138736
297624
3940
62
844
634
782
31064
1700
62
848
55200
1368
2484
1084
1688
37472
15154
25488
1740
630
1458
514
107984
45534
1406
2154
64
62
672
2298
33522
9852
64
1206
1962
1270
48666
3148
64
64
506
47268
1356
1554
103752
1770
2714
4198
30378
1736
2226
1358
101764
674
16530
936
1976
2118
648
838
13204
820
76696
67842
1564
42956
196258
2302
71230
3740
3592
628
456
17530
83586
154796
21866
64
71016
2484
307342
22540
17682
622
1534
132500
1334
17948
900
35578
4658
64806
760
167750
199798
242822
1594
29160
790
62
2290
796
64
51532
1334
3386
66
2132
66542
1668
71654
282408
62
76
4124
15832
140542
1074
708
3212
27108
35088
2054
52850
87460
2354
120234
49604
37874
6674
2556
59370
928
5866
1792
470
2752
221206
64
39862
1094
38246
688
20052
127642
940
2400
2844
226390
147876
930
1572
3126
820
922
78
62
78
476
1732
814
1716
2972
113072
1896
538482
2862
1150
11762
195166
1722
41820
1254
2440
2196
207470
2904
7932
464
624
62
56400
145430
192346
29886
219026
466
782
163350
684
936
934
1044
1532
952
498
96812
2646
16680
456
36232
1810
21430
856
64
1394
16946
806
14520
456
64
64
76
1292
23586
115682
1576
1942
816
84944
1418
73756
492
20076
2668
114746
86464
3300
994
79656
104226
502
94414
49854
698
2270
482
96162
1760
2234
100458
129902
64
1726
1048
604
2586
1070
1336
818
3872
2356
161744
614
121016
99412
18396
584
2056
1960
1812
110944
3442
191092
72850
183020
3008
64090
105376
62
1720
94398
63778
1134
78
1114
468
67608
866
1414
1094
1710
285092
260052
49482
596
167184
1584
83082
68120
7438
1336
198578
624
37958
1630
618
66
830
1342
118616
28612
2360
64
806
36162
66
5448
54758
600
632
216978
798
233014
2340
2870
21930
145986
5260
790
74
900
830
458
848
197172
674
2182
1976
3332
21494
64
62
1320
1116
47156
2658
263344
1014
23944
454
1348
3988
1876
151478
1002
594
796
1106
59764
478
494
123228
1398
12934
175356
584
924
1078
2940
97894
920
598
21000
227280
936
242472
64
1974
1342
1438
8662
14000
2408
1834
1668
672
62
135274
149522
474
6276
62566
458
165314
838
838
7516
626
200230
828
476
30714
1554
13106
892
658
73676
66
2408
2098
948
14634
64
155516
180894
1546
21532
47726
12264
1564
290514
62
632
610
31232
2502
76
43708
468
728
584
1034
15706
41196
38402
1940
20964
20968
47850
622
908
57410
63374
39188
90030
127460
1070
3256
626
73566
1546
64
2880
1040
76
179862
17426
938
70600
62
612
1180
64564
2594
2976
7730
279898
129860
1394
454
980
96130
64
1468
504
21466
14388
127090
884
800
1670
470
2032
27832
2292
1212
498
2724
2924
244368
64
21974
846
2022
14552
1110
2704
2650
28110
1260
66
141182
30072
21130
322722
64
1118
1896
15788
464
826
1766
1344
4450
151212
1044
1026
1748
58240
66
1278
23612
39448
2042
117664
1782
40480
922
1448
2486
1812
56112
25206
1892
9310
1140
1876
3646
64
40540
141758
11970
760
74562
1632
1264
64
141642
1472
622
500
2426
642
628
466
159376
1178
454
1862
37368
92112
2310
37156
64
2528
25770
3148
1222
1896
476
28364
2108
1756
25074
9508
850
626
27510
1242
3548
31634
2406
64
34814
24762
470
1550
66066
2196
1674
5218
64
36704
105410
1770
4236
64
123670
1454
23536
902
1724
1882
526
6330
311064
97712
730
2024
11544
1212
64
35856
512
267494
49950
710
944
480
262204
1570
107822
496
75944
950
556
85688
1234
936
80
2956
76
644
498
141342
19240
632
64
139422
139586
578
1424
1314
858
796
112838
1840
652
1004
918
23128
1770
4676
78
3166
932
1202
468
1462
1060
480
2728
2464
479608
116034
4302
1070
23810
67302
706
7298
1340
90332
448
1236
187584
49824
1368
1258
922
2922
3054
94218
712
618
64
620
113128
992
1356
1204
9736
1450
133546
878
494
42680
3420
2080
85976
704
576
30126
76
840
822
1028
180630
6230
2752
514
1684
514
76924
1036
788
11954
2214
64
1670
1260
474
87746
1856
814
7608
156216
852
62
1458
698
76
215780
3808
610
62
458
5344
1682
26354
64
47322
616
3000
64
1088
624
169698
262936
1428
33616
1336
830
1204
1134
66930
3166
2686
86290
1668
59710
1860
892
18036
848
1220
2018
64
514
608
241108
2302
1140
7214
478
78182
51234
2116
5096
62
1032
13108
115876
1340
54758
191728
38852
3362
1610
1384
1586
115058
924
1654
62
11844
60922
628
602
928
51390
2278
113512
66
257124
8178
36818
148118
158414
1216
2358
62
62
1882
1672
2356
76
23284
1612
15858
82416
1242
8834
2376
1310
28408
64
1106
1694
972
62
39666
806
185696
62
500
17992
250130
1824
1940
66546
492
41630
502
127096
652
1204
191826
1552
506
67580
2064
24982
2784
2930
73572
1360
2230
834
472
632
262458
438
35700
760
1850
866
133588
194824
1976
1998
72914
1024
1118
24842
536
11522
34330
277982
64
62
18968
207520
134326
13764
98634
26212
1124
1926
53294
938
68262
1816
800
1720
1274
1492
61354
492
1584
522
73372
3412
858
64
2516
988
1620
170138
1322
54394
1898
2352
3936
79194
129380
31110
3480
11716
66
10440
462
460
1676
1070
37102
28484
1378
62
2034
706
1076
1760
96214
78296
920
188710
3212
1582
2050
50642
856
133214
644
64
514
100146
698
90970
33486
220396
2966
1272
2160
89936
1342
135076
1530
2520
924
2488
72290
1392
486
650
64
3596
76
64
28576
1106
622
37230
8586
1576
31374
61122
33910
1118
3076
618
64
2098
1724
66
470
1068
1612
78
72718
1038
632
46418
1326
1092
498
135680
64
614
113876
1630
74006
1276
1386
48790
1834
2686
1468
5182
1182
76
1074
198716
878
686
1448
2334
67236
2806
820
782
116366
3168
998
1184
2218
834
35752
1474
25802
500
498
502
16812
1208
2642
36672
616
468
62508
982
844
4220
290464
2882
1012
638
464
630
179042
494
418158
830
1446
1742
170548
148330
210700
1478
2486
54780
764
62034
648
64
118778
2546
2352
870
6078
492
131436
18772
1040
2716
141624
64
65662
255032
598
2256
1478
2304
962
3462
1374
91052
57552
2562
808
3308
40494
207984
4048
654
460
376020
264
1350
1318
1066
488
1836
1746
4780
1834
1650
250
682
1026
1074
235804
242
19434
1100
248
962
722
244
260
238
250
1556
25010
35636
644
1528
1056
1338
224
630
768
728
538
260
57370
768
954
544
664
1478
2382
854
502
1988
606
496
1250
738
2654
242
3574
498
1046
2604
3378
510
250
2214
2210
538
570
5246
282
1916
242
954
177074
712
136020
662
2178
796
1566
1604
1494
1026
2028
228
694
89828
708
264
258
650
1376
552
854
244
1078
550
180290
794
1594
66154
862
1722
103840
1038
99430
1310
702
586
562
1192
900
962
518
1776
2140
4798
756
566
888
62900
152414
29568
86856
2014
1982
242
2554
1396
592
580
3862
870
1168
228
1430
242
1878
29226
1196
686
250
254
254
1360
2570
3000
1156
614
1290
36692
614
2602
606
1070
1680
632
2840
1776
161286
824
1620
2086
648
1932
1010
234
1276
1066
3900
566
510
5178
2144
260
2776
4256
2014
262
73126
97080
516
2186
664
2274
512
756
260
750
584
242
628
504
1596
578
2510
1876
638
872
658
614
612
3832
2236
644
1372
2210
560
1398
658
586
35758
6584
2692
280
51042
4454
1760
61656
700
234
276
632
716
1104
748
2904
622
874
62
660
3212
636
650
5370
246
900
680
1520
1092
56556
520
81336
74152
1074
5876
1318
4456
578
3248
230
19700
1106
1144
1706
9640
1382
1692
3936
572
1580
1792
1922
1074
266
252
1216
576
71344
3450
27766
1158
3422
1596
258
1558
2666
614
1374
19794
734
1962
2134
592
1874
1624
2418
520
266274
2486
27148
76996
594
520
852
3276
858
30808
1396
3042
618
562
2122
38072
1518
1090
1502
1160
614
72808
1166
1744
1362
1072
1856
20562
1338
234
1040
986
1512
2314
632
1146
2452
952
2040
258762
5726
3368
518
3024
560
244
1172
250
836
68574
65460
646
28178
69518
192088
2152
20276
26214
222
171456
594
46276
638
254
1242
664
6376
5982
1024
836
1792
1416
109460
648
2198
2340
868
1134
956
572
252
580
1766
692
1662
252
986
4458
131140
1502
890
640
85868
1254
824
248
1960
69050
3158
35112
1668
3478
157320
910
74796
2310
53610
204
3186
60114
984
42046
92662
1468
678
76422
1808
5528
568
23108
602
588
854
1742
586
498
270
4598
5756
996
72120
78884
1148
2800
1128
670
524
838
242
1458
1632
842
2304
1354
240
18954
788
1072
4408
634
926
1996
2862
2822
34246
836
104148
137042
112252
4796
2066
250
1018
2336
266
588
1120
602
554
974
238
39344
940
850
2472
54444
2430
1802
38830
66466
750
3088
560
1308
268
28438
706
1894
99144
163136
252
90964
1106
92108
160890
1354
61894
1176
632
248
782
1252
1082
246
2070
244
1182
52602
612
604
1502
2602
2598
920
540
252
21378
118414
12278
13786
524
258
71474
592
252
1432
1524
602
72104
990
994
1392
1438
1338
540
880
742
1860
746
992
71684
632
1738
572
224
24202
796
29240
858
1082
129948
818
3410
42942
34392
103090
86188
252
2050
844
666
1240
4792
1718
622
195426
624
1030
85688
69346
161956
668
246
8696
2794
2446
2224
1244
101044
228
2532
736
642
864
15272
83996
3226
3524
1926
514
8862
644
111720
838
2306
500
8078
7016
2796
500
50308
32050
956
1020
828
30374
230
2234
1750
804
1010
18424
496
554
510
2236
524
716
1354
1452
5064
1024
1578
648
101560
2640
512
624
940
16808
1458
22522
508
1202
702
624
972
924
662
145626
668
660
610
88476
692
778
886
558
92476
626
500
5350
1650
1488
1762
250
238
1250
42790
864
4718
2516
248
1630
50234
1190
7884
89976
740
598
2316
624
2800
1638
2366
1586
1912
24830
260
1470
592
64512
226
518
1794
77036
694
4222
934
1532
75116
926
1014
246
1048
1036
43754
238
64
26130
2996
12402
8626
2900
3762
2196
2862
520
794
47292
242
10520
19344
1322
250
592
1372
2088
2758
3720
614
266
1378
578
258
742
1244
588
680
1514
1164
564
636
552
250
1808
1686
1254
690
2010
1650
2058
1524
38870
41888
134568
2340
744
1874
506
712
230
936
1994
1578
1256
2198
4492
974
1624
696
161474
226
2136
1026
572
576
652
4498
3804
2552
19740
656
88146
246
500
966
2992
620
18270
248
1360
1668
2776
832
578
876
932
2542
856
1108
1420
536
1632
250
2296
244
19716
980
1134
598
195686
65072
668
658
2630
1350
1626
2914
1480
1484
1432
748
2588
502
240
2524
8764
568
844
248
1500
670
518
834
542
37896
658
1098
234
64
1430
626
256
1238
234
2572
846
230
1848
626
4130
1298
1626
1576
562
8490
532
1358
254
948
242
2268
2462
668
724
666
574
1502
3040
91328
88734
72650
1148
226
1032
480
1474
630
2206
255454
1202
2556
3042
972
868
260
524
256
704
520
250
1798
36924
940
248
1122
654
242
2270
23848
2872
1618
486
2050
964
27908
1568
832
642
992
926
966
248
790
254
24152
116544
238
2476
1086
1148
620
1218
498
1058
12168
106268
106002
784
514
248
252
6464
570
644
514
522
634
702
250
1064
990
704
1994
62076
2978
250
16736
10138
1808
564
1324
562
630
252
258
3392
1402
658
750
518
1088
1214
982
842
946
1908
606
1910
708
68738
2278
920
640
656
252
1620
642
492
724
986
234
250
568
2250
552
1876
234
244
230
1576
1500
586
1068
250
844
1668
250
632
900
1744
1352
628
1066
1066
1942
594
242
252
780
610
14652
2058
648
266
1566
238984
1082
1362
2118
3308
1234
634
590
572
694
588
240
2356
1078
234
1884
1216
1734
746
2058
876
3328
250
612
992
103212
1940
2168
40626
924
682
1384
944
558
3068
762
3692
290
942
1158
658
1816
760
656
728
938
132712
1476
68468
1384
211894
4728
2968
1032
4074
636
974
1566
236
8764
4140
1080
252
1348
250
946
262
232
32824
232
738
13438
2104
254
2290
1718
1600
1078
133012
268
150362
2014
3178
455206
248
17512
2610
26970
238
1350
588
17198
53570
246
246
2024
97646
3816
788
234
2056
1208
678
244
5782
232
5642
18434
1658
958
2572
866
1798
1930
183166
1068
569196
238
266
2874
1298
1868
1252
1010
232
254
238
4952
264
2884
98426
2688
14154
3850
260
3050
1390
1526
1032
1644
2824
1078
97634
2312
658
492
246
926
1566
786
2596
2828
820
712
1242
858
63328
21808
266
1786
4816
1892
80678
3252
868
252
248
1234
1458
3566
1280
960
142478
1900
1176
66
14770
89026
2114
946
234
600
244
8532
1380
1592
74244
1422
820
718
2216
67646
3670
256
264
40386
35680
492
1948
13440
5286
250
2430
1486
244
744
13916
1190
4346
242
238
34840
18916
211686
2652
1528
2246
3000
666
1000
650
2874
1216
1872
804
1930
3164
956
944
5184
303886
618
2762
2768
702
2282
630
1060
1470
2658
1672
974
139686
1622
774
88450
1638
1204
18384
1074
1398
1976
139114
3382
99780
2292
33306
892
3164
31230
116596
1168
758
872
1658
514
638
1062
956
2256
4930
1048
2504
47196
97846
238
916
47056
1190
1822
2814
766
57706
13960
21610
2286
4932
1530
232
932
1070
64
35726
3406
988
238
1872
270750
1920
1208
934
3818
624
1988
1310
23228
246
116970
4550
1566
5724
266
1396
3616
1182
490
1746
1704
1406
22354
2608
1438
258
1680
66522
1794
3050
248
207554
63652
648
1242
22336
120414
692
260
642
788
1116
62
232
1358
1454
1046
234
112526
1328
234
1252
2594
1380
1422
716
240
4256
1134
944
832
1070
782
15172
884
21418
2718
2020
1616
4096
31972
1528
726
7526
244
1342
2356
274
1674
54724
3130
1958
2876
48080
1442
117436
1194
1164
288
786
988
2204
2370
13866
88806
3256
206048
1160
1060
2318
56594
47398
1052
4694
254
60376
696
3414
1446
68836
5590
266
1024
4538
1712
2654
690
64590
3844
11706
752
1692
246
90968
244
1346
2994
800
1438
622
232
714
118906
2814
1278
234
500
800
728
850
824
1324
10476
178986
1158
173186
5864
234
2862
85976
256
2210
248
250
236
1956
1166
2302
600
260
608
610
1384
768
3226
2040
38938
236
1088
48014
240
1212
1036
1220
1118
2280
1010
476
70348
161036
2272
1942
105240
93750
258
2516
672
1914
366010
1728
566
68228
123524
952
26748
258
1408
24836
650
3358
117574
630
1022
36720
9954
2178
20642
1262
250
276
1630
508
116648
1374
1458
702
64
231034
3052
1530
2772
2824
258406
1300
1780
10522
344884
3038
250066
114626
151728
246
1794
2328
30386
2632
65706
12676
242
110758
56128
54642
1704
1712
35576
252
764
620
323914
2534
246
264
34506
2318
1120
483794
2606
194172
2346
101518
2248
1048
1072
74290
1718
2072
1626
2158
52520
260
904
238
238
734
1230
2652
1826
662
1604
2486
1344
2106
288
1976
1344
1368
236
180772
1158
262
1080
660
922
250
116864
1288
93162
578
1276
69372
1676
750
1808
286
244
258
1802
266
254
3406
1870
39350
694
1094
1028
650
2108
584
3784
3016
250
123626
1126
766
1658
254
3804
142400
250
258546
3098
938
14194
3740
20844
1534
272
1060
197080
44538
248
2204
1432
1674
199048
1946
234
230
540
1028
250
2254
780
1668
1222
1394
65214
1414
1382
270
2454
2356
294
1952
2208
1700
1518
264
50734
3018
628
2014
240
726
1262
724
2502
1266
2128
1118
272
22066
1372
626
1944
1452
266
1456
760
2488
117730
274
4412
1074
236
1610
730
930
53264
256
76854
7860
972
2190
774
50230
1114
2482
756
1302
784
754
734
2626
3872
2530
1446
2870
652
252
1382
758
1932
886
252
2078
64104
2892
884
5514
598
1248
234
3442
3230
3410
1160
2802
1312
260
702
518
1810
16220
19074
1738
250
1080
2060
2634
262
2480
2216
21036
75706
992
1376
2556
1360
862
13638
182408
27638
236
914
1974
191328
1214
1058
284
36228
2598
1756
1140
266
1574
4180
2084
1972
181160
1072
8330
702
1092
1374
1390
5606
500
18468
658
1078
230
11600
76896
199694
942
1226
594
620
8780
85026
2290
4822
90830
720
207970
1480
490
146890
2530
243898
89070
482
2056
1702
3980
720
1244
59042
1090
1950
3284
250
2940
12642
1284
990
852
642
10874
4900
1554
10462
1026
244
223148
752
628
2192
2516
3950
2164
772
248
1124
764
2036
238532
920
14604
4452
16490
916
88798
64
2702
3804
97754
244
230
628
75186
252
1906
1146
1700
15884
1464
268
1142
35684
1200
1394
1214
660
1036
286
81658
5516
155526
43762
25132
35710
3892
2594
5396
230
1336
2484
710
248
1900
378436
16628
3732
258
15682
88370
198616
68984
46050
1490
17814
28882
552
648
18802
1258
1910
2426
31376
17088
2630
270518
3572
908
4382
3104
1302
1134
578
1226
280
59226
73102
34044
788
1206
1506
1294
2118
1044
4814
1202
103488
103792
2234
56850
18214
760
1236
790
6424
4006
99752
5752
213852
32140
1470
71302
178140
65248
76
706
1452
1832
1566
2532
254
240
720
232
914
1488
23406
790
704
4198
80230
38130
270008
153938
76
232
21742
8470
1994
2286
774
1152
1582
16666
1838
642
47190
270
1020
1700
2500
156870
60806
978
4922
2726
2658
75716
628
1882
2294
2882
2140
87148
1726
29032
2026
1360
1446
3340
114908
468432
36176
2680
296
890
2708
3520
256
3038
3260
94438
2586
1200
608
944
1232
182212
1476
252
1470
143632
1350
1080
954
232
230
3414
25028
313054
2586
1030
64
3116
358036
238
2226
104440
1206
2004
1800
230
1368
37544
2354
230
1322
2440
670
4284
77432
