fff:0:0:0:0:0:0:0:0:0:0:0:0:0:0:0: (total 12)
0 1 2 3 Thread 0 going to cpu 0
Thread 1 going to cpu 1
4 Thread 3 going to cpu 3
Thread 2 going to cpu 2
5 Thread 4 going to cpu 4
6 Thread 5 going to cpu 5
going to barrier (cpu 0)
going to barrier (cpu 4)
7 Thread 6 going to cpu 6
going to barrier (cpu 1)
going to barrier (cpu 3)
8 going to barrier (cpu 2)
Thread 7 going to cpu 7
9 going to barrier (cpu 5)
Thread 8 going to cpu 8
going to barrier (cpu 8)
10 Thread 9 going to cpu 9
going to barrier (cpu 6)
11 Thread 10 going to cpu 10
going to barrier (cpu 7)
Thread 11 going to cpu 11

cpu 12 cur 12
STARTING...
going to barrier (cpu 9)
going to barrier (cpu 10)
going to barrier (cpu 11)
STOPPING...
Duration      : 10000 (ms)
Acquisitions  : 4175597
3960
188858
105322
3578
442
804
228
1070
232
1264
624
822
564
1542
2184
1208
604
1810
1508
2942
2162
2840
5960
1290
2220
1070
224
131786
228
4610
1464
1906
32740
846
1814
4428
1044
336524
900
1214
1702
220
1332
3324
1362
3554
1096
3774
966
780
946
4006
3406
870
512804
898
814
2506
886
4620
776
654
2768
4324
5882
1862
296702
1342
5514
227412
2114
1406
584
1322
252
1966
1796
548
922
3822
322630
676
117732
2246
68
206
356
3132
634
8018
3968
1154
494
3534
1706
8484
494
232
2032
5140
199096
5040
562
3994
332
1024984
650
129248
904
479254
232
4730
2284
216
222
2680
534
730
514
582
3852
222
1770
1834
121102
3284
2856
3642
780
242
1532
66790
197040
99870
3464
1488
205662
3102
1484
540
1527990
1024
1240
131684
53210
2084
2844
1306
236056
1014
642
39672
190534
4030
1220
1448
1722
476
66364
1088
222
1258
3008
10920
4320
1478
4490
316856
38592
660
1108
1436
47444
3078
800
2350
736
2638
1756
5852
928
191548
1080
3612
5512
1152530
1226
13508
4454
6458
856
36418
2566
2816
1542
1612
1194
4858
2524
224
136394
20026
2148
1150
478
612
1294
1628
1254
210
224
5196
252
1112
102084
2430
728
1083838
1298
1420
4016
222
208
902
1870
1212
754
2450
6868
1066
1670
584
214
36554
1868
2618
102828
224
946
1106428
5672
3314
348
1297832
3912
1156
844
1110
858
836
3020
5778
2872
29792
2080
1338
1402
800
224
1114
1560
340
2344
2760
634
544282
3578
2434
1870
2600
994
1640
1542
2064
572
828
1660
508
250
83318
2824
5592
2186
244
750
3328
728
776
1862
1014
908
882
1500
1860
204926
1506
3924
516
4274
242
1284
3522
694
3528
133098
1097046
856
3664
3774
566
71508
4490
4734
21942
1722
1252
4720
2466
61248
1894
1738
1062
716
3090
1174
1064
974
1402
504
1640
28194
3586
456
3200
2810
976
874
6644
600
526
650
2330
703808
7430
2222
4068
1084
1544
3068
2516
183180
1486
5360
3252
954
4060
1341890
2098
826
5184
1354
264
662
1142
487250
1486
2522
1196
1762
254
1206
2686
82516
1040
235314
984
2712
1116
5480
4032
169724
1858
528
3556
996
25776
2530
4304
646
7144
5960
248
526
1326
970
2006
68
226
3332
3960
1078
852
618
3486
2084
212
1158
109680
826
5292
6786
4118
4684
68948
148552
2130
2738
2128
572
3038
3808
731126
2308
3224
259060
1942
4024
1360
122104
896
740
643634
1604
2186
2462
1018
3618
340
1308
870
1412
2250
330
1810
3892
3916
148576
240
5788
56032
214
84002
10272
986
521500
1656
924
1928
2318
271720
2032
289884
1204
332400
19736
862
175116
1126
60766
1770
3212
664
4420
3354
7056
2592
1438
906
2672
773172
354844
1208
894
2102
1558
1026
84924
766
266
994
3098
3512
1480
1784
4712
1494
232436
2848
1394
670
552
1564
2806
1360
1202
526306
7920
1168
158678
996
244
206
2220
1398
774
89244
3964
183026
271086
962
3230
732
475770
5100
766
5828
1282
515370
149202
1526
2628
4324
800
824
822
250
135530
3864
1476
220
582
3790
254
3130
1990
512
694038
1736
950
242
2770
3564
926
104926
137504
2862
1258
1942
706
1274
3952
236
710
2494
798
1350
238
2270
914
4576
3280
1934
2836
210226
7520
898
666
1360
1106
208
108338
1320
1324
480
4368
2524
201246
1626
47126
266950
1160
772
102848
694
642
13482
556
427928
106640
1650
5030
43864
118508
1468
1042
904
101842
1366
345474
2278
1776
72574
244
5066
808
558
5364
268266
1314
7516
2648858
1028
281938
1196
181652
920
1354
1572
209862
5312
484
1794
2032
4876
94014
510
2070
2080
748
1964
84934
2590
478
68
2628
1216
6690
76
232
1072
1356
2614
2086
524
580
41430
6308
8254
360
792
1812
3108
1744
1496
1296
31822
620
3058
1248
236
776
1434
2156
5182
8714
1900
210
798
1198
216238
106254
7056
354
456
5672
45484
618
3896
3746
1962
2292
214
359460
223700
702
4200
5812
3284
1248
3862
177708
69962
234
19874
1864
234
101130
6254
265788
356
7620
2314
70468
236
582
265034
3368
842
244
2784
410362
248
842
59428
2488
1900
3060
992
1290
3534
97594
1576
256000
2574
2478
1864
3506
3950
554
6314
1412
2050
3510
2016
342
6210
1026
1086
2720
190746
976
2838
1174
740
281778
610726
2262
68
224
1880
5956
610
2936
1101666
6166
964
2070
2460
1076
3304
2070
518
2066
2996
10352
2924
790
660
2130
504
960
54696
822
2492
680
1042
53504
512
529524
6602
1416
5288
55264
42346
2188
810
2190
68
494
2078
2032
1762
242
1620
258
1484
650596
144420
4084
520
3378
1302
816846
966
914
1524
1710
900
734414
1232
484
534520
806
438122
1970
220
606
733440
246
978
1332
1378
458
215260
1668
986
3650
2838
3372
272702
3332
1728
3642
1840
2418
180228
5212
729404
762
1264
1330
1142
218
4054
1702
960
1432
178452
1864
68
572
20370
1164
222
7456
40878
55200
3092
962
3066
1034
238
6982
4388
4260
10726
369444
4174
344
258542
1552
1712
11874
584
1360
1938
674
630
13394
4698
1012
638
228252
1258
214764
1412
3194
2082
275552
5024
2998
1064
79290
744
727316
3478
1218
606
236
1742
4110
3454
2588
2140
4870
2266
1666
618
307258
3060
626250
68856
113208
123042
155434
2796
572
4568
2390
500
4028
155072
716
1178160
972
3030
508
1456068
4658
2058
4934
3616
4210
2164
6108
783162
3424
2276
230
810
2800
560
746
4438
12272
2082
1158
75530
2648
1084
2692
628
6154
1760
1720
618
1486
2708
3194
1068
106340
1228
1504
1002
2452
5186
1410
331034
2454
1478
2868
852
3738
2768
1678
848646
2368
1598
292878
624020
1634
520
1042
8826
1526708
357368
880
500
986
3856
709938
350
2218
582
1514
1302
1118
1456
583242
5382
9048
29184
3486
224
906
924
1968
288160
352
1062
223460
599376
648614
10382
89782
3624
616
792
236
22132
99778
3924
2432
258
1336
4026
1730
211466
2132
256
7860
357466
1388
5488
240
358
1425434
648308
557046
3080
1086890
1106
1538
246
3152
12130
238
2414
910650
5694
2438
1429584
358
4378
592
6764
65186
136158
3632
497830
2414
5440
2336
347876
3798
1380
584
832424
598
616
1580508
1878810
1492
374
2916
452
236126
3636
3934
332
890382
1734
1386
3236
754
1750
1760
114030
3512
261500
2672
15394
80676
228
352
2956
390
6132
230
1142
844
1948
4792
1117138
586
1300
296998
26092
4618
1432
100342
594110
780928
4670
3700
9816
378
650624
4366
250
1555904
5844
1840
593662
2620
214
4320
1626
324438
4350
4596
234
1334
1884
2498
3114
256
1094
2018
1752
7986
214630
226288
1274
934
3926
3186
1214
234
2486
263792
591508
236
174190
4194
612
12710
236
2364
750
2166
855004
970924
3808
238
6500
2218
650
358
1074
4364
2778
539406
1818
181166
246
5168
1672
3888
5098
2504
4138
1484
1436
2152
2968
230
84876
59394
6064
518
222
1674
770
1654
1343562
220
436960
332
324896
470444
431444
71416
123348
175898
414558
4000
469554
228
904148
9696
2148
239888
370
296536
683434
2012
242950
248
1124
230
1084
1911680
1738
2484
404888
250
220
3091774
222
772054
2636
226
3380
809432
948
416720
252
2340
880
1434
720
712
6550
5646
6118
1904
254
586
2370
1968
2290
352
236
212
624
244
3248
1814
240
2415898
29668
690848
1484
319376
2472
7222
1812
1093436
462472
749250
195856
757664
467838
36348
2232
2328
977648
334
3592
1808354
3674
286658
324590
17486
82
1224936
93084
91502
414478
5852
14526
234
168608
5662
1862
5946
218
3608
232
4258
1842
176582
304862
141556
1346390
246
2354
235758
1976534
1108312
2854
3440
228
91792
2594
582
474
6212
2082
575034
250
3042
254
10984
1258
2143986
228814
62582
260
2157246
2098
246612
1358
2270
1260
240
2440
751464
1440
230
2540
4584
9078
5638
386070
972
4792
344
329016
216
914
577488
110474
3424
5756
254990
8360
947556
1078726
224
2552
1100
216330
8056
108826
4324
3488
3000
459088
3750
4114
214860
3266
384
1276
3216
222
1769394
1616
724
1490
1316
4792
1477460
3488
473196
610
139296
1272280
244
882
419178
972
2872
92432
1674
1056
3238
220556
2450
2116
2754
14410
2504
246
1040712
2156
13054
1496
1632
313256
64102
68
3501222
4384
240
337160
212
4990
1582
2170
1506
806870
492908
4044
155528
1864
600
4232
480
3992
1736
2976
2760
3570
4078
280
1496
3202
4496
3180
8200
2032
4514
3324
480
3942
301786
2966
2112
3564
185582
2891398
1468
68
34552
71384
264
1786
3368
5164
6194
230
872
4044
858
220
934
2049964
334
338700
384
926754
569312
800
2282
826
215166
346
2414
4406
342
2494
68
1178
228
2196
970
2756
1908
317516
732004
232
280
442
2380
268794
238
383618
372
1016
440916
68
8072
4786
2716
1426
10980
1600
369870
226
1032
1176
3332
1933844
1066080
138484
242
101548
1050
328726
12866
2734
1110
5326
1542
1490
350
61312
39460
1778
1038
595524
498
4206
392590
372140
41700
866
2628
407248
4168
1876
1873524
2760
12652
289984
844084
3018
3290
1476
220
516
299898
3438
60330
5754
233830
13614
1817302
35598
1718
3610
522908
1766
1596942
1038
29310
3234
2102
1130710
8140
283734
774
252
246296
244
1362
112660
1720278
285338
3314
218
2169098
3178
1959676
1718566
1943964
3472
114044
3128
220
73956
780
10084
620
7344
1096
1192626
1384
2378
59672
3264
260
886
3346
1104
1250
512
266460
462332
252
747330
579330
370
412544
244
244
10968
522
1562
1380
2070
1366
102346
348
236
5236
484922
68
32640
1124490
356
2456
34104
122656
3506
6750
170764
68
336426
246
4128
2484
226
12758
4690
2418
494
216
230
409334
1301030
448
93708
6454
250
2662
356
1154
464
2002
211570
472
167672
12800
6550
118022
220
7628
1448
3450
210
240
230
240
1728
234
234
212
2772
250
10524
3542
1330
605962
238
262224
1698136
224
2660
230
708
242
1916
1436
1632
2888
2520
280788
430234
496266
308448
1282
2694
5386
394490
935224
1470680
525796
211730
264
248
1332
348
234
1204
2512
334
1274
242
1132
834
1144724
1820
2085280
2942
226342
2334
6490
1008192
2490
318596
2456
179252
1326
393970
1932
1591012
250
2644
48494
356370
86170
4132
2102
191506
344730
5188
1446478
5266
2556
683960
6116
1089336
2932
910
373804
263752
4438
633990
1540
1701870
1443892
2402
1610
8082
95204
1298
2410
2510
699516
672178
230
1004
4244
10526
4602
3012
2766
2214
8152
1658
2058
858
3734
228
226
862
1566
362
100554
1372424
2179570
374
2210
3892
4902
1734
4386
11490
412846
376
1236
3194
248
3476
434728
790570
4314
1690438
1584
238
6832
1956
7748
2366
574964
274160
2194
504
5448
3124
7562
1514
12944
218
1602
68
2714
500
4470
1176
413558
399900
314396
296602
3596
2764
768
968
951150
680
584808
2340
41990
3402
238
2126
1534
2488
986
1980
702
1708
1298
1062018
1207266
125520
29912
1546962
242
5372
606
200
808978
476
102606
24350
780290
346
718886
1470
1334
376
234
4774
634
281336
68
166806
898
54718
344
281106
6750
123472
6020
2576
433266
2312
212
7538
1544
1806
218
3042
5992
4328
5994
607276
5390
228
81932
2674
362
4736
988450
2472
1782
481180
226
351310
348236
1776
1398
331082
1038
513116
3248
212
6758
2036
632
626874
5030
6002
334
287888
3192
1017528
833332
1396
2066
1208
4630
990
2540
2044
3588
1938
842
4278
342
209120
1392
3048
1990
8526
2846
1814520
2084
1694
2086
256
4560
171350
2424
4130
1332
2122
7526
6188
3684
650274
323348
2042
2967734
2028
3718
628256
1683576
246
26610
1242322
6582
358
256
1234
1645512
3328
2168
1440346
224
10956
1420
1120364
405822
328
903722
4468
230
764
2516
1890
1890
1342132
676842
364
350
2990
1174318
3220
250
342
5502
244
588
2463302
453434
228
5428
323818
350
1167000
4380
469504
3474
3328
1534
1192
2880
2462
5024
674894
1802
2050
388832
1980
109398
68
1080332
2676
541472
109732
216
2675278
3386
3334
569836
1615708
63300
220
1662
482282
3464
2672
6524
686
2910
3624
236
344
3654
1704
372
5076
210
545540
1274
1354
2656
70
3256
208296
5540
364
1536
988600
230
659196
919914
253738
426552
1036
858
1139830
250
739314
2446
1884
1340
1574
244
1277284
1099644
244
599158
1137424
2656
1044
3376
202844
30252
181700
642576
2035742
9544
14080
10326
5142
2052
3906
4896
5572
1506
1958
1320
11278
832
220
374
236
212
4104
214
342
1403894
7736
544
6080
1393232
224
254
220
790
222
3015978
222
5642
8060
1228
68
3470
1227310
1884
5278
1108
240
2692
5536
2282
3186
1855918
1182
754152
514
68
68
1428
640766
2010700
158898
7856
303282
120538
3170
7428
5334
5100
39012
234
5146
22570
3464
774406
449444
962296
242
362
3454
9416
264
2630
685670
319720
1598
228
918
1802
1197932
4576
368
752876
30942
250
7496
342
2292
2103346
7232
474
472
149782
3214
398404
230
6354
6172
232
3096
8944
1840
98466
339626
664
352
1030
50522
1502266
364
1500
146218
3570394
2298
1348
1374
134406
18386
1184
4212
1808
944204
2262
6712
240
74238
8020
216
234
222
28182
2402
3006
2520
788744
1972
1012
464526
210
1630
42334
105912
4280
3168
722950
832
1033406
818
497970
2396
214
1062
254
506010
400772
3190
6888
2146
3262
9874
1060
405794
3180
4650
1800
236
2478
315654
240
5308
230812
5172
551364
1714
2378
240
4690
1668
1310864
1672
2736
4142
2596
2356
2084
52186
1454
1291076
203208
128376
370302
258
3244
370
2002
604
6166
3380
1300
14222
7196
384
1482
3710
4086
54950
1578
1724
3082
228092
368
409472
1922
419028
80158
745546
894
232
345254
2150
1258
7990
4102
3044
187528
1906
2064
1956
4114
69526
122708
318056
376
556
1984
4524
1280
260834
474
7320
12792
598
316022
11060
627094
218
232
370
221880
288708
1120
2046
6970
701296
1736228
50234
376
1164
244
236
242430
2776
1756
1964478
1374
59746
2300
1884
3272
11390
1160
1340
758654
179586
1578
4962
606
3064
1847660
1880
3452
226576
7192
348
20412
5960
268
232
350
1485996
4630
886
2838
682
5684
1058
1474
193238
312912
4822
243166
289868
380
1804
838
218788
187384
40950
3978
1516854
218
2384
5088
1274
1666
2502
2582
485730
724
246
4444
2554
169206
226
4276
43388
726592
240
783930
5988
1506
51978
2088
252
822
5076
9166
468286
248
3638
4040
1394
814
2318
850
1058
1532
145368
242
6610
1636
13226
729066
4762
790
2465676
1138
1368
318432
2210
3566
3318
3894
68
68
466
1516
68
5982
4904
3024
786
49206
68
2752828
234
5054
147192
1492
3146
2842
238
254
3614
230
254
3014
1484
384
1165410
217718
1170
824
5546
7630
2710
2646
8020
780
1045626
218
119006
2348
4304
5316
952
236
4360
936
1976
1186
242
3288
1834
30402
700
1668
1172
1071568
1068
230
191812
804782
1019626
2742
68
1470
816
230
5432
1204
2832
951450
220
6414
7768
230
345010
115188
68
468618
68
68
350
370
430354
1199732
15478
8564
4680
4586
222
2066
791430
2210
13338
68
3280
366
4320
254
224
256752
2672
1844
1782672
22380
1584
72
68
242
302614
262
2604
16130
64042
3252
2704
7630
182698
12178
5354
352134
2056
5874
1930
262
230
7252
234
238
1662
262
230
582384
242
3662
1282
1122
4786
232
308972
4690
1107964
808
3770
2169234
3022
3086
4860
1960
2646
250
986526
230
664422
2492
1590
1574560
592696
226
6746
3594
232
1482
260
185696
1963196
744
723226
12774
1225408
874
6036
8260
396216
2386
4626
246
4984
234
2388
4030
248
242
72492
3106
1634
156886
146266
368
9772
1482
468962
228
9116
904662
2488
5542
68
68
3252
4636
5766
4192
7364
1420
220
370
2272146
376
1120
4356
1159028
4224
2312
244
742
665702
2358
3272
220204
200906
1404864
401746
2310
2788
1020
232
1061732
4860
313008
494
1702
1123746
4128
5162
12260
90500
1530
2456
252
2424
6050
1556
254
258418
4516
1807196
4054
2148
177048
356
6338
260414
1405762
510
238
7534
6444
885932
1990
806
244
232
15022
2204374
246
222
246
176832
1666832
370
1118110
2082
82176
1656
1570
6672
236
624000
6438
2532344
3328
1286
193874
3554
70
68
800
239338
1194
121502
1306
230
161266
1644238
1198876
8828
373314
1976
29094
678
5130
278
11976
3072
378
3278
7244
103956
664
230
2046
3262
283438
500492
573534
226
346102
1058
292202
1830
254
2376
706
1162
13828
620
1364
230
1262
1410
5102
934
4026
1740
250
380
922
3494
3950
437360
220
3816
4042
876
2534
2208
742
301986
234
4160
234
180004
222
242
4962
2398
5586
4686
776
6420
2986
492006
103518
3410
4814
1452
2050
17318
296774
2554
1042
262
1804
238
822760
3246
1031344
189050
555608
1880
1854
3590
11708
1802
5516
936
3888
1120
348856
250
13370
48614
706
1788
3536
1302
2808
370
1432
1442
362
342
2360
228
39280
4074
1606
788
2882
804
1722
3282
3396
978004
9318
366
4456
1058
351594
7796
132614
366
3192
2060
230
1330
208
2254
6468
7784
3292
2012
2828
2572
4356
784
2360
4092
713716
1806
393226
354
1186
653018
1455332
106222
4484
260
2614
892420
234
68
4912
642
6042
1070
677728
1664
1115764
42990
2789814
102826
1204
1512
3732
223202
3146
358
1384
10604
3506
68
68
1426
4586
23574
218
321856
1468
2804
1946246
216
551546
1816
2966
390202
2522
1376
684
1449794
622240
1936
514860
4292
5282
2908
3257850
150656
14038
1348
44024
5242
3600
676
4684
166534
2722
220
1236
4812
1698
230
1600
3080
256
240
763690
1978
2642
1530596
1272062
3014
3064
1305748
5398
324164
224
696266
1830
1172126
5282
13156
5278
508860
3064
242
1994
238
394
905572
135508
4034
7538
53646
6360
358
12122
68
8950
3634
19294
13064
1124
2097998
370
1384
2312
2120384
232170
2824
220
1394
956
5776
196140
1659852
236
480
574
2674
3398
7608
4346
773088
94404
674
1630
1140146
2094
1654
482870
1112
216
6886
228
4282
3286
372
1156
321258
2628
1453196
231828
3586
679452
2152
1102
5264
2002
956806
3004
714
3372
854
111854
476
789432
1500236
800624
1764
646
2492
402788
317992
988
374242
5812
228
4048
1953988
1418
246
222
1030
238
1104
248
196078
4644
2956
450684
8522
1482
340
8072
2118
240
11122
652010
2076992
45008
304
682032
1370
97142
3818
831618
198642
1982
707940
8788
236
4138
1112
1450892
248
1122
248
1506
418050
6166
155846
252898
784364
2946
20914
2146
4730
1512
999808
986418
419542
3423484
259094
2305286
481748
232
6176
2814
3042
100850
2444
622696
1406
64032
144544
4368
1108
234
3360
3064
626240
1476
1248
1210
106146
8734
2478
351910
352
9934
70650
212
3846
278868
2808
3472
9288
4804
343894
2442
20974
2106
1114
35118
2019874
4912
448172
242
3720
2878
3732
250
268478
244
336
1966
226
236
714066
218
348782
238
3524
236
210
1013108
352
375860
4748
228358
1274
214
6030
232
196230
4116
608
592
259462
75250
2138
5090
844
64432
59016
488
4606
700
4786
7666
597164
349628
694
2414
2180
66170
582250
4714
230
1763482
2870
127378
1914
2422
1500
2166
286364
740
1056162
205508
20096
115992
290498
2302
2492
10204
234606
478644
232
2638
872
1822
4480
1714
500
990786
798
1226
750
466
5340
656650
345936
1087406
57088
6872
7532
1498
179902
360
474
1886
364
980
834828
2254330
1704152
4198
88498
6252
4974
907986
492452
944
68
1274788
224
235310
3152
1029720
1567358
2478458
1126
226
4968
700414
344
366
767778
466160
321164
174
466
1506
154446
4206
2148
3558
194332
844
232
62818
1024
670
609660
1138
2214
1142
2488630
2308
134990
2518
246
9258
46328
996430
260
240
36498
6850
1858
248
240
2468
5062
4862
778666
5092
230
593064
1456
29958
5738
1356
2878
574612
6012
3712
500226
6732
1692
244
1242
7204
700
3988
2000
3122
242
238
710
228
7948
4432
6758
1830
476124
9188
478102
96854
2632
988
2120
52092
2100
193218
2880
350
115534
724
2882
3340
1336
769026
6810
674
3962
356
6934
1353692
5446
710
218
1472
504
3388
2780
1304
1956
268
7230
734
712
2888
3000
220
1404
3324614
4438
1262
4682
792
256
3776
3336
1558
1302054
10968
232802
3508
2074
662
9716
614
358
599980
228
4458
690988
222260
52280
1218598
844
3324
1728
232
754
3490
1556
75640
226
210
465158
244
4186
41998
9110
492752
928
1928
4762
2342
179538
347510
232
1650
1386978
1190
78598
109566
43572
218
207022
1220
3588
3578
103482
889154
714
18618
212
1141592
4560
1654
1860
5972
1920
3100
7608
2366
476926
1536
344
414888
1786
61350
754806
382
4874
2204
256514
407556
1966
32198
210
250
1224
1698214
6110
1614
226
378
856
234680
1456
230
4394
1710088
2094
7204
7094
1518
114638
3206
1076
413096
2542
1652
606
18724
216
4402
12286
2276
1676
503404
200760
3236
4140
586
1169724
214358
2816
448408
4988
2064
606058
208
2462
68
254
740
342
1908158
2604720
218
2446
8976
3382
3418
334
852
462
208
2259058
244
1097732
885754
470
4830
81966
786296
5824
996
3890
210884
1600640
1542
4904
612
602
6060
5548
238
3950
592
2002
5182
260
740
14434
270
5162
778
244
2436
378532
2366
206
4734
1048
232
2265664
10814
5938
7490
1012
340
470
33876
2722
23574
3154
238
4298
250
2544
765916
1904200
3834
450
1732
7126
5342
710
1294
8494
4946
326510
230
2812
1367408
1848
74244
4036
710
1286
833780
3984
7606
5582
612712
1158114
9152
242
1458
364
234
86994
2966
1721098
788
3142
3224
2909226
996464
3312
1744
1480
4206
2720
514
234
1590
9756
1440
2438
10226
1334
5408
3470
5720
1100
1241706
1826
661064
7948
1626
230
1110
214
3410
989720
1352
6904
516440
2438
2406
70
932
2360
2422
372
290140
250
362
426238
7282
3852
117072
4506
17974
262
330
1474
1494
5394
4372
12672
812
242
250
6630
3260
3744
4156
3544
9950
1230868
1230
2038602
5138
267854
222
741298
3092
2242
1682
3248
236
978
362
868
474
4912
2435202
342
2244
1857212
1124
6478
960
342
5106
342
291666
1464
374
256
1182
2698
1778
223912
836
2528
532056
3180
2022
9482
744
3732
1419304
1146
3818
2536
984084
3728
250
743822
45760
4536
2528
1700356
120794
7910
3857732
770
3740
1856
1327894
986
15264
1866
4606
94060
361510
350
1766
21428
3634
3098
1966
266286
1638
1894
3484
1014384
4280
2600
4146
256
6496
220
4282
3756
4904
4172
423214
230
89956
10426
368
4684
5400
491926
1148
244
436604
386
360
13282
360
3174
1936
639782
4880
226
490478
2842
2498
1896
125288
232
6440
2444
2434
1742
728
1142
644882
3298
1288
480
2090
320354
445400
2978
2956
254578
875818
234
1998888
372
766
11472
352
4140
538018
36412
778
1088578
192756
1072
340708
3120
1864
1546
2807896
240
3782
8850
2494214
222
117838
1506
6438
586892
328
214
323172
3434
1394
966
582014
234
4254
1944
2078
3290
1526
2998
2264
916
1004
270
1813170
513334
216
4038
8102
2346
1882
3942
770
1671430
3420
3698
228
230
242
302296
3442
1654
2442
3148
3140
942
2750
396
161608
742
1286
312926
1866
1910
714
9726
1068
2488
2462
3557456
26776
1352
4042
516
2628
712396
2222
384
268
3584
620
338
289324
730290
12446
3628
230
103354
3862
2642
5262
360
214
6992
1174
704622
2998
2046
4384
2626
234
7038
7598
238
1444
7930
2914
1468
938642
2952
254
980950
1734
5310
2750
260118
230
3862
738
2106
350
6326
611434
642
1042550
356
1188
242
962998
2476
21530
2204
4654
224
3924
1652
480
1118
2184
166978
1100844
2154
1506
1584
824
224
2898
3458
4154
435508
1708
370
240
4606
4148
362
332
358634
6642
226
1594
1546180
5320
4034
423528
128448
27524
1412082
5102
1241792
222
77454
3151022
4550
430656
3086
5802
5922
260
1850
242290
2790
2988
340
2750
592502
988
8666
97678
1285682
940
126230
214872
1034018
359910
430
461106
159300
1162
3646
1449426
1360
378
3056
1146070
3496
2310
11750
512
220
2968
1950018
336
178
3070
2248
5320
708
1536
434134
6526
91890
128112
4580
3756
442996
840
706
2090
2200
1062
1896
4884
240372
252
3624
1782
1568
2120
1486
2964
3020
4004
256
1098
1062
2294
1000
1922
4214
1048
618
161290
202634
530
171848
954
3186
1588
642
853898
1124
305186
120804
2068
740
234
3646
2068
656
3856
11524
1574
1202
1172
5194
1164
2102
346
3984
1114
3918
1766
1088
2298
3396
5924
2002
236
716
1130
3452
1914
834
738
4186
1874
38010
224312
5754
844
3370
2130
1640
1604
5664
3040
990
532
537402
3568
870
3160
692
1382
1484
962
2356
1666
1222
2578
213556
802
2232
3094
2220
1026
880
5892
1490
838
718
2046
362
920
4246
860
258
1186
2122
325640
1326
1320
1832
1018
2124
348
3824
1346
4246
780
398486
426330
1172
1374
710
862
2052
476
780
5708
2512
256
1070
6644
258
1632
94316
764
892
2048
938
812
256
501740
236
718
1077046
524
264
95536
256
97736
396
2580
504
250
1028
4222
2784
2720
3228
1768
5596
564
2532
848
2930
11750
2144
568
2028
390228
372218
3994
722
1184
1102
96114
1708
544
60096
1062
854
1290
4426
1334
2620
2722
2764
1318
260
1486
1678
1128
484758
1568
339498
668
1282
1106
3594
532
240
1536
8442
547238
1022
1710
1692
5880
2956
726
706856
6456
2582
1662
268
356
1338
4260
1242
40926
520
1674
640
1108
2506
2188
970
510
427540
1458
2918
3590
1812
3180
1490
262
1514
462
1120
1424
5170
2120
2632
1882
1664
377204
646
706
1944
1158
1658
664
5476
62088
1846
1424
313020
864
134296
1376
4042
244
3222
3030
1722
8196
796
2564
2792
1016
2484
4992
3780
934
2492
936
1724
3212
1338
538
1120
242
1724
924
351908
1792
14726
1620
6576
5544
1062
174466
246
2892
1450
417452
232
1534
570
2456
1284
3028
1256
2454
1062
2072
1042
1456
1096
4828
1730
744
898
8622
1726
234
527118
254
2150
1888
1384
1260
956
2084
242
1486
1804
700
360
2424
622
4298
4704
844
2658
2836
360
258
2492
4734
9814
1122
244
2354
256
497692
268484
2534
2442
2058
36218
372
796
35706
1456
468
1020
762
1844
2060
234
2200
662
648
3164
1114
5650
2090
251950
3314
2130
644
32876
1930
1354
5126
2148
373072
2766
378
1544
522
4178
1786
1532
264
2222
2340
5134
151184
2288
260
1882
5242
514
1430
1180
904
3138
4218
1078
922
480
5558
2448
1534
4268
2088
252
2766
796
5230
3000
242
2360
654
4708
276
2388
598
252
1636
1008
1318
4260
612
5320
4778
254
1532
1408
5496
2228
382
634
1582
632
11704
2632
534
540
1404
2886
2174
1162
654
4098
836
431512
46482
602
588562
1282
260
1668
1428
1328
1078
1418
260
4364
1802
3548
1176
2350
603168
1126
2842
648
2400
586
260
578
1388
4270
2874
1074
1112
844
8644
844
1550
964
1212
708
2444
1894
2246
722
2524
1754
1324
726
2700
612
1800
1760
3336
3596
7014
366
1317732
5732
1216
386
1488
4874
1558
119828
3372
3382
7104
3872
1314
632
1041222
1386
666
1200
1222
1532
3518
572
998
2008
4158
1336
1892
1118
1518186
1638
1932
362
2360
350
1236
682
242
250
2732
2244
443960
880
2308
1876
784
3714
3814
1424
262772
802
1078
1278
656
312640
199584
5510
706
1273582
222
117068
1418432
84140
3694
5094
2148
1732
218048
708
1632
572
3226
644
561080
69702
738
986
260
250
1504
1982
248
1010
900
1704
6116
250
5138
1270
1896
383550
828
2210
248
2444
1240
786
1738
252384
2698
2810
1486
606
3426
4078
3284
2336
3470
6394
1236
1464
1132
242
2524
770
456
1180
191510
2462
5456
3218
4702
606
984
1654
1552
1166
2200
712
1668
1446
4086
3930
64918
3788
1386
2704
1752
888
962
652
228
696
6534
3288
538
3954
4652
2490
986
252600
2446
1554
960
2058
3430
2720
2132
762
9316
3136
1126
256
4870
1128
40272
602
1302
3186
2590
1732
3736
860
4038
236
2976
360
1114
89516
844
260
14792
1304
2700
774
2936
572
5054
150280
850
3540
2592
1466
740
2702
4144
644
852
3112
2860
4320
21178
266
656
672
2612
4870
740
648620
870
752826
1106
21448
4394
4538
1102
2688
956
616
1562
2190
1608
2416
1884
628
2154
804
768
1638
1682
1320
2822
4388
1548
254
4080
1008
332576
3354
2436
670
254
3040
2436
1388
246
1456
243274
978
3356
1364
2806
3878
240
1002
1562
3888
3100
2294
179968
1804
4048
500
213790
736
266
1492
7044
256
576
3794
1014
5314
1814
258
246
782
722
924
632
562
2204
750
870
400
256
4232
3668
1352
8360
6046
1100
840
572
242
800
493498
2164
2950
2456
784
3472
1804
850
990
256
648
74902
3344
5708
710
4630
962
4364
1236
646
564
256
242
2454
580
3152
1576
2120
2972
4394
1206
1652
746
804
1702
1582
248
1340
3920
680
554
756
1452
1326
1488
982
5890
1260
295074
2510
514
2662
2264
846
1080
1466
844
998
264
260
5568
1718
2704
808
512
680
1020
772
2654
1486
246
2382
1100
613228
980
190364
2796
1628
3996
2076
258
630
4740
832
780
5226
2048
684
818
1748
2950
3296
49240
1282
17222
242
2052
252
28016
980
3264
786
634
4368
672
2716
1612
2564
423900
234
2056
2456
5548
2290
3410
1350
608
1766
2756
782
728
3436
181600
266242
654
3606
4308
2210
794
760
3812
248
5726
1982
1722
990
352
857270
264
2394
344180
72184
1220
1808
12974
458418
648
2402
2794
532
846
2460
2956
2430
1128
2578
1056
682
1148
1844
542
3594
844
1854
526
17456
544
2172
2722
2018
1222
1668
240
1118
1444
2614
512
706
252
742
3244
35798
1810
555410
1288
12712
552
2048
1066
1014
31700
1898
272
1000
2246
4514
240
530
163418
334926
2128
662
547846
3248
1712
630
754
3790
926
3610
370076
712664
1970
464952
439126
1876
1628
226
586
2252
5102
806
1582
162686
5454
2163958
272
4516
3664
4226
2868
3276
6670
5360
857566
254
4388
68
2470
10062
516
9820
4448
1442
356
3154
8214
272
2977250
6924
4544
1348
376
356
1250
2182
646
762076
238
1692
844
2492
6892
760
1852
1764
270
145268
2812
2236
1018
2300
1086
1338
4442
1600
1254
244
1854
254
1976
2658
313630
1102
1628
294
260
242
75582
2390
2266
687468
1832
959102
3412
6060
4242
2298
2288
1624
850
390
2168
1156112
2518
520438
3104
66
1205808
1720
1748
3838
260
643264
2610
2364
252
4160
93516
1964
1920
250148
1358
415158
338
3734
870
250
378940
4360
387940
344
384
2288
1804
250
2090
513506
852290
2520360
7208
3436
3002
84532
250
390
10294
465670
766
5874
2438704
1112
483728
1384
238
3802
338
552
798
2634
1256
1764244
3590
774
2512
3104
2904
7234
3554
1946
6294
764
494
770
6988
268
362
5944
1736
714
1520
272
902
1526
1910
23126
4014
2322
296
784
2218
826
248
54928
1766
1526
1406
4774
3128
258
463524
2204
6386
828
2768
250
244
6414
7446
838
930
2384
2590
1720
746
1762
266
232
5940
693784
6242
1072
7190
6102
116192
722
65818
788
5156
2476
244
881898
352104
2418
3932
1530
5300
2104
491614
350
256
256
72
1852
266
2224
294
844066
352
1756
2962
3284
1530
2380
4516
574314
5402
1124
4540
5358
6186
1228
1416
1860
838
258
374
2286
3740
260
430654
534
240
364
1270
380
618
8424
344
1134
1942352
236
296
1271906
597872
2410
614
4048
48958
3212
398
1472
256
11862
1200
296
6096
266
121864
4486
3138
1382
4502
6076
884
232
5646
1007024
456
1852
68
3124
7952
3942
274
254
6838
1000
3806
1446
52502
501810
7360
1258
2222
1982
3068
3370
399706
900
4560
514
12216
750
6084
2266
4160
3176
4382
836
2664
1500
368
234
278
344
466066
1036
254
403778
2264
748
255960
252
1652
3276
4224
1138
1150
2526
2006
752
900878
1900
2591926
3728
14516
980368
1026
11014
254
2704
1272
287772
3534
260
1912
3146
240
488
5924
1654
270
7116
6512
2806
2112
752
5026
276
6698
2108
862
746
1768
360
250
5046
2044
4224
1044
1678
268
1934
368
234
4094
1454
1680
2444
2040
1492
2134
5062
370
246
4644
10134
13714
802
3864
23388
1710
386
6202
4076
3426
1844
3854
352
232
3656
8652
364
976
1814
1900
252
1158
480210
2206
9110
84126
832
868
1129436
2708
1222
738
7226
3126
417368
1466
10888
1858
762
250
4830
1221424
1276
7180
6458
1761634
1910
762
1452
6074
2548
3524
2982
2508
250
3092
482
8388
2060
3264
530
2400
748
4636
2856
2044
256
1870
277874
1506
6890
1361510
8690
834
1348
2840
734
786398
6112
1402
2022
218
2810
254
694
1530
4744
258
3336
2546
2032
26756
450
564
4338
260
136008
245724
4356
8008
4006
5054
140594
2306
1806
1396
250
1664
4560
258
3656
1304
2428
50844
2702
270
2498
1778
278036
3286
240
1111506
3378
5882
546
3828
252
25384
370
1780
272
132218
1418
806
256
1770
8290
368
425266
4656
2750
258
2712
2800
66
731860
2286
232
367542
388
368
1070
2212
458490
107666
1300
1966
652
5112
4604
1794
1368
2334
3174
10120
1650
258
2465884
404206
3160
96472
903512
2318
4018
5252
2950
1580
2804
256
1836
238
1966
1608
248
114978
2800
2446
266
338
764
1266
3196
5586
2302
4066
234
940
3350
1104
238
458908
91186
1066
5554
2884
844
1332
1876
1902
242
3904
472
1250
3734
1308
252
3724
4910
16856
5480
4732
3790
1146
3562
260
1918
1968
854
655446
3514
1502
246
1672
3482
3448
8068
236
57622
5910
1512
260
626
250
9682
4422
654
3408
1170
366
1394
268
4622
3710
4454
4698
904
1356
2084
1804
1400
4838
1732
2352
4714
2312
2986
6206
620
9278
1505136
1518
722
258
262
291948
172632
4796
275412
254
9694
1430
2612
1894
48906
3174
1136
3434
248
11410
2416
2592
2238
382580
252
2564
1450
2088
801118
566
5046
3782
1180
252
1008
1332
5784
356
1242
2841024
121108
378
3564
6090
1128
1870
258
1790
724
234
777416
1891526
1258
780
2476
8642
7620
5026
372
3530
1118
1206
156880
1332
1930
2078
1344
306618
1758
2134
5806
236
1022
2148
68
445576
276
1232
1226
240
612678
348
3288
2230
2204
1198
3830
4010
1458
234
374
860
1698
380
235704
846
97572
236
256
3654
68
8654
1514
248
350
2124
5980
244
2142
2094152
8898
254
294052
1614
72168
8964
358
2132
2286
2140
65300
364
50972
270
6122
2854
930
416346
3740
3332
858
374
4190
390
462
2796
258
4976
376
3152
2420
1430
68
228
685466
1010
380
2444
286128
4122
2980
932
3054
700100
2546
252
362
1048
1644
266
762048
63376
10094
6050
3750
425086
168584
862
1476
254
1232
4116
338
1086
878
2804
248840
4420
1942
1582
2820
5986
7788
3370
11688
260
1488
5612
2754
6280
2306
264
242
34158
1170
1674
377000
248
2684
232
966
3302
2490
832
2326
5792
4514
464
5250
244
250
254
539046
105266
254
1584
286
3970
1396
1736
3334
360
7466
3566
7586
2788
3780
2008
3012
4406
3078
2670
5006
5308
8832
4170
3134
128672
1912
68
658940
579052
1599716
1436
3620
354
1998
1198366
2666
2586
1078
3170
754
4632
2710
3398
4390
706
1956
1610
1776
258
57880
4266
1910
9060
5404
7980
2080
2340
342
5114
4136
260
2934
299132
1804
6330
4630
4478
3668
712
3278
264
760
1216
238
6118
9184
106196
7178
1294
1896
288
1472
254
890
1524
998
254
3874
1940
3788
256
3282
6714
1002
232
456
2332
7116
3156
1888
236
368
4822
8156
9358
5378
3412
256
81540
1172
1572
252
3568
508
222002
2102
1942
8268
642
2160
3212
1398
4266
1068
4412
1442
3730
2060
6454
4696
3454
5488
938
1950
254
276
68
743588
256
2754
1724
1716
647658
176800
2650
3346
1202
710100
280546
1086
1648
582
7742
1546
926
734322
1676
4494
258
1258
1180
594
2512
682
1398476
244
3116
1027670
256
270
2380
9902
31994
3920
256
2562
2946
10874
6260
6740
1454
5024
1656
4388
6980
2260
890
244
137510
4550
23018
720
1543246
236
494796
1012
11372
757694
4942
21144
666
3450
2562
2728
130506
1324
68
66
2083694
212490
104700
4322
311846
794
227518
876
806362
356
5130
4602
242
5990
3424
2572
2492
2512
2052
2668
83872
10250
2694
1106
260
2172
2324
886
394588
874
3476
4260
2452
258
342
264
864748
5538
4062
1093766
193856
1558
3870
717526
377526
1996
4092
1336
154028
1802
432530
2616
664
2446
4464
124236
333502
2890
242
4832
279526
2536
8526
252
3950
23630
1672
4756
4516
1478
2700
2052
254
912
4152
98128
2346
2344
536420
1640
3960
1111942
1360
17924
1946
266
252
702
950578
23694
2262
258
2126
1836
3082
3940
1044
2352
4674
4000
15576
204364
928
2658
7798
20460
278
1391508
1686866
113774
272
89046
744190
938
2178
238
2756
2116
2902
4296
625686
1184
619886
3712
948
690
406
1184
1722
7370
2862
3124
1042
4446
262
368
1448
712
2114
458800
652
3912
356
908
354
321214
5854
1904
7888
476
1668
252
1074
4412
5766
8532
6048
366
4674
264
1614
1170
3246
881496
373216
8232
1562
258
4662
2648
1280
3572
1483536
294086
4898
7046
61824
5310
746248
268
133324
2190
2528
798
1124
1688
3612
2968
3078
250
639580
264
2848
1776
1940
5890
2558
1274998
5352
1230
1556
2308
1136862
6784
3362
3984
6168
7550
2858
1350
718
2444
478
684
258
5016
2912
6018
9860
192780
6886
1516
2570
2204
878
506560
2032
360610
3218
587872
1886
1414
1203042
3036
1730
2628
4402
372
3578
2080
11608
382760
266
68
66
1788
252
244
425988
453344
2680
3366
1984
4916
274
1026
3658
4258
2022
8384
2566
2286
6014
4968
11778
4718
976
2058
3192
1518
374
7838
3888
164896
2552
111654
3936
734
4186
3788
3366
710
349404
5612
72084
1186
2708
362
874
1472
264
2496582
720
1886
9666
2224
6304
1964
1069008
264
248848
1146
1766
256
836
1518132
1128
372
1206
532
988
115240
3064
1034
216868
1470
258
214970
1404
932
572
2266
3106
2114
7838
2596
5282
5460
496
2686
5030
416
1884
437794
984
3804
356
1714
232
8112
1858
1728
2584
700428
262
2258
270
1194
1520
6272
1610
1220
4406
3286
1412
2404
250
3548
373026
472
314596
2376
416774
2134
368
1810
3394
2830
3072
1230
1408
12796
1010
3944
4300
6398
431082
1648
1816
380
264
3196
800
2634
3078
5450
3498
1386
68
70
878714
1316
1378
2708
5410
66
928
4428
1034
7558
198530
366
1398
11290
3010
520512
796
4078
3606
1328
876
1588
1214
360
824
1582
1350
262
108742
1448
4060
1046
1808
278
258
268
3568
3584
3596
2558
6014
242
3350
244
3528
2764
4846
260
368
1330
382
3806
910
3080
3750
389998
1208
134918
186140
372
1736
30680
252
2666
1212
628
1218130
2742
9366
3052
5588
1726
222
2182
3420
476812
250
177660
262
1390
2764
143782
234
370828
157912
71072
493686
2742
390
278
1756
5044
266
7502
834
1880
1190
714
2066
2256
1174
1178
1504
1334
2830
1112
264
5746
366
2150
472
364
136234
8826
811964
126512
419368
1980
1068308
524
2326
3476
776
22464
2536
908
360
256
716
586
4976
68
2960
793916
2582
2586
3126
4036
154588
9890
480444
2694
1632
270
366
272
554
3356
3422
890
254
1188384
1262
598
7672
3796
262
3504
827418
3128
776
260
1940
1410
572
2024
2316
515636
1928
2764
1700
267430
4624
262
793930
2092
2520
1328
702604
472
1644
22752
2372
248
2188
10870
90
68
2846
2760
27188
174724
98150
5760
6736
6698
958
912
241478
13450
9736
256
3936
2810
350
192910
5508
5658
2040398
1222
1486
1880
140104
2322
718
9078
1389116
3640
1325424
264
19218
2518
1160
710
236
951382
2485674
1442
4204
6640
2094
803086
1194
258
1208
81568
2824
260
2038
386
433528
81978
2766
1320590
674594
760
794
264
724
2868
258
1196
2092
757806
1866
338
361232
6056
3070
52074
2618
568
8516
1040
256
5048
66
2556
2092
1392
270
942
1208
1397784
4750
372
3168
1324
2450
1428
2370
2406
488
1584
498
1002
3116
1978
368
2532
68
2410
1430
720
1654
18350
4472
1384
1010
3796
2588
2244
814242
2298
2856
354
2726
520322
254
2208
1252
1898
254
1438
4658
11360
236
254
2584
1259032
1095792
1846
276
876
2570
1964
756
755422
1802
1520
1292
5236
3876
1494
1526
240
5474
1076
346054
3200
1902
7166
1282
2924
4952
1632
68
66
2062
1456
744216
1884
258
682
2792
3938
4434
537054
6152
89744
370
1379178
8332
26812
252
135664
14536
968382
9362
1409356
22400
260
4074
652
1898
2276
250
380
32884
974
5334
1974
3498
1728
1312
258
372
258
2270
1670
1706298
3826
3136
1018
21266
2674
31224
2770
5124
5204
758924
2576
1203440
1015062
10218
2354
676
3230
1218
1516
2552
38090
870
1966
352
24758
1387696
5048
374
9954
22570
1302
2460
362
476
260
942
974628
1256
1028
1534
2740
5600
6230
1922
4724
1140
240
256
1627488
3544
1922
4912
1638
2830
11038
1076
7700
854888
424400
6758
252
2766
382
5692
972
146454
1638
1884
650
1532
2220
9340
2066
244
2832
1630
432
2768
485724
3041710
4384
392
150756
4756
3506
898
1504
3280
313128
2504
1062
1076
1328
1938
57146
3124
2036
2446
1220
2482
1818
22408
350
73880
244
372
1918
688
33912
576
1708
252
256
2410
1320
364
3828
2168
2612
2978
268
252
264
1188
832
5270
3082
422286
378
974928
2946
1392
2994
123856
354
2506
11228
266
260
5492
3448
5086
2028
7088
946
822
574
1290
2210
3126
2090
4932
68
9630
228540
262
1900
370
78498
270
3040
256
222966
7392
372
6578
3672
3138
242
1906
39654
6008
258
242768
650
4496
2632
2980
318754
248
1666
332312
4142
286140
672
457002
2096
282
116904
5094
5380
480
3132
3272
1870
11752
258
490
1326
2486
790
1054
522
254
268
1344
130966
68
3244
4156
1014
384
4938
4934
1618
294
2962
4192
1452
3004
256
802
272
1810004
1896
580222
6030
5410
4198
1781334
1158
1854
756
1879532
338
3068
1300
336
472
348
2100
2542
1890
1960
254
3130
102242
2274
882
368
8218
1904
30626
1754
1549750
677328
5556
272
258352
495588
240
6348
4964
773662
5500
3200
10468
4550
5750
726
1256
502
656
8984
1112
1379836
2610
696
659788
1206
1944
819102
2144
2870
242
2376
7098
90334
748
1626
272
3324
2372
2428
378
588
1744
3038
1148
376
2532
954
1950
1014
258
1304350
3832
436782
68
787194
1342
3574
266
258
840
4298
2530
4164
4002
1752
256
1430
2058
3848
372
5522
4444
358
762896
1058
362
11504
4386
376
6878
1364
759732
31538
2096
245512
6166
5780
234
8842
938
248
792
482
622
4442
4230
592
270440
4496
3116
463024
462
1940
1304
2706
1802
374
526
372
266
1084864
3554
970
609726
682
10196
634
374
2356
4368
844
762
2120
264
240
4264
2296
77154
16222
5568
10888
1186
956
1652
1560
7076
1516
1479696
5136
976
240
3902
1590
1232
3326
4748
4090
1312
396
3662
4756
746
3530
361724
268
786604
3016
838
1146870
1070
964
348
5372
146088
1150
1082
8134
3762
2352
1284
1790
1870
211224
1272
276
1118
3362
572542
994
5302
3756
252
579726
1692
1762
342
258
1146
1228
206008
5656
1628
2444
1134
1646
4206
494
252
312482
3410
2864
2790
958
1040
584
1766
802
5374
1244
244
3114
2918
1966
656
5596
1188
3062
280
532
234
378
1244
244
374
3646
1814
1942
6730
1818
1968
636
256
4300
2710
1512
636
808136
779082
884
4680
6544
3358
530
3442
5200
1736
865558
3940
396
5166
1558
7100
3120
151322
2918
4282
478
1552
3856
654
3420
3660
1685726
262
374
596
5690
364
5930
2855704
668
1446
3146
852
2536
602
1559378
252
438
2702
346
3564
6850
384
4532
202916
1068
746
1620
366
2472
3450
5162
2644
2742
4358
454716
6286
1006
3104
2331952
1824
2306
1390
348
2204
2180
3050
6312
3018
258
7200
81500
7356
4790
4602
4128
2978
4050
3558
1378
7856
2076
2306
3858
1290
344
906
910
201968
3820
1658
1256
4050
600
242
348
2242
2138
644
738
1940
1878
8440
4456
844
742
3654
9180
1258
1588
1206
362852
4200
1144
479416
970
1120
3682
366
270
384516
3034
5234
2056
2322
642
4416
4090
1814
1708
1332
5614
360
4892
2168
244782
746
484846
2274
651766
6174
724
1114
5070
26196
4026
1412052
5324
264
1716
236
4862
6198
238
2180
3038
5824
794428
1802
1260
1952
183892
7664
126550
1514
1704
1334
2226
442
1142
4766
1800
1436
6616
1718
250
2232
2824
4740
694
1750
984
1346
236
290
242
4414
254
1616
1004
7812
4966
2836
628
1140
638
4220
39682
2098
672684
1362
4342
2110
1234
384
1236
7042
8008
794
4892
402
1192
1170
3036
246
1070204
1638
3108
2374
628
2694
494
764
3894
604
258
1366
212674
147134
169058
1113660
158808
6744
252
3062
263696
5384
3032
4602
218600
1620
118934
1620
474
648
712122
3028
4754
505830
1356
4390
1698
115832
234
2714
589714
688
242
1102
376
1610
7500
1402
258
3100
372
9334
2562
1598
4430
2600
3044
2844
1824
5626
10142
1038
1112
1859100
7212
3656
844
1962
2532
5694
270
820
488152
1268
3070
1590
1070
97532
240
240
241458
662
2134
2290
2538
9082
516
1342
3020
248
376
3456
256
244
380
2590
7880
262766
3344
2686
2830
7354
1480
5784
1424
2368
2092
1770
1120
10452
545178
236
418564
366
2366
1568
240
352
4104
2202
842
69972
128806
256
5392
642
310904
986
678
10642
6480
2262
1188
604154
508304
3610
242
334
2194
73518
8856
2208
252
472
242
256
862440
240
2008
5348
2020
350
897500
980136
1972
356
3564
1058
760074
1824
86094
356
470
2222
73658
2672
3198
1304
4112
672
352
6590
788
1902
8196
378
2344
362
254
3692
4084
1158
143904
1742
384
1646
4286
1746
464
2410
5100
68
1245094
142792
307660
786842
2326
256
250
385846
480
320556
1980
1142
360
2538
474
253310
652
1976
103374
844
535324
388
862948
648
5766
734
3942
710
250
1478
67334
1112
1094
932
3396
1530
344
962
2756
490930
3584
486
278
1768
342
1194
370
6236
1426
2194
974
730
742
472
250
3258
2140
968262
3144
256
3864
736
1016396
758
654
2720
1804
1346
5934
2046
4506
1270
348
1666
2980
4522
980
3064
7118
7764
2572
425866
416
1654
2672
1492
5286
1712
3046
236
1750
4218
380
3088
2282
380
266
3136
4490
238
682
996
2209352
9904
3532
242
364
6924
1310
1206
1614
2770
1554
914830
5566
2958
3802
666
71746
242
1224
2184
622
1290276
5650
1208
757092
248996
990
2818
254
2308
880
958
2706
980
1756
434290
1692
1890
3460
252
236
936
1410
2436
2724
4958
3724
120480
2438700
4062
650
262
238
3944
224
334
3608
3036
132366
1752
878
256
192378
362
9086
1634
43788
72420
1418
782
1214
6894
1398
638
2558
1468
2938
445026
472
3648
1720
4536
333490
858
2960
374
395674
1065544
730
2560
602
3902
242
1754
1666
1766
1928
4876
666
3344
1860
1166
29448
6964
3450
3150
4846
2182
7940
936
254
810058
1307024
150870
240
1136
1530
162806
252
834
368
382
230
1258
2148
258
1804
3640
366
360
610
1944
6172
747568
633596
3000
1820
594
704
368
368656
3698
230012
244
126348
6464
962
270
1266
506
1544
310290
388960
231268
2744
356
110336
496
254
254
6338
5540
139180
9152
386
2058
331076
880
4174
512
68
874626
1706
240
342
3192
2262
15182
466
1572
478
736
712232
362
2208
646
3498
4160
1672
4406
4192
5758
1700
2436
224
4364
2354
2914
3672
10968
2388
2120
624996
8304
502
864
648
1276
178438
1472
2318
1982
264
3114
2372
2372
1106
758
402714
530
964
890
1820
1530
4778
1698
1892
4064
942
5558
2704
2148
1992
3980
502
126268
4142
2312
2060
1108
234
1992
1198
680
1602
390
1858
1004
1232
972
15694
5612
4210
2230
1252
2360
3080
2940
3210
8414
282
506
1930
175042
3578
251030
2052
2532
1954
3228
3402
252
1342
278
2436
258
3444
1320
276
708
267196
1944
908
3750
4654
2660
4258
1370
18458
2396
1838
1556
1060
1354
1888
902
1918
1834
742
542
5460
250
1592
3648
1846
234
2632
6330
1084
3814
3388
2190
2918
1208
978
4186
2270
12014
7282
2830
280
4006
2452
3402
202
832
1424
1440
616
25322
606
220
366
1476
232
284
612
5420
2808
570
2126
3570
1272
636
876
75826
549172
868
1702
508
7028
1104
248
974
3180
1874
256
244
2390
1370
360
1812
2522
566
118528
624
4370
2338
2864
2298
1122
59866
1330
614
2598
2024
1962
1102
1798
1330
234
606
2570
1404
2732
1328
480
264264
1804
1692
1484
3038
7814
3334
2670
240
378
570
948478
2072
522
878
250
1612
244
133602
4742
1542
2284
968
3276
2226
248
1416
3388
6032
738
2176
1080
1116068
1852
898
646
2256
1110
3748
3882
818
1074
984
1040
480
1262
256
2592
232
512
228
2970
3244
4770
254
1250
2384
150938
5684
2836
818
19276
1440
2494
504
1768
1852
3468
506
2238
256
2902
17246
694
3410
3088
161060
1782
1644
3522
250
636610
2538
1164
838
742
502
250
624
2140
1674
250
3994
626
1198
1708
3406
1214
870
462
2854
2684
788
810
608
2986
1854
397032
1360
3700
1708
7824
796
1136
2092
614
3130
1404
3044
1406
230
3334
1916
3234
1446
366
798
598
750
594
1024
2078
1432
740
750
230
244
1002
3698
3706
234
389946
242
7946
596
2966
1662
1040
1570
2046
476
1036
5956
1480
1144
1130
3116
5802
1908
240
256
1526
706
800
696
4180
1150
3838
684
7252
250
4438
1222
1012
8404
4976
2154
758
6028
372
804
1388
838
2258
258
504
1802
1580
220
1266
5390
10280
2276
482
666
2714
2110
4312
884
958
838
2144
4222
3130
2066
1020
2590
896
1444
6890
2500
5378
2470
738
2332
656
3536
998
354
374
574
1150
886
244
3410
874
808
938
392
4682
982
621936
598
720
102370
2752
1914
2892
5322
252
1870
2086
722
5076
2120
8086
972
1634
2002
930
682
1994
3716
1424
896
1498
872
3264
654
74882
1392
1256
2660
764
4044
642
3326
866
716
358
818
1876
4600
4276
4824
1804
224
1530
366
2420
1976
9550
518
230
2472
626
1694
258
1720
191908
4866
234
1450
492
2074
3236
1764
1602
3636
4654
1192
4356
772
902
10392
206844
4374
632
216
3126
3586
9454
246270
938
1458
734
1384
112110
5268
5690
1468
2098
4108
119112
3240
372
1682
674
4350
1126
3480
1052
1172
620
976
258
508
3196
240
4702
174150
672
256
256
222
4410
238
1452
1108
2656
252
1064
260
2134
3726
4040
230
3670
360
2284
121346
246
1514
4038
502082
374
5870
192
3756
3588
106624
5378
1018
2586
2174
700
2818
230
1680
232
2872
321300
47314
2732
644
6094
582172
3176
5260
834
1976
1202
802
1358
227078
2340
220
1026
7534
4032
5100
2080
3822
5560
389888
2036
252
6266
416
11658
2178
742
2782
860
192264
168016
258
202760
638
4546
1192
3808
1912
1234
2762
226704
530
2188
1630
1810
248
646
2944
2476
1034
754936
6136
1124
2016
147602
250
1136
1424
5414
3850
2480
49998
1190
1632
3114
1556
6074
1384
366316
1538
368
9576
3064
1034
230
192074
680
3218
530
1038
1118
1338
218
242
331568
1794
1588
528
4766
972
2532
3066
1624
358
2572
1242
2084
636
608
2986
1816
1456
934
1516
2010
2072
568
3002
1210
8776
282
256
852
622
1023272
3878
840
2822
2348
2936
1556
3694
2886
230
5486
628
1506
2414
212686
11528
1222
3258
5156
1924
458
1095724
3382
1288
702
1984
1898
9278
4034
932
2776
354
1086
5260
3402
522
798
724
2410
3044
1048
594
954
2064
2018
586
382
6798
900
1016
2362
1858
488
4148
179598
2838
2736
578
5066
1344
364
3350
2274
3224
1328
840
3732
354
1084
2464
5744
1786
1660
2518
2256
718
990
1288
1790
2068
258
260
764
386358
1186
2484
238
972
1538
2408
1482
2174
1582
2432
1272
5736
1526
3084
1724
676
478
578
486
3398
1608
238
1942
752
502
2180
1284
3418
2554
2200
236
982
550886
4416
828
224
1870
3660
490
1952
402
1052
1408
1260
860
1984
822
5610
4860
2840
502
1314
374
2314
790
2806
4840
1540
1840
908
3262
1332
893920
2132
1972
1942
4024
4658
254
3220
888
778
1376
234
2874
392680
9120
368
1806
1090
674512
1240
1228
1076
836
4668
266
1092
22928
506
2042
694
668
3890
242
4204
688
726
886
232
2724
1954
3176
1332
1594
1950
1838
346
2316
1546
4100
2896
866
1210
103554
230
644
2984
1434
230
368
708
1910
976
247398
936
1820
772
366
1576
1668
2176
3742
220
1158
7196
2830
1124
3962
2220
1782
2654
4540
3422
1778
726
534
636
1982
1232
3206
1046
2968
832
914
674
244
716
1708
738
1670
22916
107180
2524
3198
2978
1532
7342
1782
1122
600
256
912
1488
1002
682
482
378
774
1394
720
250
218
1062
2536
1008
2076
7386
1182
1168
946
1028
1078
4496
4176
1790
309808
1072
135650
3116
2028
774
1734
606
1802
1216
612
232
240
364
518
1276
1344
2534
3946
1612
3702
255392
1198
234
1176
932
556
1748
15124
806
2488
936
1248
5448
2988
2288
234
1448
2354
4004
1224
8324
2558
3326
526
3174
2226
254
2140
388
1302
222
1090
271934
3630
1388
3396
2342
1546
246
1250
3144
341462
241692
4106
3004
488
2002
814
1794
2491998
2912
260
345778
802
1820
818554
6540
350
5418
264
1278144
156346
164506
2456
1608
2274
4064
273250
180298
1344
475026
4520
7876
248
6388
2498
1678
218
4872
156784
476
1126
264
5684
716
2544
6336
5868
220
224
1582
350
274202
1952
1128
242
830
260
7634
616
1494
4544
498
2078
8460
376
1482
876
532
250
670540
244
2568
250
3048
958
2214
2420
68
3532
2770
596
370
238
3962
58716
398896
3090
59390
244
2359826
175008
244
256
4460
10096
321558
2200
5186
966
5632
1206
228
8262
4730
5298
3588
925062
2942
242
7106
441508
2358
2190
479634
11408
1410
1174
2498
242
480
1882
701864
4436
226
3300
571870
6372
244
630
3026
1750
1744
4822
1774
4264
198882
3290
1358
6022
235862
902
1602
5162
7618
260
8154
494
5646
364372
2432
326
5254
2728
738
2182
1430
220
4628
628
2178
616
336
616
1334
1480
762
706
4548
3154
2772
230
3176
248
6104
5446
633246
218
674
4946
20256
358
7516
1432
1576
3696
940
220
1874
3162
3050
7738
244
7152
742
1846
2624
1049158
340
2944
352
3386
216618
260
371350
4362
51092
6746
6890
2058
1846
3028
7896
3128
376134
510
1898
3790
230
1242
4004
790352
1180
4642
2716
1374
2104
5180
756
1330
1462
650
1293254
612
5672
1494
1364
1432
1236
600
804
1006
1094
262
2216
3268
1536
4098
1348
1934
236
1914
952
3470
4822
4020
1132
1736
4980
33288
2862
3316
244
1970
3314
6508
3528
572004
898
1766
2000
6530
1730
1292
1742
33636
558
3498
16066
2826
3742
1342
2492
5264
6760
1514
2318
2252
2926
3988
2034
252
256
4698
1598
2194
2926
1742
3500
12036
3166
1150
782
772
3546
360
374
5742
416
232
3772
3636
6050
1986
758034
987606
688754
1012
1657714
258
1960
282
1760
1852
1258
178040
30462
234
68
454048
4258
620
1612
358
258
2610
10232
238
234
4634
2264
1482
58730
433368
606
8924
4784
4568
1126
270
2172
207382
252
339932
956
126754
123774
1318
1450162
2182
1296894
1336
7736
518
340
1532
114762
492
768
230
746
230
1000
3284
11056
10126
368
1232
490
248
4018
1522346
2322990
1370
2738
794486
234
616
220
25492
1874
1712
37670
3958
823608
1044
2024
256
1383060
1072
5276
321980
364
240
159338
992
1300
3318
4092
2772
1086
83082
476
158614
1258
287846
1428
784848
1836
2884
1292
996
482
2856
382
254
6906
2616
372
92116
418258
2606
12978
598
2268
344
380
756
8000
254
1962
264
2648
1096
6182
254
230
390
229504
340
234
3496
678
14020
1118
258
736
362
922
654
84816
4842
810
260
1066
5990
382
2294
774986
287878
13264
734
900
68
3282
210
214906
637288
43938
2150
3684
68
80424
584
3228
702
3882
932
234
1732
994
2198
996
1424
1824
1300
1130
354
2168
1235918
5366
350
6342
2218
1620
661112
542850
10188
1184
2366
2018
2100
3272
2013140
1876
923604
4096
2176
230
512376
242
1108
848
842
4428
2372
4240
2658
1506
5468
1534
270526
1666
1006
1004
356
3178
1220
604
1186886
2582
1202
256
5790
252
4306
1104
506
600374
352
3822
1070
2420
934
4934
892
968
382
1920
9300
3148
6980
244
76694
666
619662
91214
40388
4102
504
370
996
346
2904
1956
222
3890
848
3116
268
1156
3712
994
1558
2948
4418
4246
1268
842
1254
1168
756
244
1138
1784
1118
1508
648
704
2042
2066
3156
1480
18080
3866
8094
1658
2624
5072
264
5162
2248
69500
181026
606
258
5644
1120
2228
248
1866
1334
606
2626
2188
144850
482
370
2094
852
3432
4270
2674
2824
2592
1296330
254
1530
8448
238
2218
2596
242
4870
165536
1838
3394
1324
67206
1222
472
514106
1100
5110
218
864148
2740
374
228
3154
1576
4718
3458
5968
1232
4546
5370
218
216
3088
1762
2982
752
512494
594312
1232
2736
724
2546
246
1446
1494
1998
260
488
478
488
5600
354
97880
235194
3532
14728
819016
786
1368
246
5020
6960
3422
1010468
252
256
7140
1362
2696
1038
4720
486
5998
762
291164
6102
1824
5788
1052
1662
2978
538734
4394
2216
2198
144788
7752
814
212960
7298
2792
421476
5214
50418
286732
462
203522
1458
682
618
2940
768812
301400
2568
626
5254
9172
184180
530
896
2342
9406
2708
718
358
4732
256
748
4594
922
3048
622624
3174
4188
2032
6542
1118
228
2106
1540
5668
572290
2752
2280
2026
232
1350
258
2026
557956
4896
29534
5880
50826
528
604200
224
130418
2894
250
366
4066
890
3584
294110
1452
2866
2160
200372
74656
230
1338
2566
4706
5606
2824
2792
2236
2150
2906
3814
950
50636
2352
498156
299258
3046
4898
620
2966
762
1902186
3882
606
350
236
5608
332
970242
4052
2054
340
254
3568
1796
6812
1022
250
1996
185496
3896
244
3716
232
2894
3094
2364
1982
570088
928
5860
2116
1282960
474598
9872
1634
333064
478
592
2780
195078
642
3102
4180
2882
8998
4956
291138
280
6614
9124
984
1814
478
758
2198
1648
598736
1662
1486402
256
242
3326
679708
1476
4078
3596
8686
2040
68
768
457748
1848
718
2534
304448
105144
998
1800
244
388332
2500
60452
2254
7346
2388
1696
4670
834
238
1852
5712
392
2302
5278
3016
1244246
256
15634
878
370
1208
824
4840
244
914
1818
4158
2092
244
197134
644
2920
1356
87926
466
5932
1520
376124
2348
3664
1128
650
1392
51640
476
32544
230
6274
1618
2440
5144
1260
7040
2852
236
2106
1234
1522
360
2558
4010
724
2628
730
497396
3680
5880
1040
7294
2476
2680
294596
2218
724
3088364
254898
186212
6206
1886
372
1808
240
234
6282
2038
338
2874
10158
348
4812
1292
246
2992
6652
1240
272
1844
254
1138
4558
3840
252394
4944
1356
168206
2676
234
1708
2548
61216
1216
3394
428476
6458
1252
2600
342
5260
1151346
1716
234
5462
6804
1968
312628
1079658
1887588
667136
696
168226
1384
3476
3006
222
649422
2570
262
5542
246
899736
37390
2066
1336
230
4200
413406
4690
2678
1704
1532668
504830
968
5290
1935914
6890
77324
2984
268
36326
268
826
25646
1760
2504
220
1404
3550
956
684
1862
1530
802
4042
69104
1560
3804
3394
66
1054
1078
174620
142830
3678
275934
4352
216
187062
934
378
1628
4088
220
9416
644
5922
682102
942
1706
1348
562910
18016
980
265992
276
496078
68
729056
70
70
62054
390
2810
4168
68
238
2836
354
364
274
260
220
3852
2064
19568
918942
72
944
44008
2662
2408154
3402
1610940
1994
1936728
805386
1126
1740486
234
48156
206
3466
130220
148968
1218
3554
352888
408612
83552
1049732
4504
88438
1175594
4184
117798
375230
806
4920
439450
453390
606
643242
2180
868
619972
342
772
434916
134172
284674
230
1440
5954
4898
4612
6902
4136
163456
348
719640
668
357860
38004
66
66
1806640
730
5216
2404
1614
278
856
4986
37114
791744
224
1010
559310
30074
63092
248
3104
831770
107126
359970
362
6640
268
802
1694
368
1770
1290
612
2766
1738
342
1330
2836
244
372
800
4272
1166
246
875740
151246
1686
1942
3260
173834
1078
1432
2664
1384
2172
656
65368
3726
5188
7080
250
1071134
216
1734
368
615786
2628
236
4092
264
2076
1494
346832
3956
1012
372
6098
892
101260
340
1592
735324
1964
4216
6964
2580
56330
5134
192700
1274
175232
1590
606974
378
1408
1100
85624
1636
216
22692
1458
3342
334618
642
5020
2362
3226
4086
2722
1906
293958
1246
246
466
85070
2168
1734942
1806
14438
8828
685858
279546
5396
4344
66534
53066
2940
1432
2014
1176
202350
35722
10038
1810
2352
1660
3504
1307860
2072
895102
4672
222
554136
788
1930
175688
137750
33738
1294
18216
5024
2326
734488
1006
1876000
1192
242
1192
1550
230126
1120702
68
4072
2698
891902
1114928
6088
5098
306706
778062
352
218
8028
230
66
1064
9134
1816
3302
10766
1384
1322376
1050
94530
2620
1254
551272
266
2420
870
635928
1350888
226
2342
3992
1069630
252
994
1156534
5684
494462
7290
2366
34846
629904
344
1236
378
110458
1788
5916
80180
574
112936
12574
139844
26818
820
399672
47962
254
576
7018
364
950
134008
434822
1186
1834
2043132
1581644
2850
1371514
1168
284
1521112
221230
1294
266
243214
6972
4076
310294
2528
68
664
1563484
268
932
5708
346
992632
4514
356
1366330
1068
2918
3662
130840
224
5006
85592
28842
246
954
8034
1316
2480
1274
3266
1231408
470998
2902
194652
364
2016
1548
6820
2312
234
475530
137850
4764
1656
2024
64990
3872
17260
351634
124032
333988
2904
1692
2224
390
8208
1748486
690294
2142
1554
1320
848438
3352
930540
11076
1462
260
248
2210
50404
976
395472
340
272
1362
2030
3936
2358
2090
124602
50412
4036
3364
56928
189486
244
317894
674
144610
326246
2908
491128
100840
2176
1638
1636
380732
1064
3740
1577040
135406
72910
79506
18312
279574
60354
4534
3095992
2575284
3732694
164848
446326
7838
1472
1388212
980178
1564
419568
1772
91682
4268
7068
3826
2615120
2010
678
10036
242446
1606
7892
3752
4112
5636
910896
1188
955734
23322
28964
1410
1348
2436
5612
993614
787380
772
1184598
7048
366
3264
1158
2127428
205972
252
220
439710
7646
2488
1150
1686
77402
371496
6570
19056
901334
1364
1330
1844
115728
5934
378816
5636
3242
86292
305308
1046
4164
1438980
234
2704
2536
818326
1326
8934
1974
2064
4746
266
436714
2704
668
633110
4450
1730
100710
1296
8412
228
21470
1123358
258524
370
1380
350
4390
971942
70
130768
70
3012
785224
2428
751202
904
1164
1287532
1248962
19842
13358
2236
2746
66
338944
1116
2374
1498
355196
68
203388
244
348
5464
1136
2208
2904
293334
4048
1331188
7050
841806
2068
8842
3660
304554
130248
5060
3700
3336
3766
337074
1678
688
59360
13010
248
48506
1712
696
1522
7748
512
1476
1150
2522
272
220
688
366
454690
522720
1768
754
644172
20300
68
66
11524
5276
532
11942
1252
360
357210
478
48040
230
25508
242
268542
5072
1212
3130
96176
1754
318690
1032
548560
256
2628
774
214
1420
216
1418
2950
5406
3838
3420
6534
889192
1659514
436078
1514
670916
1826
8276
1252190
1052
262
608812
1222
246
3362
286818
2520
3172
5400
3036
252
1192
982
1686
796
2442
2412
8570
1996
6904
2382
236
1344
1640
366
1500
5926
65214
773794
1780
566
190240
1188
1894
823472
360
242
740
90042
5254
1086
2320
2804
5362
4204
788
4960
2812
1740
1122
2992
1400
10272
1005036
82
1550
4884
35502
1920
1252
804
2328
1218
3332
58456
3538
7306
4020
232
1524
1168
1360
390
1126
4616
1010
134192
1656
1476
338
380
969646
466272
4782
4150
392318
254
1300
258392
830
1536
33064
70814
980
248
738
4938
1266
218
3128
6758
3780
253654
115506
2229418
264
68036
272832
948
220832
1645902
3508
68
68
3806
1452
1224
2036
38388
2652
3018
5814
1984
3512
413656
376
1216
747538
884
4128
2888
1358062
454072
1540184
3938
1460
1320
134660
3490
1135338
2162
714
2596
438754
5922
147870
3486
2540
440150
28106
4196
1330
1238
68
946
70204
286210
494932
12406
4240
256
38122
661070
1185216
358
159250
282
242
119454
4716
1302
5796
35794
862
1636
4074
5208
7392
729686
13758
111764
1422
710070
2638
52612
362
6166
459658
855044
68
563708
260
2326
1978800
26560
172904
225626
40308
51654
262
125420
1968274
230
142514
998
470738
583010
3084
511552
3042
120342
1935608
9652
2820
938
2374
1239218
2106
37492
80
68
584330
2958
266
2476
172208
560434
1211410
1538580
1263770
684
4670
473430
3314
3038
366
66
3316
1056
1082
896
72030
580
2322
1280
1902
654
366
388
1578
6328
5588
380
252
2550
256
1056
3626
2086718
1784
273218
2096
449868
1574
9822
2666
714366
329228
350
1478
3086550
708752
917004
236
5576
2130
580178
4094
3194
1984
1110
403516
1016
1010
4430
340
1094246
180804
888
2300
17462
692
594230
2559268
252
1969890
258
3116
1898
644
2910
675538
1764
242
17292
262
504
2180
358
1766
37206
640
1010318
486
1437670
382
3582188
2774
2340
758
832
2408
3754
1796
5602
4364
986
246004
224
3078
3882
348
356
2614
974
1742
2490
5250
764
1126
246
476
3726
783030
93376
216
626
11504
1472
3232
5484
3818
1188
2828
2346
3178
9572
2354
1990
902
1250
840
470
1250042
333168
4796
286
3840
2646
1158
3236
2498
1392
6884
368
1380
1831640
1940
6114
488
1342
3260
1336
260
5890
376
236
1716
2840
1278
2568
5858
1774
372
750
772078
94524
3388
7262
240
702102
840
378
5022
68
3920
834
258
5130
2836
2856
1348
6080
228900
816758
2846
252
236
258
443812
1012
4150
219400
860630
1390
760
2360
482
288
4168
3590
238
4416
173026
352
945132
285288
809322
841284
2308
258
1500
762
466712
1320
308560
3278
972
5742
17816
68
3726
852
9886
1782
708
1808
237572
570
511196
1088
608
614
236
1461258
3602
5014
2436
413402
758
932532
3300
3654
4290
184842
7038
3366
3670
970
642
5434
410968
3168
4726
220
1478006
1958
328506
2384
5494
1192
986648
7900
219072
2694
2802
105476
220686
4790
1822
2006
3146
1678
106564
3634
2176
1202
1854
5264
1104
250
876432
2990
236
242
46324
384
12138
336
3224
1162
4232
1850
6700
2038
4986
257030
240
838
1464
40202
31958
1816
2446
1074
234
1896
2594
125860
3476
782
473178
3472
3866
5456
6708
970
1070
2058
2128
59170
1084
321442
6336
1244
4620
1902
9212
632
5140
374
722
858686
1314
1890
356
762
3270
3124
6420
2500
938
6160
3316
2524
1716
3436
3918
370
3004
912
5584
638
240
214
5762
372
284
3084
1006
656882
1200
374
6102
2336
4770
782
6378
239538
1206
2358
2224
1526
742
67762
848
1512
3764
4642
234
305512
5626
5194
40482
60702
238128
244
7648
1124934
2558
386
2864
4172
216
214
1904
1232
6236
540276
476
848
612
2210
258
3612
138954
381444
360
1108
45502
262
238
1154
252
4938
2558
109834
4308
378
888
656
5212
3024
326726
262
1307650
2314168
12848
2406
3094
2394
6422
26596
792
5732
370
3046
1838
460974
912
234
4154
4084
722
1003986
645050
1053520
2534
802
1248
661266
3032
344
3220
1666
1522
8498
617658
1662
68
394
2350
1196
7364
2736
738
2750
762
564
866
1449828
1374
1166
2256
1946
266
774
572
3142
131110
966
2255466
4762
240
127520
3448
2166
222
4912
1074
1942
876
5226
4164
4628
1796
4030
230
2466
2818
872
4648
3156
612
794
8996
70
1714
3512
2330984
236
132244
3854
4196
2750
4058
399366
2980
214
3286
250
1792
1942
1278
2742
2322
1880
2148
7222
8390
1064
252
1000
4702
334718
2084
354
3058
626
1714
1672
896
1660
406350
6544
2932
497296
1474
14220
254
1638
2210
1118
746904
1754
230
1116
1104918
68938
1648
2584
1628
1712
7384
3180
1830
4804
6730
10438
234
240
6270
50526
5070
246
574
610
982
2688
2674
1998
1114
1122
609016
811598
1876
7310
6162
2738
48684
992
778
10766
688
675264
1076
2278
2752
2586
578
3152
478050
4132
24244
1840
4102
4268
3714
246
599602
2082
3794
280
986
9368
830
303562
2176
258
1478
1720
10122
1836
3374
890
606
3076
2936
2518
838
33606
3610
701752
1120
570
3710
802
2046
350
242
1070
858
3360
964480
1398
5208
2990
964
496
6638
896550
602
3868
228
3280
248
242
2940
1464
2089700
376
5642
3488
214
5326
256
737418
9844
2396
864
1344
4056
4550
2070
68
323650
1562
32802
1142
844
962
6792
33282
830
368294
1534
5682
786
36140
2230
746
728
6506
349128
116478
10932
258
1486
1530
274
462
1206
190360
1802
258
1262980
1480
3400
1586
340806
10584
3938
10946
246316
2406
5164
4772
644
1120
372
4402
3008
1796
5662
1498280
916
28794
384
5380
5458
2116
238
258
580
241870
2188
1240
4082
3322
254
555872
372114
39840
2018
69610
4594
2850
1416
230
5154
354
628
2352
760760
6650
600
2224
232
342
3260
256
52126
238
734
496
242
1758
4078
572
1790
2022
4290
1636
732
1618
1716
480
512
4598
778
1168
2980
216
338
356
305652
5660
686
405520
511458
2168
234
432890
610
2882
3004
2450
1582
286
1870
1182
872
1598
1870
7118
1664
3454
426456
3806
262
526870
4488
2254
6318
368
262
2188
3508
374
5650
844
6408
346
3148
780
234
1620
2242
1166
516188
1668
854
12452
1644
815616
2506
6710
20896
1322
19350
3486
4134
1326
448618
1166
4900
79436
253014
234
197958
2036
4098
169098
971926
5538
218
5738
256
988
2322
2700
213836
5478
856
358
860
249112
2756
2318
1043914
254
240
6574
9904
2274
252
215000
306888
1002
228
1980
578
12972
226
43954
310370
123926
6740
1659248
1204
250
226510
2588
5056
1569482
963696
523006
2188
2242
984
1906
2526
2284
1566
462
350
1622
4822
1756
3592
2868
5738
1308
2910
3752
3476
354
234
980
1620
3258
2944
222
515976
77496
1844
1224
1735806
1834
354
4872
838
4910
2918
1277820
6756
1612
228
250
356
1408
5314
317756
1356
941822
2616
5528
2598
384
2728
256
1032
258
822
3436
2756
1640
4356
2362
598
260
3094
4406
10572
1418386
1134
4638
122336
1066
3954
4056
5594
1292
2544
1320
3914
258
222
6414
242
4684
1744
3172
3994
5684
1432
270
1888
730
236
2920
4134
350
3644
5800
4026
1724
342
2394
6824
1170
3950
236
1730
5324
842
6754
1176
4052
1378
940
3610
7214
1940
2082
2930
26728
4272
1162294
2900
2080
234
1718
558642
2480
1980
214
348
2126
1208
5578
2620
3634
622
358
3116
1390
224
1574
264
1998
4446
2202
524662
1400
1948
7520
368
364
1704462
1500038
4076
1166
3902
1354
216
1614
2216
252
6182
3462
1584
228142
497790
2200
614
3590
940
1444
2912
7830
2912
3582
4148
410
2330
92716
254
1946
982
240
4224
480
1423484
4384
390952
1522
7776
4218
1970
1016
1194
236
1514
1078
601662
2326
8744
240
334
4670
2028
64702
357794
2318
3572
596
