3ffff:0:0:0:0:0:0:0:0:0:0:0:0:0:0:0: (total 18)
0 1 2 Thread 0 going to cpu 0
Thread 1 going to cpu 1
3 Thread 2 going to cpu 2
4 Thread 3 going to cpu 3
5 Thread 4 going to cpu 4
going to barrier (cpu 1)
going to barrier (cpu 3)
going to barrier (cpu 0)
going to barrier (cpu 4)
going to barrier (cpu 2)
6 Thread 5 going to cpu 5
going to barrier (cpu 5)
7 Thread 6 going to cpu 6
8 Thread 7 going to cpu 7
going to barrier (cpu 6)
9 Thread 8 going to cpu 8
going to barrier (cpu 7)
going to barrier (cpu 8)
10 Thread 9 going to cpu 9
11 going to barrier (cpu 9)
Thread 10 going to cpu 10
12 Thread 11 going to cpu 11
going to barrier (cpu 10)
13 going to barrier (cpu 11)
14 Thread 12 going to cpu 12
going to barrier (cpu 12)
Thread 13 going to cpu 13
15 Thread 14 going to cpu 14
going to barrier (cpu 13)
16 going to barrier (cpu 14)
Thread 15 going to cpu 15
17 going to barrier (cpu 15)
Thread 16 going to cpu 16
Thread 17 going to cpu 17

cpu 18 cur 18
STARTING...
going to barrier (cpu 16)
going to barrier (cpu 17)
STOPPING...
Duration      : 10000 (ms)
Acquisitions  : 2673185
722
672
260
258
8882
4372
2222
478
790
1462
2628
1101866
1713212
510
5052
15996
3328
2910
12804
827804
5076
3136
1540
650
15048
258
70
68
2908
396378
1790
272768
1193654
433694
3708
591150
1808
3872
1816
1218
3302
4718
4584
966
5782
6084784
90170
12576
153140
1416
2580
2896
201434
4814
776
13360
3064874
1332
12766
2904
9054
478490
334
232
2250460
9952
296
370
6334
11078
13528
3546
8364
6450
2408794
1544004
670
5275620
344190
6126
81658
4930
624
657524
3086
3454
3850
630
242
1722
5746
5846
4466
660536
644
11086
2014
6956
612
1088300
3174
384
2680
894630
3210
2142102
4044
4358
7118
5756
7796
264
828
290
6970
4894
2920634
4054
466
1988
3054
179590
238204
262
3696
1394
3716
13110
11010
2987896
426
5088
5702
5374
10554
80414
15724
5088
372
250
3038
6808
908
3982
721960
75524
3524
256
867252
816456
1114
398
2512158
623468
69922
6024
1372
1992
8564
2264
1405038
2202
70
68
3896
390
272
4368
2232
12694
3186800
2996
264
2172
4056
2068
802668
170896
1906088
10066
4233436
5198
922
2423426
1019672
744
3301962
1086
2392
2222
650
597580
144442
618
1351916
3298
1489042
2810254
266
3086
2664346
1936
7154
3918
1674
7866
382
392
6498
2488
6654
6162
8878
963224
3084
2629510
2404
2816
853820
20068
1475666
19644
510
254
8578
1997272
13160
242
1564068
3906
909208
956
1748
494750
1080496
4000468
6106
391862
244
2279692
910
1278
2030394
6042
602
2630
2904
258
3312
579364
2355734
3115718
4496
2615636
256
974
195964
1608
274
4106
175556
2858
1666
1007916
742
2454
410
1058
256
3240
5788
16946
14126
65818
581244
8852
10260
83776
22732
1188
260
3176
4073952
1380510
852
3172
3117930
1850
15550
884
640
6792
7538
1073800
1120312
8090
4596
7528
1940
360960
3170066
396
6376
1729306
1834
3200
2608
294
2783234
2130
10392
13652
3544138
524
784
4166
3080
522
961868
368
1714
5055918
9096
432
402
3216608
4062
532
374
3796
1876
406
294
1867222
3074
2414
3072
159582
388
4044
272
4548
3728
3022
40408
2328
972694
1566
2202384
296
70
70
386
489256
256
762190
2336
592418
6332
2166
872
260
1169332
1218592
4246478
344244
1484474
4102
232
806
611566
3066
512064
1128
3110
2950
3344
510
10834
350
8172
982154
305062
3674
6684
10976
1746
392
1010888
404
1978
5166
3030
1480
274
278
1352
4514
234
3013952
812554
323030
250
254
339190
9058
1879564
1822
3507524
272
3668
113706
2034
53356
370
3988
2998
572
11736
12160
606
282
45610
4206
2268
2442
2220
1348
6025898
2151094
9414
2064552
4668
105210
6594
476592
6236
8944
6936
3647238
380
4020
1142158
6570
1732258
5586
11422
1554
1174
262
8488
1072
2290
188644
70
70
880
636
68
70
1854158
2046
602
1074
406
11696
505212
822
264
5500
268
9522
270
877666
2081234
372530
7596
628
3128
1785266
1854212
370534
368102
4468
4987530
6288
14436
3312
96934
867196
6442
2626
5654
618
1020
2728
2542886
3376
383582
1396774
4386
7892
2432
127208
2818946
5376
802
872
8134
421814
5670
12900
1044966
20558
304
3532
12062
17680
250
6778
364
4048
2484914
321268
3708
11892
13466
10418
3408
254
2354
662
6022
276
1158
246
23732
256
385272
381698
2630
386
6396
275584
1240108
1668
2371330
260
266
1664
291296
1610
274
317344
256
5896
1424402
232608
394
5158
390
734022
5344
2535944
2075348
4130
3874
386
748922
2982038
2193756
23626
258
9632
1836
2974
294
1010
10690
524
522
268
274
5898872
228032
284
1554
272
388
730
2414
1145274
5124
106218
55038
1861234
1010520
11302
782
3388
284
6460
270
3844
688
2214670
489776
2767298
1114
82504
600
1004902
412
258
1066
734
1294
3606
1806
52448
1611840
2898
3342
40074
106612
404
1442
3278
854
133150
939456
3580
2358
260
20554
3566530
1876304
5922
3346408
210554
229176
10898
1122
6744
680576
6822
558118
378
6124
1030
243576
1974404
400
2206
5752
3356
528
223636
65902
8028
182916
1007648
430
1180
13678
1472
68
70
6584
6160
5340
240
15182
718
1453942
2838
5120
262
78
70
792072
4070
557606
1120
2453748
5352
1574864
642
8362
278
2330
628160
1366
28880
395002
270
418
52540
2532
201738
510
4488176
7912
350856
6470
5788
678
16546
333976
394
278
264402
287182
252
4452
372
272
3026
3686
274
1032
1622468
2430
545746
270
3201340
563486
1349022
2376
3725500
270
32532
2596
874
572
6010
4366
2030
5022
1254110
256
1212
266
6202
7568
1450
786
4724
3772
2906
406
10402
428
2920
392
6348
282
7828
1868
13764
3842
10350
2086
740
157186
6394
2283642
9908
4660
6788
1226
3491254
14362
6910
1376800
1672
4064
957864
14006
4843846
2050602
884
6612
9992
2144
4198
5568
1020
2991654
294
1941824
7408
1126
2904
8530
262
662
6490
70
164944
350
4517716
496
1482
1184
11612
7218
292
5496
1242
1556
3906
664
1670
976782
11624
384264
1834
2529258
367198
2737790
2210
16296
1284
1657700
1044
561886
396
2797572
1825014
4428
2412
6540
5508
270
2090
3064
118258
4426
516082
845384
8864
1075832
1935372
13016
4084
976
5104
1234
252
1201412
1838592
2768
4246
3082
2726
18304
570
9116
1714500
12296
4222
242
36150
838770
70
70
3888
1442072
2908
1814
10044
1536
652416
13646
5148
3030
372
5836
809144
18592
250
256
388
6916
968
2025566
13426
4908
3252
1698008
143808
1128
231314
296
62680
14452
1238
2699294
1410
672
578
11478
750
4454
14422
481618
796
1392
6196
2264934
1930
256
3510596
2263446
2582
6910
254
2286
1316
2466
970502
46068
12570
2007918
418
5126
2470
6906
414
2368
1388300
544
11142
4720
9694
1831416
1904
1888
244
378
1684
2938262
2120
12082
8198
1168
8006
16946
274
264
298
774
2744
3148
274
1590
1474752
4014
2838
924
1556646
1374
25214
1484386
173866
823254
7208206
5308
9454
1013042
502
2118
4684
5906
238
256
58816
240
960856
534
268
4514
280
3178
2848
3212
278
3847514
6800
706
9210
1634192
1476
2590728
1548
309388
2400
616
290242
2633718
262
12550
9594
1898
3144584
3930
1418
6280
980736
1680
2024
3818
271826
1056
20136
1758
968
254
75670
2152
4188
670
2366
1099666
2286
1196
1384886
600
1492
5216
8126
3528
5576
190296
706
874
2812
944690
358940
3501092
280
356
973344
3536
190838
3892
1076
10470
9282
522
3660
1248
2174
2318
5720
3314
1390
6484
1192
5668
5068
852
2202
3820
7688
2618
2220
660
3124
439162
2054
1122
642
4400
2104
18006
975690
942
1769000
410
2826
1494
316732
1834
2306
4864
818
144602
338972
1088
3290
724
3402
542470
1256
759044
1056
264
10866
16556
2323158
1790
3846
2272
7960
2976
3984
1984
11408
7070
1136076
9542
1058
3056634
708
2700
1134
2500
2720
1798
196878
5102
5632
846
7304
564412
11900
764
2084
6950
1882
268
329270
9864
630
2594
261622
6122
2496
7152
934
626
1558
223318
7268
822
862134
4958
2420
5992
5810
76890
5170
812
1594
308426
934
1703330
1412
4306
850
13242
8852
892126
1328
365066
2568
4004
3922
1984
141456
2886
2226
764
832
1214
2574
2564
1270
4984486
412484
8468
2894
716862
1702
3540
1318
2658
1538
471644
1604
1932
886
17442
5134
1172
708
2264
708
388842
282
140212
272
3858
574400
194096
580384
838
166904
812958
1232
270
3584
1782
4844
5036
2576
2428
1828
1624
6188
521606
3302
9332
1547076
1192
424
1259896
3356
762
4408
760998
1430418
5844
264
1706
744
2818
6180
1366
473172
4588
632
350390
40478
5926
272
1770
2024
171256
866
5036
989794
12444
978
2638
91790
6558
4500
4472
2088
1913484
1540844
392
1936
584514
2078
3982
5240
2034
1226
15664
5850
1178
3588
5856
2990
1120
358
6170
1866
5748
7668
1850
766930
3794
1318
2838
902
9316
2378
19208
2034
2096
1334
2518
3626
6578
315766
674
5080
2676
1662
3306
2192
4804
2994
1554
4416
2322
1310
4640
8832
4270
3531942
2546
4996
3184
368396
680
2420
5574
712
4662
2879948
1764
2996
4054
1142
213708
2462
2146
298
1050
1116
3580
2334
4770
1554
2222
5206
403502
174428
360
2756
256684
2844
389418
53988
1548
622
6666
5564
1184
1116
6896
8324
358066
425566
366
280
314730
1058
11616
1088358
121576
5226
4346
266
1184
2904
938212
5534
11362
6956
3090
1118
251030
1072
2074
2206
3362
7742
5248
1620
53542
1776
2224
2474
50668
3904
3872
46330
626
1776
4636
6378
2774144
768620
5478
3134
1224
5230
4050
2300
1056
1760
819566
5842
610940
789654
2416
2092
6234
2220
2058
1698
4004
9982
268
1756
1028
1196
4726
1000
305580
9546
6488
2062
1464
264
4756
4024
3188
2610
740
1718332
2518032
844
2745472
1160
5750
950
3540
294
4898
1444
758
844
4248
1334
4086
4268
6684
3360
7314
4172
899530
4588
1024
178516
4662
3664
2504
5746
2972
1248
618
376780
7202
10696
2946
14422
1550
1754
8394
2358
5804
964
1536
846
258
4766
4722
922
256
4226
2886
2244
992
590
5108
3756
7988
872
7294
4324
3590
3104
1508
4814
1626
2719894
4840
1894
1974
3634
270
171886
821374
379588
1808
720
270
461780
6330
1156
1450
230
7094
4372
244872
2024
1672
2180
408
2330
6142
1532
5592
128150
6186
1530
1242
1018
3060
2264
559594
824
260
986
642
362
806
2356692
4626
772
4206
370
1692
3268
2270
620
628
2882
6886
3476
7550
109652
5554
11126
1874580
250
2214
1758
4110
884
358
382
3962
1606
984
3780
726
2470
126112
1068
256
258
1632
3912
2816
4816
3048
238
5024
8420
742
3602
2056
4000
2310
7218
1534
2248
4382
804
7708
10450
7078
2364
8082
1400
9808
5454
256
910
286692
1404790
2772
4960
268
6134
2420
6634
21646
7010
846962
3086
2438
1746
452800
270
3010
2380930
1782
9968
823472
1086
2568
2948
2990
1223376
5756
4388
4670
2364
6396
280114
397268
1212
860
2220
740
2180
423382
302566
1566
4734
4168
3814
4686
174040
710
8100
20058
758
2256
425526
420
4656
3780
2276
1736
1606
2560440
367504
744
4040
1328
2568
2414
1357456
806
4530
5408
1006
3560
2376
2248
516918
329192
4968
1164
282
5746
900
511200
2118034
1244
6730
934
6674
1532
1810
5516
7004
515466
3098
1202
2860
536
5928
3558
4034
86
284
3218
2912
1713920
4008
296
3594
1196
1058156
128596
2098
381398
3206
4334
4864
4740
932
1258
4288
290432
1428
5980
282
5798
328928
1254
4512
2942
8050
276
2288
2172
4968
1086
946
866
960
830
2364
350030
3234
1044
200956
6206
254528
7470
850
681986
686752
3552
10456
882
1013822
1508
502
1256
6866
814600
382
1426
2806
16516
260
1250
3892
673016
2672
3034
1230
372224
4416
252420
8026
1270
1952
1808
2466
2290
1980
10998
1534
2562
1841778
2338
4586
254
3228
484646
9122
3570
2402
1340
3716
482
1815838
1632
191250
4432
8120
4080
4938
578168
8028
3788
846
5424
60914
7816
1228
8528
618
1794
5036
2359232
3782
1018
4136
2536
1070
1930
1650
166142
2146
982
16542
258
5192
5310
380
111306
1444
2168
734
920
343232
615756
2582
2942848
2006
250
4336
4584
674398
232
2388
3038
9608
848
1080
1852620
10780
2686
466
238
3290
1560
1238
1046
4516
2624
988
3874
8518
630
384
1611226
886
5730
1412
3250
1672
282
2250
2360
10958
1770
820
846
1108
1074
2066
413852
1070
1714
242410
779196
2790
716
298
1668
91162
844
846
7120
3854
1808
1746
5960
44026
1296
3278
1764
7654
278
1762
2600
1218
113970
1212
1396
6532
254
642
908
3896
10654
1704
336894
1424
6774
2466
64914
632
7876
1154
72192
11850
2350
13332
634
5686
9526
990
1980290
2928
1468
4108
7542
200002
1742
1396
966132
226320
844
4290
664
12964
956
11192
2686
1350
1304
8712
977640
1074
1636
1450
1974
2246
9698
594
3024
9486
3270
9486
2190086
1210
7006
252
1928
4438
976
59894
1604
1350
2014584
9046
2760
6966
186706
2122
258
1293952
1639952
840
2436
218466
28508
238
1328
10228
4902
470
2158
1558
1272
1694
2816
2700
3848
1201724
9482
1934292
2928
1660
123644
3098
406696
278
2956
398
1362
6796
1864
3628056
292
3636
70
1266
4956
4620
397702
4166
3956572
2936
384
2034
1298
903620
370
2341176
7946
3602
730
2836
715264
5632
5348
142336
9702
8686
1010
1849198
1036942
7434
1200
4284
396
1260
1604
5222
817966
19338
2564
4696
372
2734
4236
1685854
8502
11406
2730
10264
417584
3140
362044
346
377182
44438
2780
5302
1080
252
4072
256
1091014
4826
5920
742
3490
1510
7010
1306
9266
3318
3830
290
266
4488
110220
2564
1468
15042
112554
634
384
948700
1750
2142
9478
274
874202
5244488
74
70
4236
4220
1384
268
3454
782
2926
380
1108
5254
3616
5254
4324
272
2288
47658
2306
13888
254
9432
710
270
2132
1476928
5154
10950
934
244
5978
378
5524
1496
28566
2240
2738
3648
6334
3116
411000
69514
2668
4584
4374
920
604422
1314
268
283202
486330
5230
351730
4824
3452
4140
4796
262836
4418
508632
712
4596
292
2046
4708
2036
168758
12786
399292
186604
4114
2623460
394
4528
272580
5236
1944266
2108
3222
5718
6034
1580
380
858750
3078
2204
11684
55914
452870
262
768
5314
2962
1160
475658
2012
3280
2012
66
68
978
1324
8660
5916
2956
292
3914
236
111782
709686
368
7272
4872
3766
2739064
1889156
7008
8058
496
13700
2776
722
1414
7658
3172
3854
65492
3624
4210
154236
794220
384
7232
278988
7322
258
2563824
1564
285256
266
2968
337502
2588222
11274
2414
3050390
2175926
2762
70
72
5222
598
2956
2412656
274
278
5824
29052
972
8450
374
1918
6642
3614
8218
6052
316620
279954
3614
534620
4813260
4064
280
3819708
841830
298
1142984
6966
11906
6540
274
5159216
4076
364256
109984
6962
827634
12014
8676
240
8054
768114
2934
6576
2828
1512
398
1816
5992
1016
716
883406
4904
155034
266
7436
246
272
2010
1414702
266
4178736
383638
292
1302
604
3922
2046
7164
70
6182
1704
264
808968
6036
617138
1464
1244
3094
652
104394
858568
282
2944
7730
2724
1395930
1864
1306
4456
4140
1140
2834
948
1509166
1058
4538
1084
575114
1470632
68
6528
68
565648
3466
307330
3474
1332
430
7054
35342
7656
4680
1279030
5438
1838
1824
7596
1448420
372
2796
578110
412
3146
274
7180676
1698
1962
68
68
2686
1918
566932
292430
11298
2594
3942
5212
2662
974
4656112
268
2098
280
3538
1680
492610
5280
566514
2212
3068
936
8530
361688
2174
4690
536
2687282
1520
3114
468682
1783500
262
3386
2544
4704
5366
560286
8872
5755208
21000
844
3284
1106858
16850
3242
390
634
7092
2966
972
6080
53532
294
2216
452110
634574
697526
4760
204202
1620
2178
4132
496
4882
2005194
364
128136
2867782
1480
647240
7960
268
296
7988
260
996
213680
404
1333330
860
279924
2264
64716
8152
6968
2040
388
238550
2454
3302
260
4648
834268
68
68
2426
3020
12046
160770
1370
276
3420
799940
272
7480408
5290
2408
2216
4254
2938752
5402
43714
6710
5134
380
5940
3900
3178
254
11628
152092
5590
5426
6246
254
14012
570
2696
615720
3316
4892
1816
2436
1486
892
922
3973076
777784
6994
3112
240
4984
1876
1250
9160
1128
31264
31728
1018
568
10218
7170
7470
2702
8764
4272
266
4256
6500
7762
292
512
2526
5074
126458
1056
2566680
4482
460
430
1704
6630
7006
1084
348804
2724
1374
8464
106016
3932
1356
1243486
10078
2030
3723306
258
268
6442
599380
2616
1260260
4072
410646
374
1740
1880722
68
68
5506
872
3480
81436
2188
4028
3538
7988
386
464
565470
7134
3864
294
6778
1257644
7412
2080
5462
6126
2390
2800270
278
298092
2723872
510
2714
3722626
6310
1245072
3834
5746
88240
3345676
3366
6318
1554
3095904
9178
4278
2632
392
1778
5336
9294
5330
496
1336
7614
268
8150
16528
7190
2741916
1530
4080
356
4288
2234
236
4002
4492
958
822
290
121388
1880
508
720
4182
17966
4886
82292
2218
10586
5318
4888
2246
15012
11316
1736
2367192
358
2150
7854
68
68
6166
16764
392
830
1344
278
4544
279628
270
2998924
9934
454738
163288
1073826
11610
4050
4936
1188346
1982
5304
3272
3780
3240
5706
2082
374
687936
254
422
958
732
9788
272
929686
1672
6188
7430
11162
1990
7098
7048
3648
294836
122492
4430
244
384
438756
290
1632
782076
1814
2576
262
752788
6302
10136
7226
1945028
6218
264
250
5700
884
388
696
2131124
2830
912
512
680
244
6072
344578
610
2734
108350
6324
604
1342
320
796
2480
11790
3322
8052
11164
13110
820
2120
1008
396
1467080
2794
2150
281722
432086
2880
2693600
3014158
1972
1011582
2718
89800
612
5102
6406
266
370
8984
1180464
2436
510
296
156136
3976
3592
2150490
11702
1762
364
278
1658
1704884
8746
1478
4468
2982
13076
7464
1812462
4480
1782084
1375948
1740286
1909338
1128
1604864
2226
1401080
6948
2004
1336
2676
160602
4524
1052
632
433182
10186
549400
463636
282830
265058
11732
274
18390
2286
5136
2046
1258652
276
131484
199780
1880
58062
3968
2246
7342
2997818
3722
4036
3654
9394
42256
844
11194
5084
1692
7466
4754
587796
19994
6480
1736
3696
708
2374
67982
11272
2774
2330
1738
699816
288
742
6504
990
508
6126
280
1328
1734
380
422
4880
554
402
1386
2900
288
3660
7962
68478
6282
376
4402
2876
9236
539286
294
8770
846
51926
8182
3674432
5908
109902
4286
2436
268
1978
398
3536
3930044
4404
1496
2926
3228
362
3060
7532
3832
1616
1610
982
2980
2404312
1390
882
984
489956
406
70846
4962
209284
610040
242
268
505494
1467574
18738
852
195894
3732
3882
3390
1182
318140
600
895014
51734
2370
620
882
3044
4164
2212
1236
5510
57984
2484558
474608
1118
1426
2448
1050
2090
384
317300
1228354
1182
264
6456
1262
772
2492
640
10152
8556
1954
1980
2432
8522
3626
378
1572
2910
980
1686138
730
509648
8284
8326
6274
1552884
268
974
6588
5630
1028
1686
3094
7084
262108
2078
874
344238
4376
274
1106
240
4196
957592
4960
5446
2222
2832
159820
178400
1408
8062
817324
895148
2728
499040
11352
1212
8838
471482
274
9228
13994
1202
1384
7004
6702
1068
4238
1404
5786
3692
264
1890
282
3294
1504
4102
1026
532
5144
1660
1750
283020
1761798
357318
3526
1284
3042
734716
6776
18560
2388
1898
1053688
842
1078
1258
386
66390
2393406
183202
500
1420
264832
4488
246
2083748
2223414
1782
580
3716
5786
3640
392
570
382
5724100
5884
3358
1576222
14760
7972
1056
4316
527540
708
5892
8082
5446
2502
15302
372
5106
250
2982
3276
3386
246
1902
1844
505944
1938810
1458114
246
244
2192
6288
15160
1188
3060194
10566
89984
4020778
737920
246
8426
525526
288
3740
1282
268
1166590
934
70
680
203016
722
1430544
3683876
14622
6314
3356
268
1668
3818
8736
2470080
258
1264
6520
2283766
4226
893460
4602
1782
3992
2820
296
2000022
236
586
3016
67456
4412
1434124
2548
252
7852
1322
242
372
519992
5616
1362182
1440
360
3122
402
4956
6348
1790
1868956
1166
12590
3956
1192
375942
7042
74802
376
15450
1358
92022
8822
6442
2214
1884
106400
7594
7190
4426
2922
7596
164222
3484
10098
27074
8520
248
5594
1594
5478
406
4816
6202
374
270
82
5272
1184
12534
2418776
710
2734
2342
12668
1046960
736
286
1068
252
12736
2571962
1389120
6032
4544
961732
2931140
3734
3494
508
1890258
634
382
1135706
1568
3872
702
1787264
2386
30012
6972
9528
1299146
778
890228
538468
1477684
13746
3026
2250202
276
1238
2514716
1958
4138
1431894
3059094
366
15066
3746
1178
262936
1236
610170
1124834
3714
260
558972
5232
384
3008
11884
364
7776
11560
1598
3393762
70858
3860
248
3710
11772
4600
8806
1557060
255886
1426
2090
470848
7254
1240
382
3326526
1968064
1018
1258
350
953288
12876
390
3759874
1792
10282
926
50530
1464
260
5084
3532
177106
1649886
852346
1990
4138576
498
4174
702826
944900
4350
5132
448036
734
4084800
4434
12860
258
390
282
922
2590
280
3014
608
1384
1954
643428
1428
4942
2186318
3554
258
818778
242
706
1492
1848
1308190
4338
798280
4580
1832914
4028
2279378
2712
360
554
954
533456
6448
1560610
552
1358638
2214
6986
16942
256
10926
1388
2088
6164
768118
6556
9666
6828
6306
7946
4962
1854474
234
4939634
6260
4146
6028
2296
138996
260
5974
1260302
1420
5660
1240
2364
1054
5100
256
2734
1086
4724
7190
1033370
294
10792
252
2776
1632
63270
364146
3439000
928
1356
822
1542314
604756
5542
4680430
10400
2936
82016
252
9418
2174
648
4685784
1090
4238
290812
1872
250
2390
276
11044
600
254
1863656
9728
1062
6534
4970
7922
736
242
3946
1368
5458
2674
360
5070618
2100
4212
6214
1091818
9558
7596
262
2284
1022
149786
1632
2189376
87046
6836
4202
2922
3026004
2556
1675246
2428
2884
1236456
1636
2654
1480
258
1785300
144628
408
4678
1548
906
10164
66
2316
1820032
6620
141360
3562
1263696
5462
2892
1843686
3066
2768
821488
594
1884
16046
8172
412296
9144
246
478914
272
4105440
380
3005918
1032840
71374
1235136
588
1087578
245780
1194
553398
1425180
2083332
2490
1256
1064
89770
818548
1918
134120
738252
6988
4996
5864
600
411678
940
5832
918
1796156
2287410
346
570402
1200
556066
474872
173450
21602
260
686
3592
4522
951346
1284
3008
73030
1188
2478
4454
8914
1872
5750
1290
4532
391042
252
330506
7874
192658
6690
26816
6726
292
76794
2532
2558652
5100
488
3090250
12298
2577128
5626
270
1018
995806
13560
260
3260
262
2900
2990
5564664
382
3928
4124
11378
8462
141298
512962
696
2286
779992
1674
260
1170
17346
396
1132
1522
3956
10896
2972
8456
14058
2826096
5974
2012
468
616
908
2032014
244
6290
1576
1872
3674
3652
360
3708
9996
366
286
2411572
274
2158
3770
159136
3084
3352
1426
3920
268
1070
1198
957720
694
266192
78120
1864
1090
8228
3152
1998
1944
8232
733686
4642
16232
2358
3518
3328
8638
8472
8498
2364
386
3476
1837608
4770
4226
832
1010
1033266
1346
3762
1721910
1830
1396
6082
2021268
4578
3078
10196
836
1060
404258
1096700
3564
238
3870
2020
921318
738
55532
1206
707102
1880
376534
1548678
167018
1039546
3612
10950
5502
1264
27162
1100
1943050
6202
1176
557878
2144
434
508
5096
2161612
2780340
17790
3612
1339648
5642
270
1156
1908
1156
1044
256
272
8972
1498140
274
718
1892
4860
2484
1962
926
1998
1634
3336464
8682
918
8474
518
1038
2340
496168
5028
1398
63008
6292
1416
947676
262
1257028
365960
2078
3231592
2172
1229916
945282
2062
1694
2348
1781028
6270
2353294
924
2296
3020
3970
484
8196
2134
3268
1438
1074
9780
1048
1361042
2964
2902
2383014
1554
4962
996
1132426
260
1948
371990
1611860
1897772
1102
704
712
783418
161472
995916
161598
224522
272
6706
3773792
171674
7048
13626
40756
1336
3616
2622122
4860
62708
6360
1856
348700
252
6066
17870
5538
642
8922
92220
800
245702
776222
10870
8090
652
2134
1847554
991204
2656
1308
4426
336
3118076
250
2248
2982
1400
4132
708
997738
6002
938
5042
4262
1068
1272
1354692
910
5682
1288
10890462
374
986974
3384
303446
1972
942662
49740
2270
6782
250
234
1266
737038
3702
2588
644
3680
1689628
4275714
270
3505116
296908
2460
1986
1036512
362
1272
2604
589134
10464
1122
581506
1664
5672
3608
4668
1283764
736
3115712
121412
6954
299764
16282
5950
8410
2430
11412
1232
392
5204
8078
1779816
971220
1122802
1770
776846
3856
159872
2513386
544802
222548
13092
2106
378
244
242198
4564
5832
5404
4138
716
75084
494
495612
2718
2490
283566
2716
3404
2430
2006
51640
1214476
862936
622
291592
2644
266
262
244700
3814
1585516
3556
2402700
286
114810
1394
1302
9766
2950
8674
403192
1942
4824
3340
2792658
2457768
392
2534
2584
422
1501348
5738
7338
2132
10282
1442
2194
378
4080
272
487464
236
1274
1992
10734
4972274
49828
4640
2351070
1931872
5170
1584
408518
1450
3586
2106
5574
222
11960
378
1604
3385620
2378
1946574
7920
736
388
2982
4892
332728
237132
1636
2330
9364
5518
960266
3884
2428594
396
258
250
428
468814
3834
262
395180
256
6146
13004
1035704
601176
2617720
6196
2912
2368
258
6298
1860428
1612
3704
15642
6718
39680
6334
125324
15484
296732
3940
747744
1837734
4326
242
1064
1948460
5120
2140
272
2916
2528
1618
266
906
272
378
5054
11952
3078
5146
6224
260
390
1990
3161960
14594
4990
5468
5356
6332
13866
4046
48438
1500
238
278
1592
858496
22838
3678
515068
2340
274
2984
8150
362834
3040
654
3954
1541916
117776
3149978
1696
1003324
4314
4314
10180
5618
234
2351808
748
968
1638
2280
1084
20974
370
2208
3592
1492
2858
5910
240
488
5642
171948
4181880
252
216
1904
12422
230
2945602
286574
248
888
1548
2304
12744
1866876
6556
248
16032
3486
3784
1918
486
2314
1258
2320
13168
5902
415120
10036
3122
1226
7302
10572
5292
1518
791052
928
1072
7470
7696
260
9100
792
6172
248
5708
1346
1924
4036
1254
1562
1342
638
1968008
364
1296578
12980
36300
11802
4644
28198
2262
2438
468868
372
9814
4274
244
3902
242
344
866
6056
816
6244
1798
9994
3522
260
6858
236
1394
2496
2930
7300
2312
1300
987020
1027884
10400
2600
2090
402
250
2776
17458
210098
240
24318
1204
4182
6518
118884
3544
704544
1082
2675742
5102
8332
986
2570
824
2564
672
1350466
340
350800
2443556
7898
2192
1928
5492
1227922
1770
4219832
2959698
228
1180
13104
1258
1845406
5346
5576
258
848
1420
913384
45594
590
1912
344662
9362
1955122
4474
2614
834
6466
4054
10334
806
28282
4712
1276524
5008538
14196
3670
488
1112
3118686
1868
540
232
3460700
6308
10890
250
212
509834
70
2294
1886
1970
5404856
12002
364
6608
3206
272
230
266
2286
3864
2738
6128
2304
10026
702
258
9018
1562
884
270
7510
2840
10210
2326046
366
684
3742
8670
3796
4088
218
4682
3726
5416
2416
1042
1208
240
1886
1046
640
14824
270
488
6630
1486
502
16226
122126
1036714
238
494
1532
2530
1498
1599360
5662
3466
1913934
1872
4138
587490
7684
2194
1054
7400
770
350
1894
4184
12868
8646
14582
1150616
6066
6118
114670
980
3392
486
258
2271946
4000
14776
3130994
52992
6756
314
2123514
6418
1616
2476
3256
220
240
1562
7726
5484
723562
1806
358
8778
250
378
364
745160
258
7056
740156
472
232
4828
7638
2802
20624
10436
224
2210938
9208
380
493440
561426
1442
2482428
1582
1214274
2140
250
3494
2572
6194
1312
1926
4160
884
602538
10876984
3872
16840
392480
2750
8062
370
5528
366
8804
806
4279402
173978
3952
2356
12392
510
10160
222
9226
882674
2896490
742104
17454
1757994
4020
210244
504
2140
2800
6018
2908
246
10632
2374
246
1882
490
9320
268
2834
396
7836
1119730
736
3822
1639132
7304
262
9312254
587034
966
242
12488
3136
409178
3840046
1054932
4146
2408
123402
476
55286
3956
37666
3314
3116080
2150
224
234
264542
372
684
372
854
6568
226
855176
1073576
19118
4240
578276
374
6476
70
6672
250
2862
6556
3904
216
386234
6880
2286
242
1268
1328
476
7308
4874378
224
2986
258
2144
224
2788704
842798
9134
1180938
4474
819226
4250
2182150
3680
6765582
240
6024
1566
196520
1644
1212
1238748
228
2650
346
8408
502
3261370
1254
226
736
28486
858
5650
4429414
6004
758
1190102
2504
1122
254
364
3184
244
953850
6190
11122
17140
1766
7710
1186
240
268
8264
642
1942
372
2086
2800
26254
1200
1562
285836
1861098
4378
8332
10314
1714
3950254
11294
236
248
6992
7262
11240
382084
279574
52662
232
252
3526
254
3170
1886
3575150
3085794
9422
813094
101720
4976854
376
2474
2474
4702
5788
242
2124
4240
2490
4200
5188
4336
258
691760
260
266
11768
232
388
240
1308
132214
240
2880
2472546
1604
7114
5376
1951152
2650
3044
5578
7884
4414
2674
2034
1139086
904
2224
1357758
357736
1516
4104
234
4020
1692608
10132
238
548
710
246
1078
386
628
1564
9158
5834482
260
380
8466
490572
8128
1242
1452
2518
20320
3114
2452
236
6874
508
4138
1000818
70
2363208
3550
3032
500
17970
5966
374
1336
7252
5006
2064
500
16508
1916
158294
1064
3218
7646
246
2600122
838
1620
2526
532684
234
1388
354
3092
301450
2957860
5588
218
9166
94528
234
1452
4155712
113044
2170
1404
1870
2262
1076
708
789978
3836
508
3144
248
2966
981778
1652
3134
258
256
1473860
340
3550986
1806
376
252
2854
958
23592
919508
1632
244
11090
309638
2794
1702
2898
31962
250
2854
8846
2676
2636
370
1434
2007196
2770
662262
3144
362
2908
880
2696
696
9714
6852
1450
14340
222
1102
2312382
233098
11340
17550
1486
222
344
5200
5432
7400510
238
1716
1268
1772
3432
4006
2544
384
1250
258
1954
24040
238
378
4662
340926
3940
248
16844
656
224
2564644
3784
18468
5736
3088842
1178
7190
6788
5030
352
1456
4128
15774
7590
242
7338
824
1530
240
17386
9078
2854
2502
1852
236
749424
5436
1932
2000
1394
5354
500
554078
10652
41470
844
254
4678
1754
4512
9920
228
6956
5038
14160
5271276
12238
70
72
8728
1496
234
344006
260
12182
2392
2032
5518
9310
4056624
11362
644
1111310
12148
220
3170
11638
622
167074
1636
2118
3092
1368700
1098
2251600
3314
2045582
9880
3054910
3598
248
9356
5648
370
2150
2436
7210
5782
2652
1326
1438
1985324
9152
4812
238
13620
2836
3560
3530
706
1978
4750
1322
1674
3096
10770
362
646
402
2400
478
2276
386
354
1174
1400
2848
554
3758
3304
1020
135202
355584
3922
258
230
1016
1484
626
246
176568
244
1058
218
1686
2510
2153704
1684
3136
1382
886942
242
268
864
2188
1045708
1974
490
1664524
3904
242760
1612
364
252
6546
628
269392
13564
370
3274
7070
8438
3031950
6634
4496
2003584
248
1082
1362
3042
6950
8424
3487580
13812
5412
5450
3192
3302
1099296
1154
10292
2473216
3570
4662
9448
740764
2641782
12880
2904
5356
392
880040
9176
1418
5872292
365568
2496
6756
9898
1850
8416
7632
1342240
7796
6560
484
159684
13318
352
854
5408
366
1934
41474
614
650
4914
5112
3406
1576816
1144126
1030
7510
1284042
260
8936
248
116954
1578
1066
7844
116584
1694
242
2294554
582
6894
948
262
646
8550
1312
1528294
3972
1900
680
9088
7418
236
10788
378
6898
1590
14550
234
250
2556722
1534
2184
808
1740
9244
218
386
1596
210106
224
1244
13492
26114
840
1728
1076428
3908
8712
1248
6054
262
12736
1308
2650
2907592
542326
2113386
3099376
518
2594
12486
14340
1282
694
864
6926
2318
472204
4370
4606
1608
1908
3708
1800
834
258
5064
75758
64942
468
4408
246
193786
355226
4210
10130
1664
1658
1766
4002
95122
220
4608
340
1686
1318
6890
280
6488
1700
3070
1692
244
6274
608
10638
3370
7228
348
3576
648
3114
7004
1854
5502
8566
2314
1530
11894
8276
2696
5666
2496
2694
914678
2662
4978
986
5988
1410
1716
12398
4264
358
2130
1636
208
4054
422408
698
3699242
582
242
1020
525340
1423086
7340412
2756
876
4017706
990
6822
662
2462
3320
1542
1678
4106
956
9456
2546
4362
4068
1168
1270
2934
7814
429048
218
1156
582
682
4006
5000
9766
3760
1044
4102
1972
6578
245944
413130
244
6702
5516
238
2394
834
2442
1308
1356
8068
6210
2020
2940
822
364
1857642
816
3758
2054
1070
2478
1571192
5446
6528
846
779372
376
10214
4046
8062
3326
2510
1076
2638
2239776
378
12654
1606
1086
1832
2952
3952
860
1716
6852
2380
4238
1364
1970
338512
466768
486
1760
593178
3418
1188
1246
759532
5540
1266
1748
5782
5038
3096
1880
7722
8344
2906
2754
238
1656
1179794
756
148562
895732
656
7650
830
2160
1578
814
1264
58918
8424
2374
1464
246
95324
3504
4300
4282
1981634
6234
2808
2488
254
1331610
4306
776
5544
1554
1966
362
1700
6470
3882
1044
926
5500
800306
2634
3006
792
546
238
1964
14154
720
6396
3700
3840
2264
2178
1028
354
1990
246
5848
2234
1067920
1602
1460
814
1036
1060
4534
8566
9984
356
5136
232
7800
236
1372
4164
1636296
1634
2768
3184
7644
10088
554
982
3622
260360
702
240
1034714
13934
1714
10288
1202
244
3218
2846
258444
326
386
4208
1148
179142
2850
240
312
5590
5048
7568
1284
3278320
5262
10770
3740
6724
2074
592
3124
83236
2516
968
1200
4980
8840
2548
83364
3778
236
4108
6170
7748
8550
1776
1470
1794
716
141458
540
4894
488776
3644
402
702
2982
1080
4270
2018
6522
4536
838
258
1836
5424
2616
3014
2504
636
1556
2198
3840
618
6712
2764
5438
2592
692
4086
6320
2526
3350
250
4164
924
3414
214218
2094
954
428574
726
2044
1808
838
982
1246
2578
1728
230
3548
6712
10150
8694
1682
3934
970
4324
4940
1404
124508
2754
3006
498
2298
1624
372
4706
2304
1948
7022
1092
6262
924
7110
2832
4742
744
2456
2482
1358
5838
118422
2004
2594
902
742
664
1652
1630
2180
597616
606170
6986
9042
3506
1092
3040
5078
1082
6386
4494
3136
228
494
7304
1274
5396
4820
3234
228
2418
1044
974
4536
3182
439558
2780
6092
1452
7316
1900
1472
3774
4082
3118
511150
4698
2546
1170
222
2324
230
7678
2350
1262
5888
2772
86088
1604
9078
594
396
2752
1926
9636
12814
572
1002
1824
4274
3726
2254
4362
6420
6230
3428
2940
940
3060
2430
2346
592
53908
4856
2396
9768
2934
4244
3016
236
4282
256
672
1338
2572
1432
6882
7132
1632
1444
2654
602
1856
224
2840
4458
1504
972
2280
686
54102
610
1516
2628
4660
4946
8820
4990
1016
4360
2021312
710
346
50174
3432
3958
179650
1864
1544
1036942
1256
850
1980
2200
1602
1404
88850
1576
4522
934
8400
4470
4682
12130
5350
5266
212764
796
1058
1464
1062
400
158982
4000
3848
2904
4628
1330
3826
2462
4518
425380
3042
1820
6156
895206
876
222
5168
2736
3160
3062
8022
8728
4047060
1491296
961824
2098
2048
1884
630
1167372
1490
694
115382
5280
3496
473028
1880
714
12522
2650
2322
5754
226
1160
5550
1892
416704
1936
4506
4186
5068
3024
202720
3762
3288
1942
230
1906
1574
6154
224
1709388
2342
886
1704
5536
502602
1238
8684
878
2404
4884
1070
3136
3584
2014
1000
5236
578
2590
646
2002
2368
1072
1832
220
3282
4624
2260
3584
2366
1421038
4864
844
2338
205432
712
6024
3728
1272
2494
2928
7282
2756
4104
1306
4092
968
1186
2918
226178
1310
602
2704
5368
1522
976
4890
1008
9184
1982
1426
2100
2272
2376
325758
880
4846
2028
344
4570
4698
2276
228
2588
10634
1426
2950
2320
3750
1490
238914
12706
1524492
5614
2726
3692
838
1060
3128
2227630
902
3858
860656
6506
1648
348482
2874
6084
878
920
6194
476
2176
2022
8390
1588
916
2784
3950
1530
356
842866
8186
4842
3176
1164
1492
16016
2702
1768
690
744
4610
2818
123472
1526
2460
4894
577570
2346
814
12572
8028
2830
2536
254
1664
4246
2836
4136
1776
1390
505034
358
4766
2158
10494
3516
17924
1798
1152
2880
5206
2008
75646
918
1092272
590
1732
1954
1254
974
505770
4798
11126
1174
566
2528
868
1390
228
1748
1686
1356
3526
10458
636
11032
1466
2990
167472
4086
19434
358
9088
584
2356
2924
3444
1680
2654
152996
1712
517140
270
628
1054
2492
3914
216
6488
944
1228
1846
1266
323260
113266
5712
6340
3820
5796
1070
366
344
6230
182206
224
3108
536
11160
1836
1450
832
232
2196
591646
5300
11838
274
244
1298
258
5150
2778
3556
2618
1204
2207822
1773630
1888
3200
2524
2034
3948
2726
220
950
7832
7910
1621728
469434
658
10862
3592
966
213638
7008
702
1858
2408
3688
250
13380
3226
5852
3266
11072
8862
2122
8592
716
2786
2322
1880
1544
560
8764
4292
5824
3728
52820
7634
3600
9094
832
8708
516194
3614
1980
1330
1386
834
232
688
2764
754
13640
242
2496
4732
250
208
7842
1348
3450
966
1796
1246
1010
226
10912
3264
2378
706
5016
1424
4134
1858
782
1528
1120
5466
57800
340
1250218
2362
5348
1872
3724
250
1172
4286
3434
9118
3390
8162
4196
4494
3264
2958
1806
195716
3812
576
792
3598
853016
5624
6256
918
746
3494
11578
1596
712
4156
1464
11412
4590
4818
2142
331278
798
7040
3812
1338
5506
15346
664
1978
2720
6668
248
782
268
2030
592
592
79980
4928
1704
1066
4494
1345796
234
238
6562
246
1112
3106
232
2026
910
1796
6290
3454
2960
5272
778
556
4152
5300
304402
846
2938
694
7322
870
1834
6100
455324
596
1912
10208
6148
2922
305292
8514
1502
147336
15238
22468
352
335930
832
595014
608
1110
1350
2890
226
256
240
990
938
3384
71082
2666
3344
5350
12784
21276
1215232
9030
8976
236
452260
6448
1638108
1964
220
366
5642
2656
816
1807640
3124
3061048
3966
24250
2510
296884
5742
6656
4848
136642
4430470
244
4752
1338
2054
3864
248
374
2630
2422
2462
944
4104
8352
1754
360
2372
4214
2526
2538
710
252
338
574
6638
230
2986
2604
1748
4458
640
3368
3966
4002
390
1766
3952
2232
2050
1226
9404
3518
3396
482
2568
132932
5374
4468
2392
2078
1412988
2904
2588
2618
6684
6282
3762
2624
6836
1958
1322
4678
2528
1986
370
8022
456288
224
356
806
1916
1017838
605780
9342
133262
3846
246
5990
66608
740
215224
4314
5378
264
854
532116
112138
1720
8796
342
968
3742
2186
11136
230
638
6668
7970
208
5232
103604
6940
4268
3550
340
244
10724
3078
6510
3182
2388
2978
260
882
265390
7898
3936
1022930
2136
3014
462104
254
1446
2110
716
20146
7980
1088074
992
4440
1434
1762
2976
344
252
1700
738492
7732
4906
98706
336
730
272806
390
2630
4156
2350
5510
8010
8888
5206
6048
1310
1436
1280
7188
596
470228
6814
1588
85062
676398
4528
9042
1490
1494
8652
404100
10070
14182
518828
6060
1212
256
8924
230
1666
5714
336592
194
252
434632
7528
1697684
3274
222
6684
5788
2846
8734
5262
876
2444
8280
3458
528
618
5544
5744
5260
510
980
1292
374
888
29182
778
2110
220
1734
3556
228
2012
734
3162
2284
7692
2332
6688
366
1388
490
83138
5978
22608
256
7168
7926
7462
960464
3508
6240
1406
602
11448
1802
236
6020
8488
3016
4786
2380
248
472
246
1600
2436
51176
1712
4138
399938
5218
1612
2856
438726
13548
3980
5010
8756
1341520
4630
240
2792
254
5106
468
228
380
1790
6972
2902
2644
3690
1692234
10340
4716
1730
720
144468
3596
107498
7856
980
950186
260
34482
4044
370
264
224
3536
1068
384
1104020
5334
3824
1802
1234
1516
1642
952
17352
12412
2230
3276
9072
4228
10224
11182
2974
222
8870
796408
234
5696
3296
1006
2492
2630
1760
4112
6672
2828
4062
2274
1188
494
41720
814
220
668
80122
1972
1736
1072
1226
532
2988
6554
5364
10090
354
460
3308
770
225714
9450
156124
238
752
4100
10512
7754
15124
13296
4550
5166
1276164
1116
1918
72800
1988
236
4442
5554
1226
1582
12656
351910
3046
1682
224
244
2234
1484
5574
4850
2292
2442
68
2312
3298
953652
7720
3116
498
6274
216
5318
3634
2208
158622
7162
704
2206
2188398
1252
1518
384
2200
512
3302
2288
11582
4806
4370
121932
234
3574
234
2004
232
980
2414
530
688
432780
3690
7084
10512
1420
4688
11650
9420
2416
2784
6204
3196
6652
1318
982
3950
250
6946
3032
131124
3686
724
226
5326
6910
2580
1194
732
4804
954
4270
2922
852762
1390
240
2700
350
4268
482
2238
1628
2918
2436
3342
3736
2460
366
2310
794
6176
3160
7512
3672
1338
4346
306744
1330
3100
3610
240
226
474
4092
1092
2079832
9446
252
4470924
1662
1342
800224
1510
376
3704
22054
4374
1696
7164
662
1010878
250
642
7090
1469038
286144
9920
258
10646
3288
956
580
12788
11086
2132
322560
63954
224
242
1188
7844
4636
3534
4928
2180166
15772
6198
1650
2380942
3586
510
1418362
502
9622
1624
2078
68
1542
3132
3538
3498
2041406
340
6160
3672
260
1502
286
2380
16004
984
885640
9688
1203528
70
70
6182
58400
1824
352908
2234
266
76676
1824
14358
2100
380
1525470
629416
6992
14616
98366
377632
668
1866
2694242
4110
1066
228
1230
7132
874350
200034
5348
1554
4872
240
754
386
2664
5520
2953800
262
364
490
1154
3428
2198
2741694
1334
838
2178
4642
3084
772
6096
7018
8166
7042
4474
11444
1402694
3696
5570
224
3588
264
248
219116
915070
9766
8586
3552
2312
1240
14084
2220
1142
1810
692566
8650
3032
881352
340
238
3837776
2596
8104
246
989706
1630
11496
7146
186486
3928
4226
248
223868
440670
2406
4280
504
588
941852
1314448
234
3314
8848
3662
16450
356
2652
1790334
1633432
4460
70058
6826
84966
1950
352
382
726312
270
258
3898
3169586
82
2616
750582
1128
5574
258
370
248
6662
10602
354
3178
924
2660
7230
2770
4874
7124
22070
2638
230
386
2468
13696
1024
1648
125084
10054
346
1937306
5746
1422
356
2082
264
2720
2621704
386
1804
1296
8012
260
5272
242
4658
6478
350
3055600
1939284
486
303362
3696
121184
2150
1164
1924
3186
942
3066
9224
1322
3486
6232
244
14108
312566
31370
1936
6242
903156
492
11410
1158
4452
6754
222
4508
533532
8258
888704
2142
492
2487998
2024
3544
68042
250
1293280
956
11744
27272
878
9944
2124
7504
3400
2828
834
256
1672
171748
244
5852
3688
4536
1822
2832
1910
122520
248
3104
216
224
1316
7480
640688
3566
1652
862
906
21724
2716946
2086
1018
9156
1120
3092
5264
682
4808
820686
838
844
380
4100
5282
1413948
876046
244
6604
9262
5820
258
230
710
68
6316
6658
3381834
10104
725420
510116
3824
232
5228
9014
6300
711002
236
1668
1142
2358
740
2736
392
226
78086
240
4276
2638
2400
109806
998
2896
2074
5350
5156
3590
3202
8708
2772
4704
999148
46792
1266
580144
608
783724
2365002
1100
2056
1250
10860
1318
1532
7142
258
2124
224
260182
3996
8934
9544
5482
3030
6524
10428
9028
1670
5354
234
600
238
1329690
3488
7020
4624
2128
766
2414
1924
230
510
362
248
365708
1510
10060
2290
10666
264
7310
108012
6192
288744
2052
23872
14074
964
743926
232
15396
646
228
3456
7412
5620
4412
932
970
6196
4916
1214
240
3662
256
238
1772
274
2452
1060
386
3462
5210
12038
232
1460
4038
1804
881488
8872
7132
244
1666
11256
3057280
406
7168
1926898
9380
7752
3631840
388768
1922
2136
310108
1192
6214
1522
3984
1522
250
8912
2224
7666
898144
4772
338
10016
3830
162004
3866
230
354
866206
2920
44650
986
296224
2776806
6340
252
238
350
538
4244
254
7794
5238
8474
5664
698
336
472
932
3314
2840664
2848
2060
576
2456
214
516
3504
2336052
352
11170
1076
9050
222660
18648
226
3121570
1976
220980
6910
3602
6384
144188
2996
4430
6804
17646
5562
352
2406
2492
12392
745442
409770
246
5650
1548
222
9072
1624
10518
6108
871684
211166
494154
232
236
488476
8938
3784
240
2900
844
226
4962
12172
3176
248
6460
2490
724
626
1448886
4878
2936
903388
13665030
8554
5544
920
2390348
1052
5744
918
7534
9032
1052
87548
13490
922
1070
2712
3399168
2430
2035878
6542
2678
8548
2744
2094
490
1632
6394
8372
3214
2182
568
1766
191486
8386
1806
13310
13436
260
902746
6592
4544
383014
645292
1168
234
6280
222
1774258
13350
15224
13246
3810
226
4880
374
766
3604
2224
250
220
7332
888
1809582
6758
2408
2059420
232
488
9530
84448
568
10846
2714
16824
5158
804
2982
240
474
3720
1897306
246
2652
352
9460
289074
1866
232
2252
11610
700490
6638
982
928
9658
6050
1418
346752
1736
6652
6994
496
11338
12422
510
8528
2234
312558
1344
9024
1414
242
4089628
169672
2312340
272964
234
164634
5868
1588358
366
9488
5452
8418
328330
6930
13832
2118
1074
358
4254
678010
248
3848
2020
252
9592
218
932
1296050
2470
6338
5548918
368
510
5226
2710
702
1188
358
3940
680
24562
232
6034
9680
4514
1695724
236
2936
476246
1940
4408
2606
4129158
860858
13608
5166
4666
230
4128
14708
7610
1716
384
3402
1096
5750
3836
250
8340
10858
792628
240
1334
3524
4162
230
1988
606
3308
480
6086
482
1844
57500
3516
7782
1252
2342828
6674
5006
2010
1155176
1254
4740
888
4434
238
15788
232
5410
1801538
7142
68464
888
232
2530
89960
3506
4388
13118
3471970
2286
226
13256
11424
4078
214
942640
674980
362
1576
1227376
226
922
4238
3484
438646
244
6686
9174
1604
2614
1462
2412
5366
238
972
990232
2080
8548
9376
938304
10372
8182
352
2644
466
340
44028
11694
90544
558026
4560
262624
2536
3167790
273016
1788
5222
314382
85730
6374
2673608
880
149994
266
738
1158
8446
8416
126858
2292
5386
2553842
2756
248
3716
2562
1658
1512
6370
60520
7990
4532
115470
43914
6196
3917858
1774
240
3192
1534
222
1028
3088
1362
992
2028
1133448
2576
2068
240
10662
1070
756
1822
3744
11836
210
2120
229112
2206
2142
1552
5730
7304
827542
1994
1830
220
5542
922
4948
1776374
556810
2130
922
910
7122
226
218
11796
710
4288
1250
20374
4476
1354
792
6222
6360
2430
1808
3064
390
7634
997890
6802
3046
3840
4850
476
4856
4054
1944
3966
234
5396
1256
1556
4246
2448
3906
6406
650
6876
3704552
372
482
3300
1294
567518
14984
1936586
204
3510
1840188
2046
3200
122682
6406
226
262
242
254
236
14402
2982
592
9016
793314
1908
234
80064
4908
354
242
3482
254
3080
891048
321124
244
1718
6808
2504
2024
8094
228
2308
1684
1738
5358
815130
1079086
3675558
148168
2615564
706344
9778
374
4138
2274
1346992
1026
1614
3454
248
3616
4206
3312
636
4540
1125024
5364
129882
8616
259406
1364
749208
70602
2833760
2750
1107640
26450
6974
3772
2788
10398
248
992824
5530
248
4586
931296
6320
240
882
401316
4314
1865728
1178
6044
195880
1085916
612
214
2782
3034
4672
8056
1122
24368
952
2976
2502
1120
74720
222
1202686
6370
1680
1264
4678
1083012
3830
1704
2852
5906
2924
4724
350
1116
878126
3402
2409736
48448
692
2886
51236
3308
368
13456
1560
3308
1424
1534
244
1476
3192
5986
3212
1200492
18744
7804
962250
2422436
370
382
2319944
206
1288
1712
9940
332666
22268
10008
4954244
9066
854
254
222
358
1014
1834
634
7668
8028
4256
44334
3964
4324
216
1652
8760
825458
3022
11324
1900
2586
892
360
4164
9500
257302
242
3476
5408
7124
20160
246
4656
606
2602
809430
4650
34014
1912
2956
1526582
3136
141850
2454906
378
5222
9352
6184
962
4650
1276
2640
4232
5778
9670
1628
254
2132
344
5094
2074
16998
4112
2698
1896
4238
8062
1808
218
7028
6794
510
1078
2898
236
1900
222
224
382
6418
90154
3558
1258
238
14160
574
1158724
1944
750830
222
3002
4156
346
7534
4468
407284
1520
205646
8006
2751040
4432
226
1168298
576196
1536
1166
1308
640
607960
8368
59496
7514
3158
2820
1801754
3416
1154
1554
216
4044
5924
2296
2028650
2572
510
4750
4714
8036
228
8826
382
4642
3200
502
7484
11246
19700
68784
8848
614
366132
5220
7000
7938
29556
5328
36136
1206
2460
696
348
536
7428
224
15142
5504
996
8614
1976
1304
8670
362
2240
375304
1312470
2888
8536
1146
7844
6662
14986
126192
8390
2920
3112
478
2374990
6348
4290
9376
2256
173076
9484
242
682650
7654
5488
226
226
3180
354
862
1350
2238
948918
1248
3310
678
1248
5524
13028
133318
2362
4132
1946
6610
3056
940
4642
250
3410032
236
1348508
798
12494
1506
358658
3287430
339846
242
37656
3186
4710
525682
848
1038598
21062
2044
14578
1433948
1748410
3182
8340
256
506
1782694
2290
2686
1184
116364
4408
1972
30578
664
3980
2626
222
18030
2386
3840
12016
3624
1368
7708
2036
1910204
580
499850
760206
512630
1668
4002
394
8270
5484
494
2789634
5552
8420
5740474
924
2930
1191492
5297204
628
137658
4773094
226
712
260
2742
228
1246
798
547986
704922
3082
433568
910
195792
88998
232
1821970
13912
240
9747588
1855542
649314
1553032
2022
220
3007344
3424
377204
292308
512750
1470
206
490
100230
204
4724
6612
1050
478
2396
386246
942
398
5150
21406
1572
244
378
1846
2882
905630
13712
2658
3326
1714
4320
376
3146
63604
3350
7050
1120
1396
669468
6966
3668
372
2029046
1726
18902
222
6616
1042
4484
3014
2334
628
246
7206
2842
218
4860
957456
1014
242
1886
1586
1874
1630210
5786
5844
220
222
932
1990
3390
3082
1698
990
4368
1150
6158
2584
8116
3536782
5640
5712
2441632
250
794
4436
2306894
3178
580
358
11490
598
2944
12608
1432172
544280
3461038
2046
660080
2600
4444160
5424
302
2175590
2172
352010
9036
5440
694
6218
2758
938196
2503838
520
636
2336
5419822
2448
291646
8342
21048
1952
1270
4544
3998
882
1734
828
1530
272
6490
276
1028
1382
504262
736
718
1578
506
2162512
2492
4612
5476
812438
1469004
262
2010
4066
3264
958
14108
3390970
1364
474
1394
752
2594
7966
8720
412
2980
796
4636
67736
7708
5292
266
6104792
2826
1960
12790
3822
10080
1735876
5034
910
47274
1111590
10440
714
2474
6204
1358
1424
1540
1124
3269740
1774
282
266
3730
4732636
2266
1536
8488
258
5380
8070
1628254
3510
8390
616
110578
4736
414
3224
5662
246586
282
1748
292
1013456
495102
1308
1360
2738
4862494
2620
6202
17030
212614
988
3348196
480526
13666
456688
370
2134048
644
2596
1501198
3240
1102
2255680
1716
642
1971964
14262
11098
1000020
14974
2188
240
1520
1406494
2768
356584
2314
292
2110
694
2492
683414
9410
1096
274
3520
6586
1186
1862
782
551330
370
11410
70
1142
26362
8338
2908
725192
3718
108792
4614072
3916
174490
15408
45630
2038
1682
9034
1750
1354
70
8750
2480
222
952
2114
2106
222
70
70
5018
272
826496
1166
14128
6282
766
530
11000
274
248
2546
4774
471574
8782
280
1506
346
1263442
5312
3506
664
535400
9840
1836
9546
2628
2306
8346
278
3391942
548348
1839184
16880
6010
7614
10776
5390
6396
1184044
2116
1294134
488
5268
986
1306
6290
1532
5588
394
3644
4750
394
10562
878
246
3944
1348
8464
1690672
7020148
11394
3578
1108
1056822
258
1624
668
2504
3796
4322
522
3294
4384
3528
282
256
3734
2752
14052
374
84394
9294
11624
884
1444
3155456
416
1164
274
589560
1128620
6934
5582
378
2018
8762
8680
18914
410
1568
4570
2906
2648
3328
3552
1966642
4578
6336
4326
19882
386
1069708
298
7984
4112
25554
1088
5380
3822
1462
5134
294
7806
254662
7772
524
3946
5724
368
1338
2184
6164162
736
9174
4640248
3354
276
782
2660
706
1010
316750
1898
11074
5504
2756
426
618
4684
4668
4456
728
4084
760
5404
4464
1682
774512
12804
6546
850
1336
3620
4974
1146
4110
270
9802
410960
5248
296
2400
4166
588662
1460
1216832
2346
3652
6546
250
5838
6976
1984
872
3092
3976
888
1060
290
2872
21700
282
8224
43894
1024
378
29844
4758
35778
2628
4638
5488
2764
272
2005382
1048
1220474
4620
774
510
4136
8600
228334
2046
838374
70
68
5008
972298
8392
864
2812
1758
244
2126974
3148
3438
70
6306
282
2690
3994
2644224
3688
430
296
6796
1508
5738
7468
2078
2128
5748
2302
4962
296
9732
296
2574318
3030
1606
1645800
5416
128556
826
5632
276
8042
1382
2820334
2740454
1374
298
1946
890
5784
10102
1468
482502
717882
3672
6350
2032
26152
2168
2330
190968
4800
652
1700
1646
2880686
19660
534
9496
1434
2865284
410
270
13748
290124
2554
504
6396
5696
1298
13054
4088
4096
11874
6176
2220812
2594
858
288
3016
13336
10748
1376
2698
872
3765572
4812
1314
2686
24688
3070
4056
1102
8294
902
378
1794154
12276
4628
19226
288
1496
11428
8644
1004386
2986
1514
8400
2560
50076
1810
2531442
1274790
1056
4603000
3992
510708
4332
1809798
2628
14346
242
5032
5134
1965482
5242
1572
260
1794
2312
6224
914
2272990
2002
3164
806
2082
1642
4650
10588
1019108
4570
5358
240
906116
508
6656
272
3744
274
2570
70
84
4864
1638
2216
876
2707430
6816
8080
3360
4548
606
5454
268
13592
3708
2403860
252
518
1870
2464
3174
121752
390
839766
228
4938
107160
778
70
70
1918
9550
13616
70
70
3058266
190382
1010
4226
2096
3962
1696
11048
1721080
630
652
1332
5024
4239286
756
256
1148
7436
678
278
1890824
367460
660
69896
8118
2784
2202
2694
5426912
2216496
1542
302280
252
272
351046
339474
32460
6902
280
8856
1286
3272
1340
86784
830764
262
309758
755798
2784
3156
2964
9692
1791344
1219326
6670
4662
2050
6090
3016
547322
758
3074
270
530
6150
9388
982
4622
296
295604
1065392
11712
8288
9554
3467630
5350
36902
816
2188
1390
2824
7316
1016
7159550
873504
1735954
7120
4230
718
236
5580
252
1096
3742
2778
1894
288
278
1874374
463086
392
998
44316
4398
3636
278
3470
2290
516
432
9092
984
9314
704
3302
2664
268
12082
8130
3632
1896
534
665092
726
260
165786
1818
3864
97648
4180
6438
501480
278
572
10450
6178
362
3640
2558642
11746
274
4228
2156
7876
3458
1997986
932
5836
1100
294
252
636
1704
3464194
1344
5148
2798
4682
3658
8310
5374
7878
5472
1948
2318
5188
2478254
1724
618
1904
28024
2346
706
2498
884
386
2090
284
282
242
2498
3178
4408
382
511594
5498
1080
5040
1396
1912
845196
2996578
14244
3916
1190
244
14914
1508
2484
4390
4456
4179556
1026
2828
262
4142
276
514694
15640
2036
3306
2426
527364
11862
776
4390
10396
70
70
2922602
6638
81228
4116
5308
10588
4912
298
4806
2514
1152
6296
13622
262
5778
278
294
1096560
884
886
330878
958070
6560
2588
2214
76262
432
4620
862
1292
1334
800296
5570
808
264
3090
3838
4090
584
6392
3668
4298
276
276
3067056
3128990
1352
468018
14386
1560
594252
560
6064
250592
3784
6642
3054
714
858
2417000
3776
2895102
5804
526
47374
849460
2632
748
6950
4562
4622
4718
2534
1886074
1682
292
1345006
264
3874
634
6558
540
11244
1024
418
5914
594520
392
1502
268
394
3912
578276
2568322
644
1098
290476
2816
9570
1734828
4322
522
282
7314
1218960
856
2594
1528
5658
1126
8012
123358
752
414
3026
12728
1786
274
240
1732394
1516
6224
1420
1694864
1304
118870
3250
272
264
7496
1050
1664720
72
6542
980068
6568
2602
5808
481320
470
270
2278
288
8194
2534
286
540
2282192
13834
266
10696
1668
254
51922
3596
1352
7144
262
4100
1758
2212
1802
9070
270
4892
5400
896
926
1444
3166
7456
1031252
2286
252
3984
240
258
3082
2861802
2122
842
658
3124
5786
5840
12200
1536
364
13840
5244
376
236
3440
1016
1090010
4216
1678
1809558
14446
2760
11430
9714
740738
4098
1996
1506
2406
9970
4256
1210
684
1766
2340
6116
8494
12860
6954
3956
1672
1210
2530
1750
8394
2138
6938
2038
5786
764
506
556984
3884
4320
7772
180114
1398
610
1938
2412
2372
6932
51746
4150
2418
164308
1972
15314
1358
3448
10838
1122
2526
2292
4348
1390
1334
5026
1790
129866
2492
4950
2260
1282
1958
1928
246
382
9192
290
734
1598
606
222
7806
3018
586
6352
2654
1366
2404
3266
2244
892
524308
3722
3820
284
1314
7578
794
818
2692
1142
1394
166234
612
1422
9140
954
994
1046
3738
3774
3708
916
460
1532
2378
250
2663544
1754
1608
3902
1690
3434
2334
1738
7164
6218
3448
8068
2030
512
268
1108
5118
6254
916
11414
1494
10256
758
1978
254
6472
2686
3184
1884
4776
13476
3992
1952
5286
7754
116138
4444
4366
3680
5144
1898
4722
804
3066
2004
270
2940
2126
236
4242
7502
696
1702
988
336630
1876
3040
1344824
2052
832
3984
4854
2942
5166
716
1548
262
11068
926
2962
1302
976
1856238
18564
486
770
20716
13526
2406
4604
2466
678
3562
964
11326
880608
13340
2190
12162
8352
4116
2128
871596
2702
953444
2388
77724
2414
6262
396
812
2178
1881288
1076
260
926
1022
7260
1850
866
2156
4972
2740
2634
4004
1806
5176
1542
402
4190
1666
3636
6246
5292
1906252
928
3756
272
5886
268
5882
1126
1438
5084
5498
4034
15470
3295672
632
1256
1940
2022
1226
3092
14386
571918
706
1212
3338
266
1069746
1458
842
2334
836
4634
558
596
2168
1896
262
4364
6340
1712
272524
365604
151570
2422
266
710
3804
2292
1088
984
7344
854262
11076
976
2114
1197780
842
2343942
3796
7156
918286
4616
1362
2954
2110
1626
4476
223748
612
146322
1800
376
3854
3036
7580
1184
264
1232
834
914
3044
5520
660318
6836
5064
246
5928
12702
260
1978
598
2466
1712
5034
1406
3444
5168
6556
6846
2080
8262
5376
1973314
236834
2946748
7598
7426
4932
3454
5144
1470
708
900
1366
9236
3074
183202
260
1964
1218
2268
1136
842
2778996
1004
2490
1808
1906
7930
278
1626
5230
1032
3544
1124
286
1718
1616452
768
2296
404
2540602
1906500
1054
1998
2680
388
1834
248
5404
1240
5764
1932
838
592
5224
3150
2503058
708548
1574
4992
2116
5770
12370
3492
1280
11000
392
2640
868
3410
649524
954
6446
792
2296
1682
3682
3142
3380
3692
2602304
15164
270
3572
3082
6900
2414
2234
1396
5886
7920
1582
2276998
3276
858
1972
1451698
250
5128
6330
2552
3874
1598
7050
2822
2070
510
364
774
804
1802
2849806
2134
2374
3556
800
720
812610
7528
1852
4230
388
3568
372
942
2994
576
1541640
4872
236
1324
737196
4346
5126
1614
16038
3080
1064
8996
5916
1688
632
2434
224
3640
1524
909780
8164
4432
468
5004
3808
5204
235412
1048
650
976
634
1064
6758
7754
1192
946
820
3426
5232
3898
374
4664
1212
6516
5368
4036
1436
4696
1742
7456
1910
1812
6404
8848
13014
1078
519918
268
736
1925424
788
2120
904
2660
6318
2932
1558
1057220
3394
2686
12048
3850
11164
568
4414
996
1043646
274
376
284000
1092
382
1562
8058
3186
3106
3138
559708
3688
4278
4524
11106
7460
2019484
11186
1090798
726
1854
864964
7540
8026
7728
2178
270
1510
2148
7706
2690
1998
522050
5186
10072
246
3580
4248
498
207250
5914
3318
5944
2136
3490
3298
2198
349496
2790
4698
720522
268
9208
8898
505250
25168
4766
2130
1744
1322
10060
4988
698
8238
2020
2316
340258
3062
1136
984
732
252
4758
1530
4132
1838
5656
596
8274
8288
6202
3490
1082
7386
4310
1256
5104
942
4474
2412234
1744
8154
7330
11290
1904
2654
4534
9000
3162
179732
850
832
1152
3762
1967328
868
3974
2438
1200
3882
4578
771840
7062
2762
752
110484
3692
2184
6006
3458
5478
1210
8134
13266
2552
2160
3230
1639738
962
648
6476
2586
258
1526290
8706
2546
10956
5158
6904
10472
3452
8842
446812
2532
294
6530
396
3042
2802
270
376
562406
2030
191058
6432
2892
6842
7104
264
376
1488
19670
1948
2556
7734
266
1738
3376
2318
808
122440
1387946
1438
8632
984
495846
244
3162
3546
2078
4428
1428
502406
6454
24650
9920
4356
366
2460
1198
370
8614
1592
262
3080340
5882
256
1668
39530
1724
4448
998
5686
6376
2018
974
1598
1215762
7986
725354
45128
892
2436
3706
2396
2294
53914
376
2634
986
3596
1392
4732
2484
756
487964
3950
600
758
1202
1636
2214
2644
1430
11560
402494
3088
2422
5648
252
1554
1556
1926
1768
276
2560
1560
1244
1642
1018
16144
908832
3142
2102
1934
912
234438
8486
5262
5634
3836
2688
2653418
1236
673756
1168388
3338
2272
1020
5888
886
2762
818
6130
7384
4826
644
3694
252
964
982
4956
3232
4050
5724
4524
756
5918
2164
3954
4450
628
2674
14606
1988
1898
2250
3568
1864
1010
10542
384
856
5872
920
1404
3592
288
3042
5108
2500
2262
1890
716
2934
2132
1370
3039190
3408
1842
3648
389034
246
1028
2230
2226
282
319078
1184
230
418
1726458
540032
6876
1658
5906
2232
1980
1734
422
926
3010
1940
5296
1446
6526
602
1364
2932
7596
6818
1850
2944
2082
9248
2318
4248
348
1672
6988
5214
2922
3976
230
434010
424
7136
2226
4042
240
1564
2628
4968
6094
396
10222
7920
2046
1162
3840
1428
4306
3836
1050172
2850
705118
1942
12874
970
3476
3606
3438
3278
2602
135000
4262
7818
6742
296
6048
2564
8270
6184
3868
262
2170
1570
5686
2626
846
5394
1654
1090
2268
3560
898552
4506
1810
372
3654
268
6600
3346
382
4274
3886
5160
1110
250
1806
1480
1512
269424
268
5222
3236
2848
580
2812
2854
826
10230
3838
954
622
254
1896
5272
7424
386
9432
1652
608
3454
1852
4758
4636
876
3146
2300
2292
244
562
3054
770412
1000
2830
2842
9520
364
7194
1362
3882
10844
5112
624
3346
3866
14190
3548
2270
274
751618
6818
79538
2462
372834
515102
1042208
6058
1688
244
278764
7982
270
591706
3060
690
2642
608
3356
16278
12280
344
1176
3290
2868
4622
268
1922
8738
826
1178
6340
9106
1404
1674
978
456
2200
580
2142
9518
1444
814
9202
7104
2852
11906
270
6026
6144
8240
2140
5498
3216
15358
578
41372
7480
9658
1354
1992
70
616
741576
2006
9772
8622
634
994
4382
1218
268
9146
2752
2370
2580
1302
6932
240
1838
1976
956
1670
1878
262
2720
984
5133994
2153980
386
1500806
4064
4210
11178
1027642
2304
3116
870
262
3962
396
1058
268
382
1532
856
2536
392
276
2844
748
1596
1094
1535512
842
2382
10730
5540
2792
2974
1524
1132
607806
1704
1192
108304
252502
384
7332
284
2458
76
68
1693102
1117118
7984
10302
196542
3934
4994
7332
7550
9424
1468
273602
1064
360
125316
3070
1102892
11074
256
1680
1098
3416
5270
846
910
3726
1192
4072
394
226360
3212
3058
12770
1062
1281412
17638
6378
8590
4960
5646
2826
16326
4638
114966
548
1054
6544
2592
4416
4408
1496
1173492
498
3980
9004
4218
270
1020
362
909156
374
3400
3424
262
1938
13796
321338
10914
2996
7502
458
378
6198
618
2126
4038
230
5008
2994
478
70
2936
258
3218
6028
4982
8652
904
402
1730
2020
737690
626
400
4988
2454
7024
5712
1148
1596
4124
1604572
1077260
3558
8504
312872
1102
234
5198
1004
2078
1344
891558
5488
3358
1658
1286
644
45532
2182
2938
874
44726
772
19114
1576
2032
862
5280
1236
1858698
5438
7004
3666
294
2514
214
842
1752
90188
3622
288
2572
5458
2056998
17048
12192
6450
4342
238
1705762
538
890
4290
5744
398732
1060
5126
1780640
103390
1494
3470
7250
4664
462866
6430
998348
2678
12692
1326
92682
509464
280
4058
1238
998
31654
738
1226
8934
266
360374
6830
10592
4034
6194
502
1196
2741966
2058
4964
2438
3024
266
2572044
1988
157806
6718
8324
1649046
1630
754
525110
1170580
368
4862
1993490
2042
290942
246356
2814
2032
252
5448
1812
1742
7494
6704
260
1092
5246
1912
3222
7242
6078
652
12232
246
880
1792
539952
737176
1318620
248
2390676
995946
1380
360
886
262
2720
258
3326
6150
3164
14656
3568
5782
772566
1280
2353726
1018
268208
184878
3176
276
1844
3418
8856
3644
868946
1787324
8230
392
1642
2644
3722
5598
252
2998
14068
2112
9168
2511434
2580
2480
271456
718
2146
1336
3596
908
294
2248
254
161098
378364
950
2776
3044
784
639576
7454
5372
766478
1154
7834
756
1214
284034
8296
7008
9534
4042
14064
252
293934
1938
2632
2060
2616
978
2350
1796
2142
1742
720
598
1068
3348
3543988
1666
5948
4552
276
2848
2992
68
852
2768
922
10032
136976
358
656
3218
6686
3519018
3522
254
3660
71778
4152
1450
4872
1528680
505438
8060
1509670
710
6686
11988
1428
135024
651290
412680
3108
9070
5820
1078
2318
268
542016
252
1114
3120
2854
4214
262
934100
1120
2522
2858
8108
2444
6654
7412
1182
230
9694
1835932
4456
1072
13722
232
412
2302
1696
966990
246
266
3040
1068
2432
1120
252
2488
972
1192
270
1316
7332
8978
810
374
268
362
230
2624
1963812
1160
3322
2038
886
4630
10852
1124
3386
1752
1286
824
261568
814
778
264
6218
486
1306
236348
404792
2202
7940
2074
3454
3346
2058
1840
10480
14400
988
3764668
6704
2700
4332
4088
1232
282
1154
1368572
362892
1340
1090
1754
2708
3710
125670
4838
1481832
7562
2101218
5824
4918
10398
276
1098
4744
3008
10308
4942
275450
400
268
29526
498
6604
360
2492
1330
7946
4290
2168
874
8292
11616
206568
2850
4462
5266
4996
3980
1616
68
66
3866
1646
7560
258
2800
13910
11112
404
1840
3604
9826
1150
7950
5464
1710
11806
2202
8304
3408
1258
3498
1096
958
259654
7238
2632
244
7802
5410
2138
8060
608
1286
5246
4962
1787264
734
4822
1094
792174
3928
8808
1984
7934
2514
11064
165236
600
5738
398
394
5808
13744
1625216
2182
376
618
692
980
642
12372
3292
7682
89964
5018
3862
3956
6694
102038
2897364
1460520
3488
245958
2632
30782
380
5906
120842
7046
6134
2306
3468
741656
982
488
230
1980
16184
1166
1784
10766
278
4300
8622
1486
1613922
8436
276
5163212
3246
2832
70
3728
75386
1342
769852
4444
3020
1425704
2636
8198
258
5372
7040
538910
2090
3238
17460
9512
3004
1532
274
2488
426
4938
8844
1824
1292
3712
2908
2346
5488
981034
4498
9660
256
722
7340
6412
9314
1496
4094
5560
5732
7006
4416
264
2954
4879550
1168914
4760
4290
1906
9492
466
11294
244
884
284
510
2652
276
11544
8454
10778
3404
4306
10890
2240
646
1400
7704
825274
360
1120
3656
2326480
1710
1290
1204
238
27098
1582
2140
5464
8388
1576
5448
2364
296
7218
1642
2676
3150
2536
9406
978
3264
9312
70556
278
5344
432
248
1462
68
2938
1894
1618
2558
1334
408
856
10460
886
245582
1122
1428
2488
756628
1934
3514
1010
490
5342
296
8182
10556
2404798
2458
5576
5922
350
600
1704
10330
736
6702
4530
650
276
1828
4500
4836
7450
3896
8398
2324
161888
612790
1606
282
4962
2562
5384
252
280
2322
1415468
5848
2822
3622
2386
2098
19326
11084
382
876
7378
3864
1232
244
1694
2206
751670
236
2738
4608
4528
2824
2028
1112
24674
862
7642
820
380
236
795854
1824
1062
2534
4108
787790
1632
5776
4652
266
2030
1994
1226
6504
4674
1194
10092
5274
3396
3392
2196
286
2294
3060
7488
370708
2354
3706
1316
12746
282
602
1476
2104
15480
2052
2960
2460
1954
2236
1012
264
2188
3654
3096
3648
2272
620
342
4536
1760
1464
5706
1466
3408
23168
392
7906
10644
4294
1248
3404
2422
6486
640
248
440
17516
984224
390
2444
5176
268
9390
862
1505798
3558
2178
6046
2142
944
77994
790
5036
5628
890
819656
1778
108882
108708
394
4208
278
9926
15880
3902
957500
52146
504
2934
1784
8836
1846
6462
196070
454916
2148
5278
3874
6700
76204
266
822058
7268
716
2302
19968
3404
1810
1326
2126
5240
11588
4598
1282
13254
984
2430
7668
2298
798
786
350946
594
3042
2228
906
5356
1970
8312
248
1820736
266
3076
2335772
284
270038
1120
626846
4162
3660
7350
252
1554978
996362
2792
1684
4300
1834
1614
264
150354
2120
13726
3038
384
7346
250
960
3508
12224
942
13298
2705642
5286
250
101860
2416
6200
12040
3740
5444
12474
722
298
5022
1458
3864
268
6074
1166
3938
398
364
700
19252
3502
2280
4506
362
240
260
258
1272
232
2966
4192
7824
389598
451414
515432
3284
948
3858
230
1104
264
8918
3450
2282
266
3956
1166
810694
232
1316
1942
2090
2496
2936
270
792
1734
4334
928
511400
83602
5012
910
27128
2064
2624
19450
9134
266
5944
8302
2022
5328
5612
1484
386
2080
2084
792532
258
2964
5458
1122
858
60652
6034
4756500
1978
1696
4266
574
4066768
1594
3054
1800
7078
5943550
398
3390
13746
378
691442
938
2338
7058
4638
9040
1854510
248
5272
279120
779148
9078
258
2712718
1280
2710652
9218
260
6578
4598
37808
246
4980532
1888
338
53446
254
628
1659626
12084
2214
252
2530
230
810
4948
1568316
798
6198
9234
5984
294
2488
576
218
86676
4374
1118
15382
1290
6826
1846
5976
588
8734
621128
968
843872
254
4810
1939612
96298
68
1200
298
4914
8388
1546
5168
1016
272
7664
376
737054
1532
12052
17808
2736
53240
6378
4126
2086
8222
476
4258
234
380
3848
5402
677090
2134
248
296
1208
2584
8990
4636474
1564
2086
5250
4006
5238
5334
15656
230
254
3086
4248
2008
2026
1185168
1052
2334
348
3632
6946
2047460
11004
1139512
3732
7838
2032
2990
1159884
3668
1396
1333832
3986
2464
816
1880
13396
2306
2720532
1938
2578
3974
2096
4718
240
2398
2768
5992
270
4666
4574
298
3223646
7188
246
138742
276
294
7124
2555330
368
8292
1769264
9372
788934
68
51916
5890
3238
2254
520
696
4666
1988750
4892
272
1040
240
1962170
524
1542
3922
7756
182100
68
2754
2046
1210
260
179806
7816
1076
260
264
3378130
5746
3384572
3908
858
2406
232
428804
4232
2821932
414
4962
2750
944
6844
1118018
2128
11620
10020
1040
382
1020
980
358
2640620
4938
8624
264
916
2764
4060
246
4734
2006
258
220804
4250
420
306974
7258
1386
3112
4524
1600
294962
2032
4188
6514
4298
8720
239502
7254
2734
7824
14362
4256
252922
5844
1070
266
516680
352
7084
402
9628
1058
6230
782
2369692
969988
578
14100
4596
6222
2254
5324
756
2938
270
2086
526
3584
5282
8796
362
589078
12232
7020
3232
14152
812
799034
376
6092
1744
3072
2500
244
2252
8002
192104
1994
2566
400242
946
242
2572234
2670
1516
408348
1986
1674
288
4136
19268
492
1702
823484
4020
12060
7156
1918
3375646
7332
1614
447994
6542
1026
4042
2464
4876
252
187658
2358
5814
4886
1346940
543428
254
3680
3956
5694
64030
602
26608
244
2262
312964
7042
7086
3272
3514
386
2162
256
388
1576
45886
836
362
250
5484
256
3174
1888
3058
924098
804
6744
3047094
258
1384
386
409582
3950
1884
2110
6872
242
636
1614
4866
592
228724
6798
4002684
520
11876
618040
11200
3908
5792
10502
16152
3024
88656
1656
4354794
14364
2800
6154
4356
232
238
7576
2692
5096
506
264
1690
15124
36116
9320
1423904
3714
2468
1772
3044
854
3302
2992
2472
618
1546
424
2577990
1868
274
944
560586
252
2666
5876
3284
4018
398
26166
8424
9358
250
15200
248
1774
376
4300
832754
622
6708
276
2244464
5624
717752
278
262
419894
5470
251286
4118
4408
3204
316264
5214
1290
986
592
376
2204
8364
2724
510
4338
12220
3479552
2514
6656
1310
4898
2288
476
3510
5108
120574
1931108
254
68
7302
2292
450130
1856
22286
574
262
3900
124436
5826
2364
6796
5980
948
5944
248
1592
498
514438
3254
1282
1340
254
394
2093548
4676
2552
1058
1376
3406
6552
2744
260004
268
3468
3490
4426
5340
20662
2612988
903918
7536
1262948
1068
587524
2312
13374
73784
270
2346
3362
8574
9108
1584
6160
5566
3206
3336
7066
5666
2750
4932
270
1532
1638
230
6070
276
2502
2878
4566
969476
1076
6472
266
508
712
308190
256
4988
2764
5386
10170
3590
5110
2552
4982
16406
4802
1210
7974
1432
88442
406
4098
2900
2200
17314
3502
4934
1356
1476
256
2033438
2488
7176
3372
2546
620
551592
262
5428
1688
1474
9572
592
2966
2710
293408
3868
262
56476
4149078
4052
2063250
2304
2296
1092730
404
276
274
746370
5822
294
3428
2956
1746
268
2828
2926
5894
4984
2582
8220
4398
334
15114
1842
386150
3425132
738358
862
207242
1430
1870
2944316
2664
4098
9782
676
13502
1696926
7896
2254
1728
3846
288
3182
1634
3772
294
2242
268
8342
3406
68
1210
497638
6140
3764682
267702
4952
266
5044
6076
274
2972
252
3430
9980
262
486392
2840
246
704
32214
358
514
1938
3416348
3952
6152
3064
266
1079158
24852
2305888
936
492
9356
6988
386
6736
396
4824
850
390
1872
1058
7296
1320
8422
1057564
3944
6444
260
940
344
1078070
376
1424
5394
4410
2794
2445812
8194
4414
1064
7904
226
4386
9660
274
348
598
264
1214008
304470
1910
5168
2154
542314
930
366
668
11732
4250
7326
240
1400
960
728
2816
1926
1698
8716
4592
306
6366
16114
13434
270
743682
2530
4066
498
1286
690634
360
494588
2476
1080610
2144
3776
6182
2024
1876
696
6448
7040
2478
686
278
4576870
7168
10854
272
252
3762
6170
290662
4220
598
266472
822
270
1372
745914
3456
2758
628
2662
2510
488
6974
246
5944
12208
240
2010
720
1592
8444
12676
101152
287774
8600
254
4821092
2600
3280
5574
9620
1100
362
278856
1268
732
2568
4470
17404
272
496
508
136552
2626
711710
294
152092
352
5710
4325796
836
1650
1184
6220
1350
3052
1364572
3096
1388310
9954
250
5948
10734
989954
1232760
5196932
5034
1796
44786
11944
696
3932
5574
246
4364
11750
1166
252
9328
125210
264
336626
552522
1180
580
408
770
4480
6502
107470
1526
14824
1672
730
4736
1302
26148
1822
6932
7082
1464
1462646
154304
2906
1486440
1176
254
272
1070888
9900
1012380
266
1846
1626
802
364030
266
5470
70
1730
3012
2032
268
16618
55202
2366
1668
1762
262
1554950
7990
962
2090
833146
121146
226004
524
4558764
272
3232
443838
790
364
1906
3276
786
9636
573802
3556316
1098
1658
2252
4558
3308
12672
7170
1548
264
1948
70
70
238
3742
838
268
3520
1760
1503396
2096
4414
6530
696
2204
524
2092
434
8396
752
70446
3906
584
3504
1004
296
70
70
906
722
278
2244
234
1042
268
987058
252
2227704
8988
222620
632
954
10638
268
4528
1956516
644
2794
3570
3536
3507812
3462
6852
370
8656
434
1240
276
767756
6118
1456
3276
13338
280
298
3924
3972
286
1512008
524
246
288
2272
5414
2391256
764352
1250
4824
2208
3146
3590
286068
8064
4360374
1706
282
1692
484
1946
852
2708402
1156
296
4646
4092
2930
3546
70
70
4042
8608
1042172
2138
3350
3310
1728
4072
430
1014134
291186
268
372
864
386
8344
11772
428988
2278960
5346
1906
11198
6542
3224
256
7116
1420
242
1444
4364
212822
1506
2386
8044
1908
4668
772
8934
6286
239668
396
1306
1452
6090
203776
2555574
2578
264
1979572
929952
574674
1828
4668
1826
4948656
4696
520
682
10210
55780
8044
174592
2100
630
260
11170
28560
1898462
1084
5290
10316
11074
2357774
90192
6738
378
4502
3370
5602
2520
2304
2752
748134
6828
1949952
2548
268
1066
622
3966
628
376
3384
394
252
716
216
3158750
4006
2968
726416
3162
1520336
238
562
7780
195350
670660
2846
4086
3454
672
1812
12630
390
2639916
270
4090
10170
5428
5636
6434
11252
254
402
274
1417736
1026
37664
238
1900
4820
5814
2946
764
7662
4562
1506
1110
59402
614
3996
11686
2040198
2578
6264
7028
2670
2502
713046
4992
2184
896
1445038
264
19334
366
5868
3250
3964
722
1654228
225388
270
294
14264
1244
270
20048
2210
4820
963004
1416688
1590
7806
35500
282
1537500
1656
1899028
718
274
3412
250
2660
3410792
335656
2876
6058
6002
24850
6660
24476
7100
1216
426
2872604
798756
260
3462644
345478
5002
8616
4550
2076
5434
1506
296
2526
2910
2350
664104
721864
270
718
1790
4826
260
9328
8944
388
1000
1710
2981270
1058132
9830
246
1118
1612
270
10090
4404
354
260
404
528
2938
2336188
8346
19648
52068
10072
622
2634
4468
706
1029826
14210
1996
1247334
398
5139398
4634
4306
1007354
8112
3748
930898
4002
420260
134214
386
4026
256
12210
3412
234
2150
55042
78258
7708
1964
536192
2822
2862
2252
12676
230
1326
5032
404
4490
835864
4358
4536
10318
1088
939358
1900
7282
728
354838
888580
20568
2165526
2150
4074
1658764
7468
7944
274
5886
260
3478
698
270
5018
1362332
1534
422
408
7126
716
1394
2180
6254
780
384
24476
436
1046082
7018
3074
1870
270
2452
254
2312
1290
1228
2768
276
574
2444
2936
1690
1360
3156
9328
2268
988
760
576330
5004
982
2156
2762
1146
386
4502
9344
298
3660
2546
5248
3210
214
4828
5776
2570
974
3166
1562
2596
2632980
282
367112
386
262
2006
3078
2060
1118
719134
726500
12596
9428
2126
756
10168
276
7494
248002
1536
1120
522
756
2670
5630
595826
1584
22168
270
400
570674
406
14926
4140
64620
640342
3298596
500
5932
5066
2054100
1450
608
256
12198
35420
1750
1062
1804
1072
11286
1118
2356
8756
1264
6086
7566
3797936
312694
1194608
14086
3988
7942
4082
4946
3376
8692
2454
236
13314
8468
4426
6780
381262
1912
113100
4582
840
7748
1666
5144
282
6642
984
625318
8746
8194
284
3244
232
270
626
494
8022
2767286
14606
722
8222
1204
1868
5194060
5950
266
992
5784
284
274548
390
722
70
7226
278
250
1168384
1254
3532
6195464
1590
544
1210
2124
2964
5376
12870
4562
278
8688
1880
274
154634
3568
3828
254
1172478
3824
266
881758
5786
4852
616
6604
1342
218
4779198
384
858
1488
1758
1332308
268
300
2902
12324
7278
4602
683016
6710
1904
398
494
266
85898
1684186
386
2264
7024
742
1274598
2254
4250
224458
70
818
294
457746
1913626
546
376
47024
1954
3698
590
3414
2872
394
932
2656
3706
238788
2775618
3030
7330
6086
1786646
2034
14046
3564
1578
258
19812
3630
2622
15758
2752
3944
366
3178
960
1706796
1626
412
7346
2492
5106
1070856
4034
1678
8716
2114
8562
2712470
782910
242
5998
7010
2198
78010
1684
1111986
9758
1552
9216
2135528
260
938
306
1550
9142
1328
3038
2812
9480
8228
363164
264
732
804416
4226
13470
2344
886
1208
240
5268
628
248
2612
378
3568
9274
3238
702
1086
8488
2210
1598
1258
534
850
48350
350
4150
12360
8696
254
280
2314
1350
2174
2212
9228
5258
368
252
3954
1146
242
636
1184
3024
4316
1188
8626
1382
248
6062
1219524
9758
2884
316914
298
3118
256
4890
256122
3552
5034
8656
1696
620
434
685754
3272
2944
292
398
10038
870114
262
5806
4548
10768
3034
2536
11688
7182
3160
1318
4664
1412
4512
4960
1944
3182240
2122
1030266
7018
13844
3960
1942556
318964
300
7246
5206
254
2384
392
2790
8302
1664
3938
11338
11274
9354
7432
272
936
1132
296
268
1430
858
2876
1664
9982
7314
1264
9418
98846
1987090
2798
1970
2080
6642404
1088
2986
282
860
9760
2156
6554
260
4774
240
250
1197572
1074
258
1652
5054
8032
1044
2152
572
816
843286
1782
300
296
2738
652374
1862
4298
5240
1692
1408
234
3296
2061460
10208
129966
1008
1790
3067534
620
5786
7260
3572
14246
396
1672
2658810
2642
3642
1578
1710
1706
1454
376
518
260
8644
580
1752
10162
8986
1354
2524
1810
5084
5166
1118
2618172
370
820
7044
7158
2832454
4340
4414
9192
7052
6394
294
3894
3056
2464
5552
11722
14582
286
864
15752
163432
527848
1996
276
728
6638
728
12096
7450
5574
1800676
3502
3042
498
392
4002
3080
238
68
70
636
443924
524430
932
2380
780
246
10212
1022914
2924
5876
2222
3162
3726
8172
1174
4312
3138
10568
698
252
246
1722
864
1646
3700
1354
6720
274456
1328
2438
220944
1450
949740
1862
710
1418
1468
37986
2628
1958
15270
1404
4114
3626
4406
1908
19568
1028
4692
1560
936
2526
43854
1228
1666
54314
934
4362
2128
3630
891840
6968
1198
858
11038
4696
6830
778348
7184
266
3086
706
1162
747490
1774
1506
2574
636
5604
5776
1546
8244
576
716
4344
1560900
528
482900
12614
1548
2722
1872
2876
2738
8166
1176
1160
3370
2356
366
3336
3294
130832
270
1072
616740
1820
464
6404
260
2960
4928
4558
2332
1278
876
622
4808
3078
7954
5954
958
890
3804
5794
6884
6266
4330
6194
1062
229492
657718
5300
1864
5376
4654
10982
2542
6290
968
1406
2304
692
872
1776
980
726774
95300
6416
1764
1374
1610
680
31834
244
2996
1522
1946
4550
2416
992
278070
2712
217758
1592
4230
2580
1186
498
3298
1098
1018
1990
4434
3038
3054
386
6610
2146
1274
2750
4634
2858
3070
786
5000
1522
13422
3842
3232
1016
256
7066
6318
6530
3370
7382
1580
986
2950
3934
1480
2390
982
4068
714
1240
2626
4658
5036
250
3860
2426
14584
838
4074
1732
812
7982
3154
5160
343730
3930
704
5654
848
5906
3672
266
252
500
8294
9106
472
1818
4872
2060544
2418
1900
1784
376
6954
2169574
3102
712
5082
468
1744
7236
2472
1580
536
996
1091128
2492
2390
1196
1226
242
264
12566
1290
376
9946
240
258
13994
2374
2922
1790
1736
2074
254
10184
1018
180890
928
5948
658
13628
2870
660
864
234
2824
3256
932
8262
2844
864
1750
256
5496
242
1354
1968
3036
744140
474
856
828
5524
144694
3848
1864
2158
240
1528
694412
3590
4406
596
602
2944
384
395916
3144
20136
5006
4692
1944
1228
1954
5062
1284
972914
6010
3618
234
55396
500
588
2328
2694
4856
810
5638
6978
704
7814
570
7032
15478
4828
5378
868
7056
262
109536
10320
384
660
5940
9800
1024
7524
40624
255588
1014
1754
966
1148
1510
6384
932
932758
710
3954
2040
7862
1576
232728
356
936388
306846
4210
370
2532
750
850
1216
26534
4578
238
780
1290
1424
2314
809836
4954
779242
4814
926
2230
938
1162
11138
1210064
1196
7558
816700
1660
1728
10072
1169108
3062
1332
4688
4856
244
1318
6750
1134
838
4280
2094
3184
1704
566
340956
2840
3230
9072
1196
3606
1688
19526
220
730
2258
6186
5692
2664
2242
8878
1136
4908
1684
1362
14738
11822
2212
5284
4070
372
2206
1570
252
7746
2018
6160
3452
898
510
1738
7266
3178
10856
1714
2440
2772
3300
3748
3108
264
1400
410228
960
6708
1590
2202
704
6164
3072
10098
910
1858428
5894
1420
1778
1022
1926
468
734
347498
5294
2430
1016
86190
6392
1112
2074
4770
3942
1326
4896
2094
4978
888958
6262
234
3024
902
1000
4120
5544
598
7072
1654
1016756
243920
2146
1840262
1450
8316
834
560
397420
303088
588
1272
1762
825218
1818
574
9110
8060
694
3066
3378
374
179754
1062
5910
2362284
1582
980
658800
3654
620
726
5068
852
12322
968
2442
242
1530
2008
1320
888
1754
1308
694
506
4214
1896
848
3868
2046
5168
3572
4128
352178
3550
6780
2720
2340
1392
1058
1802
13848
256
2836
3376
1640
6262
842
580
242
664
1978
9274
5480
1596
1638
1268
2026
249312
396
2370
1696
7142
1800
1008
1790
2886
2082
1160
5988
7588
3348
1424
1744
2018
1304
5066
4914
234
7248
1088
26058
3012748
1192
4358
1330
3002
1130
6004
1336056
2874
5088
1030
3584
6160
7890
4140
338320
924
952
1082
9730
6520
2022
4162
1154
246
3082
1108
3010
3820
6038
2436
3928
4334
740
816
256
2350
1349262
401208
3842
5156
4132
5682
1810
624
398496
1286
3074
2348
2308
1578
866
12754
2992
1732
3716
2688
2492
3144
1954
4748
9766
2710
149548
242
1566
3890
3038
7972
1450
1366
2050
378
3570
273042
3418
272
5118
360
12978
840664
445148
3160
9356
888
250
2670
4068
3572
614
2334
3080
692
1718
844
1920
3522
9814
11772
1050
716
3190
1148
5492
362360
284
5052
3572
3352
6100
2762
937126
4326
7160
3772
242
3894
5576
2400
1308
4868
5512
1138
2034
1056
13606
6638
6616
4220
2714
1686
4244
2308
1528
1504
3554
1584
1660
1118
4236
1110
2426
286
8048
69596
5096
2020
7206
2058
2468
210
1128
3850
2304
2308
2872
9742
854
7230
4626
266
3112
508
1124
3442
2838
10426
1398
1680
1106
574
1500
4750
3470
734
6002
1614654
1080
521066
1706
7536
648
1978
5944
9368
932
20858
2452
1542
1072
3576
2736
4226
1616
1604
2876
12370
2500
852
3390
859598
1346
4430
2754
542138
3320
2836
4562
8370
3336
1228
290
8550
7870
360818
2500
4918
608
3168
3330
3182
1904
2496
7428
12932
776
6804
1232
838
254268
104436
3632
1184
2780
246
4030
1102
1944
4698
4544
988
2046
3148
808
3500
1870
67192
738
580
3668
2442
6862
1374
2886
1796
13300
12342
2458
941784
3116
3742
3396
2220
5160
956
804
311892
12826
3828
31854
984
1898
4408
1172680
252
4154
670
898
868512
6706
246
968
1164
7598
6540
17950
1134
1952
1230
1196
18628
646524
5426
1815502
4218
2962
628204
690
2466
1382
6200
1806
7126
2450
2464
2590
1192
3326
3306
212120
1060
2354
3488
3758
1066
1526
1024
2710
3186
614444
1942
3812
1956
3420
13652
276
3624
1232
2358
191956
2704
3144
2146
11426
4472
1814
4218
1396
628
3900
1742
386
500
866
3714
8308
1664
2554
1714
2602
5468
424
728506
2970
996
718302
1006854
2660
3044
5236
3156
6502
238
2848
238
6278
2110
244
3456
722
2712
4352
898
252
3482
5388
3294
4046
1194
3048
5304
356
12684
256
6234
2248
5420
3216
1098
12282
270
3988
3752
3010
1186
656062
7264
2546
2018
884
2362
9444
3036
7554
2168
608
6746
1078
743668
984
2442
252
1834
3548
2106
4214
1280
2538
4329684
558956
7874
918
5470
1021688
2479204
208
6190
2808
2056
986
250
870
4238
3824
37888
5758
1276
1419434
938634
4420
218
7314
2162
466084
2492
5090
528
262
14398
952
7110
6150
662
295900
2104
2768
1082
406052
1052
3892
1096
317510
850
1372
946
610
252
1424
179676
258
1458
2724
11896
6342
2954
1894
3078
4510
4556
6102
2845196
1737622
1584
1031856
3348
3496452
266
3640
2048
2184
2412
7194
2370
878
334
5004
3490
5032
4250
1954760
431032
254
496
984
4686
5100
717410
3294
11434
14650
994566
61710
21068
264
3532
9970
5642
8618
6004
1164
3266
2696
260
2386
1804
29168
3944
2664
3437470
4102646
10238
1566
1009486
1428
252
3900
12384
1100
4418
5152
3480
406
504
224
790
3078
906
1826
582
1424
450
3418
2882
2442
6480
1278
3882
8486
270
3980
5662
618
2602
400
7836
258
1543012
1656
8844
2894
2552
189516
66
569134
232
250
4332
236
1476
655516
14914
734
989082
848
10610
10690
2324
11752
348
1614458
5748
8902
7600
1076
230
25642
3866
26242
3450
1520
1154
260
3798
1534
34036
280
16968
224
1059012
1984
243242
5062
5430
20340
7254
472
777124
209492
4680
1002
6672
72776
236
264
4088
4900
7568
2332
1007012
266
3066872
3586
6056
10700
1122
2238
1700
1778334
3190
1742604
2760
266
340
238
2468
358
264
778
1214
222
3494
2764
366
380
19242
4742986
1944
159824
148116
4544
3120
4080
2390
2966
567056
4100
3024
264
796
2640
7920
264
386
712616
1404
25010
6984
5210
4940
2536
826
3244
266
1381988
2280
942
604
714
7390
2752
818
244
8852
1162
234
1574
620
3306
4140
447568
4208
21688
2828
7730
240
2518
2734
5860
268
3888
8806
1946
816
256
19464
3308
3174
3384
4308
6240
1914
688
398
278688
10284
4694
2002
1268
1736
2034
3198094
6342
3512
3052
598
6378
268
18698
1711472
2480
196828
4520
740
262
262
1592
4904
498154
226
1630
6154
16142
1048
3648
1084
214104
4748
272
268
5304
1562
1354
16892
7714
262
1616
1700
262
2604
24124
1518
2698
4406
262
1936
8874
3348
9322
2714
2600
3998
810
1798
272
8238
10092
4290
14240
1394
5694
272
3664
250
2838
2342
1086
5816
1256
894
7974
1846
1302
886
406
1581396
2568
5136
2766
690922
2082704
3314
256816
5496
7970
13846
2345654
734
8236
1650
9814
3658
2394
12538
3098
3774
368
382
3180
813860
382
2322
264
8664
6532
3576
968
2000
1628
1807324
1404
2868
106766
2784686
4858
1150
3482
602
370
1616
395106
204768
6548
234
5406
260
346
270
1072
7642
2001716
16186
5082
1128
162066
850
254
2694
3024
352
278
1664
1192
4276
1616
258
12868
2418
1568
258
750
3326
3466
61038
3108
2742
3362
1750
494
4982
4270
153788
11316
995352
10408
368
18312
224
77418
10074
2038782
1642
24810
20560
726
1804
3494
3834
7216
392
734
6134
763458
1604
18324
2472
223720
258
13308
3276
1172
382
990
4146
262
392
3153908
262
11210
713124
3594
4056
2790
878818
1674
1546
260
798
3062
237138
5024
494252
488
2628
1444628
6742
1272
15382
258
6486
636
1564
1020
482
974
7000
2922
232
2252
384
236
277450
1346
1914
1764
1106
2634
280
2820
4888
2554
287806
1285610
4248
2758
1233328
1804
16006
2496
1180804
254
11896
2442
2386
1258
2160
1854
9296
1534
4274
2670
617908
139892
3930
6682
1392
3758
3424
4308
2420
726
5508
40368
252
268
260
10210
2682
2358
1251388
1096562
5192
2148
2730
1486
3044
2878
1988122
2220
136326
6810
3188
10996
362
750
1002
1165474
1782
4638
1880
984516
1592
900
3856
6454
264
258
2894
728
946
1492
1064
824582
3254
860
7154
169646
5954
846
7460
268
270
10596
505604
7540
846
2878
3530
6086
12566
416
2316
836
266
6512
270
268
412030
1162
1899034
2254
649060
2908
234
266
5602
146966
3742
748
3368
288752
1892
2674
2173566
3216
260
1619658
1194
1024
946092
7324
15160
1776
2276
4116
5302
16598
526
240
664
496
12800
5791868
4792
376
7462
2266
1651494
5066
9338
244
426046
8794
2406
226
5610
2904
2342
3722
7142
2898
4670
258
6784
5992
400
3474
390
2704
238
2631498
5140
498
3470
1211352
115922
923430
4800
16896
1646
848
8466
3222
8490
270
169746
15254
3156
2044980
1096
1188
2520
754
352
3482
54914
600
6884
4368
1472
1608
3706
708
7874
1530
5834
147332
7968
8570
161468
3458
1852
10142
68
68
260
13712
1920
5080
3142
2910
7328
1990
270
3288
1454
912
13656
2924
7864
302344
2790
4882
1434
388
26996
3926
14132
250
5770
278
590596
1686
3166
736
1321946
232
2378
1326000
12834
286
1682
264
334198
514
2736
1194
12760
1183454
122912
3712
10766
2470
3766
3966
266
9468
9334
7206
3218
806
4964
1058
242
5670
1536902
750
6406
7528
386
1084
5916
1264
9938
10350
930
1130
10274
2246
1180
274
508
2444
1554
2782
1278
3546
20472
2836
16570
2155994
2678540
2840
3351118
7588
359444
762
1196
3070
2043918
3381728
7322
234
544
15702
344
1720
7792
6290
9138
268
2876
5654
2110
254
2178
765100
4988
1144
5208
16262
5758
5711122
3724
70
4490
382196
1600
5860
3274
2244
4134
6184
1133790
1627000
4292
5634
4992
226
254
818390
4922
1288
2436
288522
430
4408
217414
4688
1710
2770
210
900
5678
986
722
10308
1936
358
187570
228
7114
4864
1352
2006
1810
4514
4178
4140
2120
1550
2238290
2170
5934
1292
1618
2838
260
1942
708
15046
216
258
6000
365022
3354
2214
7658
1842
1418
2740
1418
5374
382
1612
8314
1624
802
15880
906
140400
1270
238
1027388
490
353266
380
1010
8758
5652
740
576
4522
608
1309202
1594
14972
246
62182
1704
1048
4072
821416
284564
262
1322
18058
3854
6918
7644
3258
512
2520
1694
7304
483206
8756
5072
1922
1576
9730
8204
2606
5392
218026
5528
3264
538
4168
264
218
15480
2216
966
240
3008
1139738
14654
2880
1602
2184
2082
3432
2410
286652
5258
4278
730462
268
13818
12712
363786
1016
246
3078
372
1988
2598
982
1986
2086
2676692
497260
2976
10410
3454
8260
8384
350
1322
4174
1404
260
1304372
1408
2764
2936
364
3420
341244
3386164
263562
206100
5414
5632
528
796432
1186
6918
224
2044
2008
22684
4136
1906
9166
242
2870
2048
13368
4622
780
1568
372
3900
17274
5164
1322
1498
248
111858
3508
380
354
4102
75244
1966
5852
240
13682
4499818
3766
2772
2418
1730
188852
4228
1292
4500
12122
4990
6100
1662
976
8942
1524
832
240
1254
9610
3386
252
3758
260
705144
380
668
2580
3228
1720
572
2344
2528
3802
258
1448
646
850
2096058
2126
222
8698
1438
2900
2092
3218
1290
3000
642
1910908
386
252
8286
1274
220
2842
244
4248
3192
4108
2362486
9664
3790
3984
374
1982
1626
1028342
8184
6740
25962
256
504
1647430
7104
3466
1384290
2448
1675722
8632
4670
2886
2237312
1752
1622
230
812
10068
2008
2600
6844
946
4536
1257680
1984
453496
8350
2055158
8410
624
3760
4042
4154
744736
254
1392
6324
1752
4712
1184
4700
3028
4631624
1884
5128
1583228
3290
4196
504
1374
1303940
5448
1294
9504
5470
4440
4618
2662
488
903234
51002
772
5942
1046
2084
5932
1022
8120
18852
5167882
5258
468572
3703876
19292
13420
16782
3724
394228
3422
1304
286958
10830
7118
6928
5360
566
3656
3080
337154
3886
3558
3486
1974
1678
230
55334
680442
567304
8300
106594
614
6450
218
2066
114488
888
1392
2756
1544
1014728
2446
250
1678
959438
81166
270
3038
4906
4064
68
11668
1539050
2546
6904
6806
668
1396
246
262784
3299344
978
838242
1210
1874
1460
1934
722958
366
156068
1650
1438
2304
3348
15038
2632
1854566
6272
262
1482
2640
9136
699794
2886
13984
2856
4950
4792
1706
1737742
1662
362
1160
2208316
5330
3108
298330
1063432
2680174
1438
2948920
5112
5772
358
2282
222
4010
688
1063676
17108
354
274
3860
1878
8680
5694
3414
440994
272
1184970
38626
36218
2234544
245950
20880
4026
753146
2936
7346
4240
1550
5778
3640
1820
4680
250
9144
4846
3740
1664
1166
9418
370
792
234
10494
2126
8042
658
258
2892
4314
4268
1012
2048550
11684
344746
3316
2248
1026
17572
2664
4114
6522
478
6184
2436470
65946
3108
520
2828
796
1228
214792
1032
7076
4734
7768
3014
555670
2190
274
2298664
20184
8898
272
3102
5408
4192
4582
3002
6274
2442
856
2586
732
4016
1094
15686
240
738
1922
388
1448
4886
244
1438
4131458
3560
632680
8418
1058
8656
1030714
481070
1555404
12834
3734
372
3906
5330
606
390
6380
851672
1390
2954
3316784
7638
2766
2462
916
2930
580
4014
15646
734952
5846
10166
3277712
4364286
7504
7426
2992
6162
6100
2726
250
4466
370
1946
1902
524
919042
126182
52632
8272
5460
650
155462
12870
3742
2910
7086
4314
4544
6976
115934
704
2396
3126
398090
125756
378
11242
6510
8194
2404
7920
1328
846
4826
7530
1232
5278
149334
22974
9632
242
1326
236
85228
6060
2888
4368
362
774
13560
2090426
3262
2112
6924
346
2394
1682678
967120
5646
944
9866
250
714
1762356
6862
3608
5342
2348
352
1312252
2702
488008
2018
930
4302
11502
5624
770
230
5156
1184
260
1576
1376
14712
604
910
5772
9906
1296030
337304
39142
260
4560
8228
2320
3754
246
2970
3476
1762
2646754
2934
250
2096
878
6850
1396
3038
4136
1800
238
6896
898
1572
336
370
238
962548
5966
1500
7594
5784
814620
330
254
8278
4772
1118
1330
4514
3604
10140
4492
1948
10648
2690
1902
5914
4478
1420
224
15230
956
199394
4730
1668
2238
58090
504
3252
437444
230
2922
1052864
1072
161226
2596
2390
10130
405618
232
2592
10462
1728
822
3954
3362
10408
9168
8676
240
458680
1480
1974
1980
1012
5964
390
18462
235246
1030426
1414
1922
880
2576
3685834
328444
6926
2558
808
4186
2466
4715028
1036
725606
870506
3005282
498
4516
6362
626
356
2578
10660
2346016
4692
1966
387822
4606
1001462
2653786
21540
3200
1524
3240
1910
254
722
1310
26228
7828
123884
4606
8912
3758
3802408
662188
2688
17010
4274
1041224
694690
1490
159742
4372
256
2392514
232
825834
280
1232636
474
2974
4350
476
11678
269374
1758678
6352
19798
398
3722
5552
68
894
8234
7350
214
623822
256
1430602
1082
19058
362652
8946
1926
1612
5992
1186
2212076
580
354
4972
1516
250
1290
355346
7672
107068
3314
149278
1980
5566
7182
1432
482
2868
260
3166
2576
3326
30636
986
2774
7528
238
1946
7462
846032
242
11438
2972
133370
228
10788
963940
4742
8774
9398
13820
240
4876
7028
222
560792
2080
1057396
4771660
2194
92864
4554
9058
2397810
266
1459780
1782
4064
900
4906
516
1192
6067800
11414
712534
37176
494
368
1020
377344
2694
916
1005198
366
7880
2488
2666
123726
1312
499062
1574
358
706
980
218
398
3400
911516
2596896
7488
2366
2264
3548
12892
2390510
292
2072
15328
4034
12070
8952
7932
2216
8230
2284
268
114078
1241614
286
6040
3554
4592
256
4366
1912
12834
4576
1392
6824
2888
1268
129168
12984
8558
2488
244
14014
3362
11300
798
708518
3138
5273422
1538
3694
2358
2512
8212
4618
3160
1158
4228
232
2040
2320
1056022
9578
2626
3544
11036
3454
1872000
1600
11442
2356
8732
2630
902504
1354
193690
14652
2420
3656
1286
1688
83632
1226
358
5510
724268
199776
228712
966
4167144
1164262
11766
202144
1229566
3270
4130
975624
569550
4470
1904
510
1213868
258
364
3140
570
2318
327936
344
942724
1749194
198932
787508
3690
6654
3567980
1774
492
1428434
3346
3442
4410
240
238
386
5112
883968
3974
2162
242
2527708
376
1303782
50844
4150
3402
372
384846
364
396
6342
258
2952
28302
28264
256
810
247694
372
806620
4556
802
39230
748984
3838
2588
6198
1626614
441550
3183414
6056
882
8116
7852
13574
1388
2350
1770
9190
7710
1502
10472
248
3026
3516
840
472194
346
2850
3914
3608
1396
494
2900
510
1656
222
1464
2018
11670
8886
6790
8926
5316
3792
6354
6600
575390
10072
690
3338
702
686
1210
2146
8118
1162
1936912
1410
806
1014
300894
1628
2392
5642
68
70
4108
12492
586
10172
6308
552
2358
718
748
14626
864
294
1498
1876
1814
929912
380
2708
276
1802
2736
1534
1042
842
1813236
5354
9028
1330
296
976
3376
1903730
3104008
1188
1628
844
454
3834
5818
2150
3138
8272
44354
4472
121806
11426
7116
2464
6832
14586
2298
4964
284
7254
70
70
9502
4998
710
2948
5452
7910
624
258
10676
270
2712
3528
12416
296
270
9212
2080
2074
1754
10032
402
4780
812346
8578
1675354
10578
2372
4130
2861652
866
9588
2704444
5488
227754
2446
614
3058
7294
3844
616
1706
1750
668
3294
7114
2478
1296938
3812
1924
13354
5865410
8976
129036
2886204
4336
690
7446
6638
1142
4244
4100
258
2234
294
2298
248
912
1120
3000
3252
392
2617606
248
4480
262
408
5620
4282
6344
15758
416
113998
296
734
1384
252
6516
412610
155306
326548
18254
1828
2329338
11678
1918
2084
10818
2232
938
278
2994
1568
7998
262
510
4852
135276
70
4120
6570
1848
3478842
7982
4774
4662
3723516
1993384
228
538
6662
999754
11178
1210
5606
1518
10532
6822
3962
25334
184092
25648
1030
284
6910
394
522
802
258
3218
1076
234
3174
3946
394
258
13000
1842
13374
3122
10938
6702
1128
686880
6916
6530
6700
1978372
1074
8662
2430
20106
3486
6456
13030
3700
477918
242
2676
8334
278
260
43696
52390
260
388
4682
13854
1706
14760
2846440
5338
4768
1966
7034
278
4532
1854
3582
2970
7508
3394
264
5514
3574
580
3840
1814
4196
766346
280
552
1902614
3764
406
1168
710
272
1185172
13434
1120
12690
963834
3776
406
2262
1044
398
5664
4414
1704
3918
8534
1610
7118
8286
6408
1744
1360
2826
434
258
788118
262
393490
296
1986
11134
1118
2062
5818
4904
5906
3350
1263080
1290
7012
10816
2694
16618
1904
1306
632
6106
436
810
9028
8940
6144
372
1242
12270
4469280
6124
1130
296
556
842
258
1404
1142
1217184
3522
2262150
6212
738
5086
304200
5782
3726
2054
3991068
3324
1242
856
922
1370
1262
3806
2206
236
992
3162
6502
77370
1874
8430
17158
270
6638
2142
1116
3011018
742
3134828
476
125182
252
2072
400
113520
11866
400
13944
1878
9980
6744
32124
575354
408
526
250
833944
254
7830
18172
5570
524
490
1538
3074
762
1553810
1876
880
15006
3278
7754
5530
5476
490
270
1066
190252
3554
406
5992
11138
4100
2796
1637260
1562
3224
584
4822
10920
2012
754
1188
1956
9110
4116
2434
2994
280
518
211010
2528
1134
2436
760
5796
380
8924
43138
8848
3496
1162
10434
7210
1472
2554
1742
2152
2326
7100
2824
728
3668862
5446
8354
6126
604
1396
388
3553386
734
5652
3092
262
1682
3714
2734
888
5528
9294
260
2106
3044
1440
4766
1666
6146
500
5238
1434
3518
294
396
4122
3418
3682
274
7842
4192
294
1430
5446
1806
278
20200
4070
1062
1404
8912
4906
903410
8394
6162
1948
1136
2230
580
1680
2124
2746444
9084
4532
4872
4559552
1152600
829916
7308
414
2818
780
11034
10008
6820
2280
414662
3604
256
4480
1278
3438
3546
10328
254
292
1306
3244
274
12196
2852
254
280
178392
1356
2124
364
915930
1948440
378
1676
378
3878
2746
468
3312
4400
2598
3492
6520
244
11328
3242068
610
276
96222
5686
3892
8808
1656
2354
884
1055514
484
6056
1128830
760
768988
270
1312300
70
70
298
3072442
5644
988
4870
386
292
294
2516
6746
2240
1024236
4536
298
4128
2860
296
7230
266
374
7554
1674
3864
8820
9722
1998
250
1450
1542
1656
1485150
10940
201182
10836
5082
4470
4870
1409462
1708
296
282
2686
11840
2270
3100
3610
4832
3054
2380
924
320592
402
7294
406
2226
11978
2614
4220
13382
1098
1805498
424
19344
2504
6456
16276
2224
12712
6004
872
532
6336
1962
2312522
9186
3044
802
706
2460
1680186
7288
4684
1305452
406
1484
2004
9646
890616
4690
2141428
988
710
1578
1948
4594
7150
1124054
1754
394
2886
2172
294
9572
7650
9792
1855670
176838
11352
4494
274
6408
272
3860
296
359454
890
286
2234
4832
951150
4868
7042
264
272
1764
882
7074
658
2514
3448
1172
1946
6122
934402
2832
1424
2513978
9804
2458
7254
529328
666
7908
6698
1496076
8394
9320
11410
394
2368
372
4960
8258
4712
7818
5788
3212
89624
268
1998
2508
1250586
3334
4918
7618
1192
3638
1171888
4622
1030
7134
223456
1213300
1371468
1716
294
4046
5398
700
2176672
5330
9238
926
668
2862
274
910
945994
2938
12046
2008076
2801248
1188
366
5824
2254
536818
4280
2804
366
3344
356
6422
2610
4194
1718
2710
9766
3864
1748
313360
7952
9514
1166
6792
11624
4114
1321930
2650
558
5954
8566
9956
8948
2140
1840
1376
1164
9614
742
486
5614
4608
2570
3608
270
1854
970
772
2608
460632
258
15072
5034
362
996
4390
876
782
7578
10156
980
1926
5408
1672
4492
2392
156198
1878
2822
1434
29804
258
3273684
5910
638
1990
4270
15964
4152
256
264
1494
2794
268
2198
284
8008
5504
20040
4574
274
46752
2076
272
1754
8138
3063104
681830
11110
4192
179296
301420
274
2216
12344
2342
942
983800
1976
276
1270
296
2938
296
256
922
1756
2316
268
1614
370
1210
1366
1512
2228
248
1278
1568
8868
2010
3542
272
582
1156
3528
1104038
3328
6052
10274
2756
278
520046
2030
2786580
288712
170842
4420
2618
3548424
2286
502
4352
260
10930
12214
2799198
1150
3618
982
1214864
2198
1336
392
2466
1872
2714
1779380
956218
794
4968
272
696
24964
388
250
1992
2784112
2143114
2500
530
1844
3890
731224
3070
244
770
408
10036
3590
4110
1166
2346
1090
5320
4797560
1068
11880
527058
2068
1664
270
346
2726
1640890
4960494
6334
708230
8038
3068802
3288
260
12488
296
858
21742
18550
8440
3318
3882
3700
12792
3040
856
256
1638
8630
13230
3750
1344
3400
9124
476754
962
1288
2548
1816
2834780
2084
2534
668
2852
4916
2284
2788
274
5486
2499664
1275356
3526
270
4494
1434
2726
2804
5162
1030424
2178
19438
6384
2636
876
606
11838
10326
1380
814
1984
1386
4308
364
6056
926
1362
560
4182
304104
1408352
374
1176
256
252
584
23272
970
1762
3226
1694
710
1018
1270
3462
7054
5158
32514
294
4948
2150
4036
628
1396
1254
614
4468
1022
2908
1450
290
1216
7226
1954
690
3146
3598
624
1332
2578
1262
956
5202
4658
3480
4004
2130
846
1608
2056
4022
5922
13182
3752
880
6536
4556
1204
2596
682
809098
2850
3176
621422
8188
12364
946750
3728
4436
2666
7788
1680
3036
2656
3750
2469582
1604
2724
5770
3694
1032
48056
1586
624
356
925550
637006
2480
2968
7090
8604
8780
3504
2000
1284374
4878
246
10800
3634
820
4064
5712
262232
2083492
1422
924
622282
2407526
278
1082
708
748
5836
720566
1050
14482
1900
4260
2656
676964
9752
1634
6632
3804
586
2144
1696
730
3380
460318
1138
5542
758
1188
4220
4036
2488
2552
1076
368
6726
5027794
50548
25324
6508
1992
3386
2566
161620
1780
740
886838
3115050
2528
3886
4904
224
2810
2218
802080
1530
8440
1004
1008
1042
720
51558
1506598
3770
2492466
2985884
5706
1182
250
456938
476052
3456
750
420
388
3470154
3432
974
910108
1424
3746
498552
1416
1446
2114
4854
7056
366
3976
2545118
4206
2556
268
11038
2414
258
4678
5976
4674
3652
2090
7622
1788
827850
1528
1266
1630
270
3934
2278
856
12866
3598
2464
5480
3766
1258462
3412
1794
1864
3720
1944
1126
1072
920
5750
1316
2940
2708
560
4104
2168
6934
11590
205714
2280
2420
8494
2416
3812
1094
256
325320
468004
11560
2966
35680
2662
3550
1472
2444
4926
1672474
232784
3764
776
1774
9536
370
1078
206
850
1676
2702
5718
1912
411258
3046184
602
6304
952
675274
12520
1222
756
7608
484
2504
2238
1326
962
700
1994
1054
1260
2092
3958
642
4464
279030
4660
1230
1972
4272
357296
3652
2926
3778
2384
137736
5558
381056
1286
13900
2680
602
1290
702
606
2438
133078
1324
2708
400
4308
1678
1134
6282
4824
283580
2108
1532
275918
2756
1134
2788
4726
826
167156
3420
2864
6282
10044
3026
1240
292
9246
523144
9284
838
1564
5498
4478
6030
1270
376908
10434
2528
2370
612
1520
5424
11902
364
1793866
3050
6424
942
694
358
1428
3436
532
84290
1448142
3863826
1894
2082
4074
7516
2132
11954
2352
3796
4460
125080
642
6606
1050
3988682
290
1682
1082
1453844
7556
616244
4378
2286
7312
218780
1010
106444
976
4658
2666
250
304264
1448
1025272
7568
3852
2424
2544
1646
286564
2606
7738
1612
1438
3323458
139980
7160
940
83372
5894
1452
1542
566430
10274
278
1859088
830230
923364
5066
2934
862026
354
5272
5172
2296
1579472
4526
1148
3202
692
5436
3084
13618
1709770
2828
2220
923870
2120
4190
4374
63028
984
3782
286078
2182
274
537154
4458
13168
1974
7438
5546
4680
2120
4410
264
8030
2656
3488
2508
2630
253618
3764
1524
604
794
8634
740
2350
484
124624
2660
2374
2417336
1982
4676
71044
1014
235360
505484
1364
6768
76024
2934
7674
285072
647684
252
188634
8424
1281846
4960
272
3784
4612
5262
1166
838
726
1576
2624
136052
2482
244
3592
6742
3900
2546
3868
697384
2996
2132
7236
3222
1280
2604
4194
672
5612
3346
3408
19216
9844
150304
1320
376
1536
682
3672
1574
7188
3304
3308
572210
9384
372794
4534
838
176898
4460
1507098
2998
226
3660
917882
918
526172
4653656
870
790
8606
4856
294
2366
3888
5514
1450
3117018
382
2426
1308
254
7152
720
1126
808
3118
776
1562
704114
252278
2622
65568
2156
7150
506474
3852
1960
252
254
1168
4552
3004
690
3350
946
5824
1836
846
696
13308
7300
7824
132332
2554
725266
1280
1822
1520
8134
3914
4410
822
3262
3872
348
1830
1500
509294
1058
5230
394558
3194
4124
848
2248
25068
2686
3838
180144
4652
5582
712
830
901102
10768
908
2766
750
834
5146
3858
5648
13364
1394
1894356
5844
5596
1478
1468
1098
256
5300
2136
1176
962
5982
1836
5516
1186
655544
252
5390
238
3934
5752
1090
1833926
1628
1332
1535920
838
15730
1720
2456
1034
8098
2722
2052
1004
2398
4156
2476
7260
708
4506
764
19110
248
7036
863992
236
1482
494
3328
15308
292
252
4804
6856
5728
242
1698
1668
2978
4344
2136
1340
1952
1342
6874
2426
1382
760
1658
872
3044
8456
1900
17408
1660
1761034
1062
8846
10514
942
3432
2986
3454
11252
718
1096
22550
4468
756
3614
1540
8534
3736
5014
1288
3410
820
638
988
5378
8266
1800
5572
4996
7092
6446
1696
3556
1044
712
193636
616
8098
1532
1498
1196
258
6576
6928
254
8268
710
1614
1820
1722
10854
718
568
778
3558
2178
1726
5516
3396
746
6184
2012
2462
5652
2964
1106
1930
2108
78366
4076
1980
7086
1610
3772
6746
5402
5070
846
2616
7086
4304
1082020
738
1434
2042
1322
3594
3644
5218
258
9120
4348
3190
1654
292
1211514
6194
1225318
1554
344
3088
6218
2596
24342
5876
172538
630
1842
2130
606390
530
473252
842
2572
842
3306
2824
537202
274
54394
8268
8542
1246
3478
3784
606
1678
10068
1876
1456
230
924
2844
3680
1370
3764
9478
5952
2830
551224
809694
1074
6994
2618
1526
445974
264
1624
4456
1524286
2898
978
2358
2214
764
3196
9446
1814
3130
729100
2186
344730
2496
813452
584
4464
242
1114
1464
1306
1362410
3170
11558
10320
7588
2031404
1876524
1184
1488
7798
8078
710
1896716
9084
2276
694
814
3066
1918
1560
5584
1126
4662
2850
3664154
838318
976396
634
1850
578402
3014
2482
75222
7232
992
1067496
3166
4596
1564
1578
922
3964
2096
460
1500
2854
696
626
2610
1161388
1942
1634
1260
4172
319264
250
654
3432
1552
3760
1452
480120
6796
5734
1304
3676
5382
1082224
2222
2494
1140014
901222
3964
6372
1152
918
280
838
1648
3638
2680
1330
7298
1928
1548
2694
3302
504
244
1768
203514
7700
3842
3528
1677932
2164
3108
1462
3234
1126
570
260
2814
8144
262
1204
436360
1827190
2673698
4234
1624
4814
726
