62 66 64.25 1.231709 62 62 62 66 66 66 
88 48808 372.5938 1525.741 131.88 246 258 386 408 550.24 
64 178234 3842.702 10831.86 229.42 240 246 9936.2 21965.6 46578.06 
202 70334 1909.27 5556.469 216 228 234 1942 6633 33418.4 
68 147608 4879.589 9989.252 202.38 246 288 14519.2 24966.8 48213.24 
212 153082 4907.466 11974.71 236 256 364.6 12254.4 28338.7 60443.04 
66 341288 8842.678 24536.2 236 266 386 22565.6 54954.6 134662.9 
80 457646 8732.984 26759.96 231.82 264 392 20041.2 52578.8 133692.6 
68 774230 13404.03 42995.95 238 274 405 30284 84671.5 226517.7 
206 819774 13953.42 49897.91 234 302 484 16656.6 80995.9 264756.7 
214 1481142 19282.13 76803.7 234 252 334 8516.2 113360.1 396770.8 
192 2153404 20267.43 78260.06 238 268 404 12020.2 125806.6 389421.8 
68 1875042 27214.95 95097.23 248 386 512 50434.2 186380.7 460224.9 
190 1321874 27994.7 95698.88 242 400 608 53472 187516.5 513419.5 
220 2674914 37827.69 154822.9 254 390 651.8 10902.2 237639.2 816722.2 
218 2608940 42047.26 176296.8 254 480 758 10637.8 258322.7 919479.6 
218 4304820 48502.55 197650.7 260 436 695.4 14291.4 310441.8 971765.5 
212 2873400 52882.85 206260.1 276 492 838 19041 347437.9 1078582 
224 6133448 66767.99 297408.6 272 496 848 12693 372476.5 1605841 
216 6971882 68283.87 319061.5 278 574 1033.8 12104.8 382041.2 1632804 
226 9173620 86128.92 426105.1 288 582 966 13366.8 426086.6 2166906 
226 6969638 102450.9 473328.6 284 638 1178 14794 586450 2604500 
230 17417964 107847 592136.4 281.02 546 1010 14602.8 305505 3104053 
246 11225282 136161 630635.7 294 638 1231 16343 761195 3483332 
238 23831596 135791.1 729492.9 306 598 962 17076.2 413642 3765913 
236 14666898 157579.2 760594.3 322 696.3 1128.6 18807.8 772139.3 4183337 
240 19647678 209297.8 1006530 308 664 1068 21480.2 1200112 5428212 
238 14229684 200797.4 898294 320 710 1252 23379.8 1201079 4835201 
236 43832986 267283.9 1413580 314 580 1136 22295 1097648 7119634 
250 21234966 254123.2 1060556 328 635.9 1252 47138.6 1728327 5607226 
252 12209922 225569.9 853790.2 326 722 1270.6 317861.8 1605163 4369442 
250 19790968 291019.2 1112530 332 756 1406 451750.4 2037022 5809236 
108 30751634 585175.8 1859807 444 896 1714 1646754 3993089 9392827 
246 13035942 275271 737665.8 454 1070 2111 969781 1800344 3554229 
108 41148922 720165.3 2470763 436 859.9 1681.8 1721437 5228861 12569810 
258 20847208 323090.8 1085216 458 992.3 1966 885879.2 2312314 5543371 
76 21017600 541134 1465683 337.74 1062 2314 1884064 3577278 7305580 
260 32051780 559098.4 1813672 324 830 1778.2 1662594 3934402 9145155 
64 34375772 697220.8 2191383 298 864 1792 2223178 4813022 11172163 
218 34727934 707839.4 2143414 292 850 1798 2281921 4863195 10869728 
68 34963424 636740.6 2150789 298 838 1814 1703084 4614479 11102988 
158 31534550 666176.3 1984634 318 974 2038 2205159 4486154 9970967 
68 35441580 719350.8 2235748 288 826 1804 2318908 4983542 11088743 
204 30682220 725253.3 2203060 317.1 972 1992 2406221 4917738 10953886 
70 33542838 770096.4 2335983 291.58 880 1944 2536520 5240430 11858987 
210 43268236 775325.4 2300721 302 896 1974.6 2619655 5244085 11706224 
68 40732260 849491.1 2587225 302 824.7 1854 2811100 5754184 12941908 
114 43458708 867131.4 2695900 306 884 2054 2790976 5923218 13777073 
70 42356272 883260 2675455 302 857.5 1990 2888306 6025790 13285292 
148 58755406 968380 2918111 312 1046 2224 3216026 6584203 14550099 
70 56881710 1001306 3209428 312 982 2186 3112176 7033020 16093760 
198 62662544 1033175 3201661 320 1080 2260 3362443 7055470 16249145 
72 54150984 1146544 3565812 318 1108 2396 3714524 7885034 18066948 
214 53832478 1023843 3318226 320 1052 2274 3148382 7236346 16751449 
76 67897296 1189300 3843819 306 1070 2347.8 3711644 8385250 19737147 
102 94890424 1262024 4363450 302.86 1134.3 2482 3316178 9002824 22774882 
78 89351694 1247712 4313994 324 1144 2523.4 3469733 8934956 21250170 
116 70825566 1117969 4018155 324 1140 2518 2643156 7957307 21104510 
82 87747032 1517844 4961577 328 1316 2914 4560317 10626528 25689958 
114 96682540 1401606 5084528 324 1314 3027.8 3278226 9879192 26183051 
86 106742228 1513120 5089480 335.26 1290 2792 4307119 10945274 25758877 
126 110313626 1448021 5213804 328 1292 2884 3537495 10232467 26907093 
88 149701498 2304075 8585234 320 1130 2512 4348102 16625065 44975354 
240 129046258 1422817 5346351 324 1156 2716 2904746 10208060 27632088 
232 113628508 2156784 7241083 340 1253.8 2808 6137264 15123375 36516985 
122 104793700 1609615 5309157 336 1344 2930 4814367 11436781 27317509 
98 123054044 2105149 7119819 340 1380 3007.4 5604774 15447839 36878300 
188 95376366 1464275 4659026 340 1413.1 3068 4595798 10347011 23574566 
100 111973844 1997961 6534964 342 1328 2922 6058720 14082300 33478104 
224 84389832 1743129 5395918 340 1458 3264 5661888 11925541 27546672 
244 150398488 2725837 8579935 330 1358 3238.6 8332368 18596280 44092465 
152 71294702 1653575 5057125 332 1322 3081.4 5373621 11553929 25444630 
62 126130840 1947395 5758355 332 1615.1 3874 6559670 13077048 28710027 
138 146866288 2376870 7619006 338 1592 3584 7499363 16636276 38631752 
62 122585156 2103209 6720710 318 1512 3498 6655756 14627685 34389419 
140 149234092 2309372 7453520 320 1538 3456 7284697 16158202 37743063 
66 208242776 2309112 7541431 332 1434.7 3380 7005594 15943270 38548888 
86 109654726 2075928 6864301 332 1574 3572 6092356 14380681 35495659 
130 146815804 2087325 6851950 314 1176 3342 6115393 14996256 34742626 
122 132362454 2470642 7360320 330 1566 3765.8 8294342 16562581 36134214 
68 134377042 2298992 7158463 326 1548 3646.6 7462830 15785432 35799844 
150 131565036 2289148 7414526 322 1536 3606 6944193 15910352 38261174 
70 122317970 2421561 7803155 321.82 1296 3276 7403101 16587857 39410953 
92 144712882 2554779 8277259 322 1336 3326 7895104 17716880 41341424 
70 145227816 2734101 8199906 322 1462 3625.8 9031466 18534742 41352046 
198 142945446 2887519 8096534 340 1698.3 4086 10019011 19020279 40080087 
70 145369452 2586540 8242167 330 1528 3742 8179812 18205086 42041127 
210 123922572 3098133 8827339 330 1685.1 4326 10775703 20713654 44012405 
76 140347934 3111826 9173933 336.7 1668 4126 10659457 21251774 46484240 
110 204497554 2843102 9422069 338 1721.8 4148 8564844 20100817 47359416 
76 208556284 3135015 9479927 332 1774 4416 10366096 21792439 47323956 
104 222036922 2833084 9481279 328 1822 4330 8101565 20148062 48743376 
142 204181260 3785441 10688657 364 2086 4864 13578927 25190025 52736365 
116 219913526 3448271 10814940 378 2021.5 4808 11272128 23809898 53753527 
86 241002936 3758830 11499510 340 1952 4798 12403695 25640299 57928164 
114 190821550 3194100 10643528 338 1934 4712 9398982 22646010 54347357 
90 195874152 3808311 11783271 338 1842 4553.4 12629681 26313470 59721879 
136 204718460 3489812 10717421 338 1884 4810 11531494 23932727 53813146 
94 191079046 4281083 12712262 340 1950 4822 14514484 28924926 63540811 
134 172062694 3666334 10543404 342 2012 5042 12823274 24270706 52647590 
98 309013654 4527227 13860386 381.84 1952 4792.6 14681571 31406345 70327831 
126 166372088 3398740 10715111 350 1690 4402 10986802 23224848 54214954 
102 204894370 4492514 13445720 406 2017.1 4998 15118645 30480503 67838825 
156 158506506 3266400 9944146 356 1990 4980 10850954 22369962 49157135 
104 184227214 3689112 10886447 426.38 1943.9 4866 12763897 25314181 53820053 
146 196573986 3412464 9631403 426 2298 5518.6 11967163 22415651 47594903 
108 198062184 4640904 12545684 342 2206 5604 16515650 29722434 61587878 
146 173535168 3561839 9832113 342 2240 5770 12636323 22962012 49664043 
62 180118300 4239689 11153656 340 2348 6134 14871343 26622099 54928812 
148 210951648 5312842 14898052 344 2310 5860 18821921 34948857 74100123 
64 218568612 4577760 12881295 324 2010 5450 15989614 29730309 63090332 
130 190718400 4966541 13067559 340 2262 5772 18058870 31265319 64031262 
66 206125218 4466846 11828240 336 2240 5730 16068898 28333494 57654733 
132 175710104 4674514 12243186 342 2392 6066 16662932 29452906 59536800 
68 229714596 4681489 12939884 338 2335.9 5962 16479273 30242632 63460777 
142 235969922 4844557 13373315 338 2236.3 5844 17166373 31348830 65777463 
68 208676900 4938325 13470168 324 1692 5138 17468203 31888649 66116641 
106 275017052 4905740 13266357 336 2138 5604.2 17233158 31086828 64626361 
68 233980360 4850175 13764989 330 1944 5290 16859203 31683401 67742760 
90 224162240 5190808 13572973 344 2262 6067.8 18465468 32584853 65717410 
74 258644890 5454889 14066433 334 2196 6048 19722948 34092478 67845266 
98 237277034 5187323 14930012 334 2072 5594 17711812 34088621 75328887 
140 249776328 6091365 15518374 340 2350 6378 21779816 37802592 75318951 
162 310912954 5640995 15071722 338 2293.5 6108 20084021 35852154 73583998 
74 223668470 5968548 15258018 362 2404 6221.8 21770264 37496861 74591689 
128 386451342 5813542 17075748 332 2154 5896 19764868 38266206 84187736 
76 255786842 5898504 16145339 340 2332 6146 21316754 39169281 78846802 
140 278594960 6011680 16381040 344 2570 6626 21322938 38493926 80953994 
80 243893592 6230115 16640679 360 2568 6750 22267251 39859506 80485105 
116 293422862 6393113 16763965 388 2810 7161.8 22833270 40710919 80920223 
132 280301336 6584045 18329021 336 2356 6438.6 23665344 43474947 90305591 
104 306018580 5825620 17105372 340 2528 6680 20164365 39059541 85154812 
88 304092324 6316636 18676974 334 2340 6364 21626632 42659929 92581387 
112 335045696 6327521 18525834 340 2476 6630 21594028 42367394 91286446 
88 490128150 7838155 22745229 336 2258 6333.8 27104204 52828946 114784272 
144 413866186 6098245 16535967 358 2710 7076 21572242 39243629 81115190 
132 265426114 5882418 15452352 344 2644 6994 21499862 38150853 74851760 
140 267574970 6098312 16767790 406 2724 7088.2 21890020 39348016 81754414 
96 363818120 7953241 21266072 434 2901.5 7500 28327022 51024954 104036435 
124 303927864 6191995 17697263 356 2474 6649.8 21713774 41169696 85510338 
98 416266280 8771828 24999813 340 2498 6872 30439759 57848147 125821609 
138 269742638 6265053 16331086 426 2808 7674 22514452 39076918 79531837 
102 447880724 8485587 24496342 334 2360 6646 29128082 56737769 120654361 
136 277561108 6142208 16062005 350 2799.5 7424 22067862 38712706 78127110 
