1ffff:0:0:0:0:0:0:0:0:0:0:0:0:0:0:0: (total 17)
0 1 2 3 Thread 0 going to cpu 0
Thread 1 going to cpu 1
4 Thread 3 going to cpu 3
Thread 2 going to cpu 2
going to barrier (cpu 1)
5 Thread 4 going to cpu 4
going to barrier (cpu 4)
6 Thread 5 going to cpu 5
going to barrier (cpu 3)
7 Thread 6 going to cpu 6
going to barrier (cpu 2)
8 going to barrier (cpu 5)
Thread 7 going to cpu 7
9 Thread 8 going to cpu 8
going to barrier (cpu 6)
going to barrier (cpu 8)
10 Thread 9 going to cpu 9
going to barrier (cpu 7)
11 Thread 10 going to cpu 10
12 Thread 11 going to cpu 11
going to barrier (cpu 9)
13 Thread 12 going to cpu 12
going to barrier (cpu 12)
going to barrier (cpu 10)
14 Thread 13 going to cpu 13
going to barrier (cpu 11)
15 Thread 14 going to cpu 14
16 Thread 15 going to cpu 15
going to barrier (cpu 13)
Thread 16 going to cpu 16

cpu 17 cur 17
going to barrier (cpu 14)
STARTING...
going to barrier (cpu 0)
going to barrier (cpu 15)
going to barrier (cpu 16)
STOPPING...
Duration      : 10000 (ms)
Acquisitions  : 2848876
5580
101802
1994
2504
222
982
5186
2106
2354
2320
4282
252
6272
526
252
3162
2518
5846
1544
488
1146320
946
3242
2026
1982
3164
1316
1066
916
1968
6394
2466
1138
2041606
2200
232856
2216
474
1196
616508
516
944
1298
3568
2648
2264
1322
240
248
2664
2406
2098
238
3042
3776
3616
1115622
706
5892
11654
8002
2296
980
1194
1094026
3562
3422
3706
1194
514
1952
2909004
234
1044
5622
982
3284
250
5382
468806
1906
2842
13080
1194
3182
1994
2064
6304
2918
2214
2694
2506
632
3580
4412
734
2190690
7966
842106
2228
4329418
686
594
1694
694
1704
1416
3196
3284
5462
500
1838
1790
1212
2702
2979580
3104
14982
2270
946
1374
1634
496
8828
1450
2774
2678
377766
2118
714
3218
11276
242
1256
1256
1874740
260
1160
250
572
1950
6850
3184
2718
252
1336
1008
4004
2124
256
1814
2784
1488
7812
3700
5630
1504
1672
1284
3318
4704
2538
294110
1370
1618
200372
1812
834
291690
11392
4364
280084
5526
3382
986
4490
1158
1492
617766
1388
682
745046
1158
254
2570
2222
2772
3226
250
68888
8232
13148
19578
690
1332
3294
860
1718
6346
2594
1750
2876
2162
6898
1322
2542
7768
1670
9278
1322
894
7466
238
768
7080
1204
4390
476
1128
1502
770
3874
934
5860
1102516
742
5272
12042
1468
254
1324
6636
414992
1170
294892
1348
1756
11634
8088
6172
836
1358
3396
543274
953030
748
6666
260
1998
1826
1092
5716
510
3950
652
1116
1526
113344
1436
2518
6796
842
868
930
6648
2892
511722
2514
242
238700
7224
3510
3754
9658
466
6730
2050
2184
920
1228
1748
7646
3316
250
2594
2784
9596
254
2140
272
3126
7154
331948
1100
1384
1096
4556
2438
1664
2576
397850
302394
1704
3422
682
3382
8840
9318
252
4618
3448
4598
4034
1202
3360
1038
7834
4000
1720080
722
634
230
5332
2204
3762
2410
1908
7106
1905804
582
244
3122
4070
236
4780
214154
1220
1294
1138
906
532
102122
2768
4802
3428
2032
964
826
644
3162
744
714404
13030
2590
6866
582430
1926
654728
4848
760
1425926
2162320
282
1844
642
10552
246
1558
2024
2314
2036
2492
3964
1946
1364
502
778
7512
5164
1704
2156
9574
5336
1286
4116
6408
2904
2654
2414
2170
14596
858
1802
3204
248
4254
570
3630
1292680
1586
4270
5792
1000
11832
4016
19240
8714
2222
1090
5332
1756334
1378406
35568
1900
3098
3104
2968
686
632
694910
8676
3770
2980
2338
8632
7096
931716
1230
1982
190068
4548
4140
260
910
908570
2004
3964
449774
504196
21232
1608
3362
3100
8548
1500
5052
6722
3410
1964
5370
8124
640
4110780
282
1798
815916
1914
5456
689126
7810
11952
630
2848
890
1011482
2854
1124064
4228
6256
6932
5752
313800
2868
860
2242
1150
884
1130
2792120
226
3774
890
3518
270
242
6596
10928
672
2400
260
1112
946
878
3114
2782
1586
3356
638
1070
1386
2354
2208
2528
2452
570
2194
480
1198510
5400
1504
2706
167962
352
1910
3002
1440
3558
800030
6378
4192
760
1494
2054
4270
1616
2018
5980
4956
2832
279498
2212
3206
2846
5368
850
4032
2822
680
2678
1394
1296
1378
494
1710
1864
3832
818
11768
1362
356712
1034
1594
1720
1732
4540
806256
3484
2610
502
2960
388216
2522
230
1264
8772
2498
238
1780
2640
5870
4174
2396
4136
5958
1398
3994
648930
1006
305344
5780
376
2368
1070
388988
630
5062
1558
356738
6426
7734
5648
8374
3466
2858
3638
4674
1010
1096
4988
2182
1854
8530
628
119482
4496
6332
1134
5700
1322
240
704
2294
3426
282
541944
3436
1064
846
5506
342
1910
8542
844
378
195316
2466
606
3070
455212
4340
1394
798
1154
374
4106
252
508
932
1998
1562
1610
2880
748
6148
792
2032
4140
640
1942
1100
2532
1842
798
560
4098
10740
268
4856
2444
3196
3026
1268
1651328
1490
5236
735668
854
694
756
1304
442342
934
3480
1594
738460
646
4614
1120
1346
5342
1242
7930
2798
234
2138
8916
760
738
341726
2376
1116
4372
674
9846
9368
6994
2042
11378
2262
232
4618
5138
111932
7624
8252
362
650
53884
510
962
4914
988
7102
327078
2622
1696
1227820
1942
2886
3486
682
5022
4174
1773838
1314
630
1562
3988
6818
2686
854
1198
1390
626
1489060
3620
4660
2654
708
950
1778
1896
1458
1660
2532
892
1714
1186
72
84
70
72
494
2092
3686
3272
4398
878
1642
7930
240
258
3138
608
3396
3942
3864
208
2662
4276
3505738
1354
4314
5104
1026
4772
3916
231612
5928
3554
1670
1540
392
3646
3282
240
599978
340
3998
1996
752
5172
1860
7366
3272
3254
236
2458
5186
778
4914
5076
3270
4652
4244
2416
1976
2356
12604
4560
355688
1288
2742
252
2180
1050
1476
1522
5480
378
8572
5404
428662
3324
2962
2504
3898
1894
2634
496
2480
772
828
1118
350
752
4286
3140
2450
970
542
1556
6030
224
2172
4900
938
3308
1381880
34242
1504
2282
3984
11888
3916
748
3144
2448
1112
2400
510
6744
388
2280
206
1056350
4096
3648
1118
4970
2220
882
3178
355096
4188
3736
2370
2528
1862
2222
1819992
246
1704
2128
8774
951512
2089736
6118
276
1165628
1688
4340
1678
9978
1470
6304
260
3112
1080
1226
1801268
1112
3882
892
884520
3008
39692
4998
1186
5330
1370782
2020
1248
2630
2390
1442
6312
768
384546
16350
3662
3982
626
1924
1908320
820
2309824
2160
2284
1582
3530
590
672
1770
1216
1334
240
2482
986
4432
1912
3042
603512
3302
73156
224
1296
958
1316
5368
5020
4318
516218
3632
9868
1570
2810
1286
244
3830
500
252
656
250
238
3944
1220
1668
2362
530
358
2058
8088
3208
234
2645636
918
1348
1062
336412
1202
848
3392
388312
238
11724
7820
870924
276
1126
3696
971532
1394
1700
664
230
1156
752426
2600
7308
844
2412
6276
5680
2188
3836
1780
530
848
7542
1430
1722
1514
510
1990
372
348
2376
192210
2466
516
256
142230
5000
2482
924
6748
2646
404
69194
12354
4494
5754
10478
5156
7132
2444
4686
276
1450676
3016626
3297454
496
5154
10510
520722
374
136010
2830
283978
648
667918
8492
7212
1404
3406
1555646
3924
2442
1352320
8670
4690
490
6438
1186
14306
5438
1582
1312
420634
1508
3923904
5680
2486
4148
3524
736
256
5454
2356
325412
16358
2378
1274
5110
1784
900
203034
5182
1736
2886
14326
4452
2086
746
3572
4698
6474
8460
270
672
2468
2074
1408
482
788
3418
254
254
1168
13036
72
1522984
1696
248
226
83464
2128
1530
1542
114452
256
332536
384
6432
5057126
5186
5512
4406
2446430
222
236
1686
3114
72
280
1982
2152
278
2366
3234
3378
4018
1043806
149472
3118
281876
904
3892
1726
276
5236
18204
8114
346
246
254
3805166
3136
264
2024
1368
1236
236
4344
5634
378
13108
280
3228
258
480024
5654
656
494
4188
504
1436
422
278
1262
230686
216016
414
4428
3232
2048
372
1322
286
1120
1609716
2214
5508
2774342
5890
2318
1604
930
4594
1934
1410
244
260
1556
4694
4448
506
374
5938
610
396
807304
258
3526
254
4032
1250
6370
2940
4022
5506
4820
4132
1342
272
2816
1012126
4344
9564
342
1119260
366
2738
2173324
4720
646
6858
268
6076
352744
636
1516
5830
995000
3322
4104
2278370
9312
1010
682
1816
8416
2334
242
72
3528
1107146
2032
242
6068
256
256
6170
2758
3850
506
4346
2574
2550
3892
1098
246
11568
1138
238
1384
8804
4448
248
2212
1592288
372
4552
4478
10276
246
1610
866
6458
3984
792
1380
4893648
7780
252
1562
2152
16412
368
3038
1410
264
14822
3706484
3286
12032
266
942
536
1744
3827192
13084
8472
1296550
1352
254
363572
2546
5036
1940
1318
3311278
1108
2553714
826
12442
13770
360
10636
2938
358
597230
3352
2682
1964
232
2108
4286
10356
1032
5924
3508
1078
3088
7592
945038
266
390
1289914
1292
1570
3884
4542
68
3735430
3410
992
4542780
1700
2920
2406
1187334
384
8394
9856
3030
3272
398
246
4412
851742
2042
2360
2012
1177622
252
614
508280
6136
891356
264
380
3308
71026
83326
1308
5464
224660
6662
2320
1922
5684858
1872
2112
2980
7706
1502
258
362
2426
5836
7756
545690
1622
1950
551260
4844
3584
4216
992330
540
68
8262
1394
5538
8926
1488
228
1400
2210
244
4678
681788
2972
4820
1946904
4536
1818
1302
1466128
505000
891344
410
5860
1582
11533642
258
4278
268
1710
5970
4270
1408
1996
2466
1718
398
2442
6312
11958
5592
2491374
68
2453006
5914670
3098
499694
2882
5130
5624
42636
268
520
374
5824
244
9270
13414
514
18320
1826
215804
254
6624
3950
1616
232
386
4380
1528
2690
1092
5450
303224
6992
1604
264
628
2642
366
1543146
1702416
524
654
3020
3694
1644
4970
13138
7768
8450
2992
250
8710
1445398
1037156
3098
68
1802
3652
3180
2464
782
1118
2790
6872800
1740
640
20058
7008
4668
7766
338716
262
217738
3428
3044
1008
268
2338194
2400
3554
250626
3206
264
1600
6066
2324
4109722
6888
1104774
508
538
4818
4278
382
1162
4438
5688
4328
85960
890688
111836
1432
4686
250
5570
258
380
1852988
4256
4368
3504
4882
2216
366
2436
7706196
4406
1494
776
720426
12372
1074200
5888
488
2544
403698
240
1866294
2144
6866
9438
604
278
4048
968
7606
337646
5016
2710
4276
6128
373048
4054
10504
3656
284
372
2944
1534
2846
5776
8658
1840
6904
5482
488
4586
2154
7256
431458
411064
2630
500874
14690
2228
256
3954590
258
4464
2302
2670
2324
4852
3370
2528
7720
1424
8118
3008
2806566
7958
6966
2121342
3597532
1008
4272
7766
52860
2574
234
1208
254
2920
6940
224
3850
569760
1262
6398
2986
2390
664
1292642
6426
1202
4626
516
8428
12344
1772
424322
214776
7072
490
10584
240
268
252
2306
414332
3750440
10810
288
1586
252
2636
5462
3092
6722
1272
4658
9414
3040
486
1495708
263140
262
2944
9378
1940
821736
6740
1942
3024
4276
362
4408
823456
916
258
5508
9318
4894
5222
1890662
1666
1758
3372
1282
1966
4751478
6420
4874
16538
1864
1636
2598
761442
6062
4326
3189702
3260
4644
1934
1584
5990
62718
1638
5442
2718
2994
2140
1762
754086
266
1188910
1200
35874
2504
2836
2754
794
1038558
758
264
9146
3950
2326
20812
9056
4070
636
3330
68
3775162
1875476
258
662
8402
256
3996
2732
516
11886
8260
2138
270
710
70
234
3178
3190
6598
1200
7716
378
2838
4064
630
972
4572
18268
4146
2112
6448
898
3592
2042
1146
2304
5424
4246
2498
282
1002
1830
9336
646
879978
1156
70
2116
114296
5212
766
11074
7922
246
3522
4962
11926
217124
4012
1152
1785396
1330
4242
11162
1664
6514
4440
800576
8066
270
8228
7786
3743210
484
1221642
3424
3238
250
648
4714
208358
4300
3726
230
1390
1634
1600472
5266
3094
1830
524
2496
1306
256
3080
664
372
7040
1526
20630
226
2198
4104
70
3344204
2354
370
284
3212
250
1442
1494880
390
3482604
3300
230
602
1992
5300
1116
5512
4194
2070
1722
1860710
3624
1348
260
8892
4636
5260
1386
2048
3152
246
8806
1690
2160
1660
1452
10868
256
1138
1774
7774
250
3024
956
4870
374
866
6428
240
1982
2848
256
3032
3182
276
878
262
370
396
188280
980
3571032
8008
638
272
1652
5668460
308812
2172
2746
8320
4614
8664
2802
2818892
2723806
746
242
1924
1976
1762
2902
6320
232
510
972
7062
15670
1398346
526
246
902
2352
545404
394
1646
7884
1704
2600230
3810
66
724
4276
4412
270
68
2088116
1388
254
1414
1776
2328
4388
3498
2336
2150
258
3606
1134
1752
2100
2618
2530
1336
3974
604
258
8054
5062
3941260
4072
5874
386
784
3168
8002
2414
1890
2734
5894
493624
360
490
6136
7936
284
1742
5758
5486
580958
1757246
1296
8072
4562
68
710222
270610
380
1708906
3282
5688
2332
939728
1804
70
1822
1398
1804
2120
840
5448
4588
624
262
1652
8222
7930
2684
1458
5288
8972
9684
8864
1020
7168
2164804
1569104
700
1557020
838
1047804
8022
4148
6366
7842
262
5296
3954
756
2104
1372
246
4712
1469932
3082
2282
4084868
1064
482
4128
7568
250
9682
2387768
1660
950
5750
2030
232
1104
258
24702
242
2162
6504
260
4648
1390
5116
3682
3276
2348
674
5612
6816
242
4378
2544
534
5712
2766
10288
8508
8128
113390
264
1890
869138
392
1868204
2302
3856
14176
934
288
3198
1384
276
1411268
1968
5052
258
7612
802
6368
2020
840340
6966
354
260
9324
5792
1874
1480
2768
16192
4672
2500
2806
3382
4262
246
270
10804
70
1338
1957048
1044
262
2482
2400002
1532
3340
974
1094
4532
2358
2972
8654
3380
1280
298998
9906
1272758
4776
9888
1566
4384
1568
110898
1340
1442
5234
3140
8394
7178
502
3246
8270
9542
1056918
8094
4856
4078
17812
7640
7440
4582
3478
4824
18316
1954
5612
1826
14736
386
14044
466
3250
6596850
958
1064
358
2498
8400
4887498
246
5062
3506
12020
8092
1029520
4304
844
1458
70
1462
1252
209780
5518
6520
15236
2934
325794
5442
8018
358
7252
376
732
2804
3044
16134
1478674
8846
987608
8134
11742
771736
1538
486
696
738
822
2726
630
7910
2690
364
6132
14510
372
10626
1780
5938
1556
354
6116
6124
3758
4584
2150
8492
156514
10236
11032
5186094
4612
9116
6794
390
3448
4760
3076
1768
4140
2616
14936
5874
11192
2328
710
2726816
5834
5184
1940
5002
3008
1564
238
7590
2192
1704
2592
70
70
4348
1624
6443260
2242
9306
8022
2998
1174
810
6166
250366
4722
5596
668
1158
1593202
2882
579054
14446
3512
580
2180
1200
3416
3904
5858
2890
810
710
110460
2250
3098
14350
492
2452380
5228
2722
5210
3802
4182
3632
6024
894
13122
4800
70
556
944
14742
726
413958
3760
481130
11276
10876
2390
3716
2562
11060
539246
256
1156
3016
2378778
3918
8306
256
258
3654
2648
962
828
2882
254
5826
232
9198
380606
4714
262
2630
1108
3816
2374186
277618
374
2218
1006
1462
480
2148
10496
2346640
404
1262
276
840
1934
5784
475980
806
103554
3084
4770
1766
1256034
6372
11306
6318
2200
260
238
242
3754
8454
8226
394
3312
17510
1134
5338
3470
262
3948
408224
1675412
3006
2126
2796
5024
1594
1770
1274
2198
1066
3048
1470
240
7386
696594
2194
378
2874
14292
2066
270
5532
1742228
262
404088
4110
2676
958
9766
4710
1778
5680
5654
12866
626
3584
10146
5652
384
6512
1620
3022
844
1842
282
2924
3282
9396
3072
4718
14174
970
1664
2098
3660
1352
70
13716
7666
9526
7564
2648
414602
376
6578
3282
4274
6746
7396
260
2672
138084
1165344
514
5538
2524430
5200
3240
2158
5140786
2770
3628
4552
4550
5234
1480
3810
4306
390
1574
45594
268
1084
1514
248
4624
3242
3436520
370
5206
256
1566
1610
1082
368
4160
1474018
2060
4906
1404
1572
3508
3612
5558
1679482
35928
3202
1474
6102
478
1294
1530
1588
128718
254
614
126718
962
2042
134892
1330
7124
7370
1734
234
358
9400
7070
3908
2408
258
1096356
11200
3872
1396800
850
260
474148
3868
2262
1160
796
2650
266
1108
514
1244
1094
276
8862
1126
1318
1322
950
2692
978
1704
6582
3892
2934
384
332490
292
2492
7662
11152
834
4964
6782
4840
2938
115000
1214
11644
7222
7402
4732
3466
254
1436
4528
6378
842
5474
268
3682
262
13334
4000
1188
3500944
245402
598
360840
5334
2636
3114
2434
3106
290660
8200
5870
654
2862898
14954
8068
2394294
2634
1566
506
2524
3338
458126
5344
218598
242
882222
3996
248
724
3706
208
258
2592
4320
7082
6894
254
5840
11036
986
1722
4750
2336
359392
9014
256
7800
3056
7650
4244
2794
578
2370
6976
928
2230844
558
5784
206
4474
33100
388
2762
1024
360
262
2116
560
11450
278
372
2594
161446
1908
6018
4532
1192
6336
1996
4766
1202
3098
4504
3314
736
1618386
72
68
3194
2910
260
1008
1232
2354
2416
3592
1016
2300
1056
2778
5838
9094
370
5412
1674
4854
630
778
274
1440
2822
5100
6146
2278
8188
1060294
1228
871680
12934
230
2122
6302
4168
878676
228
2304
8032
3119444
232
490
252
924
848
376
3048
5684
2838
6782
244
7358
8676
3106
1472
256
830
4225802
142442
7165618
1736
3176
1256
6542
256
250
6448
4184
1576
2221262
716
3506
606
2070
1590
6520
2068
5574
6782
6166
1020
264
11388
376
382
12392
3512
1108
70
70
4732
70
2188
252
7866
6280
400
2544
512
386
496
4824
1002
250
8318
256
8250140
2219962
4930
25998
2059434
7856
4598
2428
1262
980
9606912
10946
366
8138
922070
70
70
5772
1276
2478
5206
472590
1012
2178
8466
10876
262
5266
246
376
398946
4586
9378
3436
5480
540
254
999910
808
2434
7074
712
122486
256
276
6282
7576
1940
350
630
1426
2122
1282
1596
988
374
8110
3178
3096
70
1894
254
5161986
4794
2712
2846
3518
2304
7250
2548
11100
260
744038
1734
826
2046
356
382
5512
2260
386
2054
9000
3728
6328
2211436
72
1208
8110
3294
37478
2180
260
3830
1112
252
3002
234
5962440
5100
394
1452
8272
1066
3870
3624
2678
1542
13382
6906
6176
3903390
3812
1034
3816
1432084
1726
2216
7398
270288
7386
276
1920
1776
8534
5218
7320
940
3144
2526
1230
3508
364
12870
1454
5990
812
2714
698
8476
260
7858
606
6842
252
4044
3882
2404
2452
2316
2390
492
7022
2684
4378
2388
4062
878
702
1268768
3998
5590
4700
848900
4254
3762
9148
9460
1150
7688
250
6208
572
3686
7508
5260
680
3139464
264
914
1456
1670
3994
7720
406
258
5844
2478
3062
1806
70
70
1390
974
1228
5096
7108
3960
1060
8472
494
252
240
4922
1138
248
1464
3340
4874
2408
706
3398
9910
14452
252
7512
5748
1154874
5106
814
6236
2322
260
10390
384
244
1488
2852
4524
5912
3228
258
844
246
3172
3142
240
2866
7946
3194
928520
4966
254
2150
1436
226
3518
22462
906762
11916
2490
4492
394
3594
1098
3362026
5384
896
1490
494392
268
392
2356
6386
4514070
2808
5516
2238
3636
266
9220
1456
2842
16436
2296
1800
4484
1014
276
3368
3060
238678
1754
3454
242
2428
1082
1864
880
2388
427972
790
8084
12248
3894
2046
12248
208048
11670
550
4718
1692
3660
2606
10340
11824
1084
1659290
6170
15614
2362
1072
12592
1796
5436
262
3474
252
1166
3180
4388
1170
3112
260
8684
5462
1208
432
1002
4052
1410
12574
1018
418
6564
258
1830414
7724572
1295340
1030
2380
3340
982
9460
516
10982
278
4466
372
498
3318
1812
2684
284
262
1392
2901132
4854
5634
6838
258
4782
382
3232
2080
1882
11760
494
8402
3170
2244
2534
9264
188080
6302
3422
2620
1266
7516
2012
274
2376
1224
1854
2974
2250
364
258
264
288
1120574
2920
2336
70
9020
13102
427236
5228616
5798
838
4894
1544
2050
342
5672
2366
1780
3538
4816
754
1648
4110
1170
4802
270
2234
68
620
624
8704
518
252
11092
252
4126
4972
820
2276
266
1464
6822
14080
11426
25040
7160
3046
1482
2724
238
3806
2206
1858
994
2764
9666
4380
280
6900
2116
1830
1736
9152
6632
384232
254
6978
1831526
9628
3141412
252
2040
3822
1150
6534
8430
590166
5378
655910
629314
2770
6444998
1066
907760
542
1698
2606
1590
1976
605964
5030
2712
174374
694
374
736
1244
67266
252
2614
2492
1566
502
1912
202094
5606
3850
3835792
19792
5882
6156
838898
1124
5972
616
2705334
2514
4158
494
3370
1486
4502
640
3286520
2140
6628
5322
1668406
4930
1452
2420
7486
17930
683988
980
2382
9704
12972
1920
4608
772792
2218
13808
3592
3108
506
374
670554
1702
14794
284400
778
10122
376
714036
4990
242
978030
232078
3928
4854
876
9336
6996
2404358
284
1687576
18610
5314
2406
240
5556
2648560
4029570
3984
7726
3814
1572
2442
2908
4128
5520
4270
1580
5208
34190
2150
4458612
1374
6418
28234
1665366
7070
8772
1118
7992
3598
6272
3004
10660
380
1560
250
834
248
258
244874
232
1402
2124
3864
3610
372
1740
1850
7348
5436
5522
2686
664
2508
8100
420
1394
5180
1528
10816
3664
4996
3196
1023616
3334
244
378
249952
1696
1069100
1336
2660
2330
1602
284
618
512
1572
1546
1132854
870
348380
2764
1670
1886
298900
3258
446668
120998
990
360
516
554
1920
3064
5871706
8464
4568
4804
1740
5422
1754
5866
2956
9150
3082716
2158
478
252
354
2034
644
8702
2976
1786
884
801302
2388
3240
1166
7432
8508
1449760
2218
1042
1362
718
2902
1430
5268
2765004
1018
2166
360
4118
1752
3530
5916
3470
1764
5524
6654
7666
2832
386
6406
276
6888
7046
1514
1176
23688
264
13760
1218
5362
7804
4508
994
1374
15846
15630
260
8298
1674
4998
3428126
1988
1280
3400
5434
8272
4226
5650
10180
8776
1058
638
1258
4886
906
8674
1462
3300
2272544
1794
3528
228
384
394
412
4200
966
34774
1454
1478
4194
746
1958
490
4702
1928
2240
9318
3802
3282
242
2142
3062
2484
4544
5894
582296
2388
1660
1340
70
240
434418
3776
512
7640
3448
650
9660
2840
758
756
1948
614
6750
394
5166
754
248
6310
6064
4284
3128
2068
3136
105744
382
3800
6402
7606
1634
6316
9172
1982
3694
2624
614
2374
1126
376
280
1582
7754
380
1946
1073248
4236
3512
3398
650
3388
3406316
540826
6492
15412
2282
396
512
4242
98166
2746
2742
5134
522
1396
4346
6988
3298
1106
2664
183222
581038
2763180
1142
488
3240
6608
622
256
2896
1788
248
226
5726
256
8446
2774
10287502
374
256
4640
4508
2722
4516
8396
554
21684
2974
12826
4926
360
640
792
708
6164
2880
3952
11768
2498
11826
264
3280
256
1750
908
1352
366
4152
1352
50854
1470
1070
790
3934
1413454
618
5239722
6940
14276
1864
70
1064
1644
1554
628
2670
7376
4754
1416
270
2115398
370
506
370
728
13160
788
3912
2886
6946
5108
21436
631062
256
1680
4256
264
1810
2348
252
2048
12246
756
2111460
4612
11336
6254
368
1229472
1126
1890
869882
374
2200
1040974
134524
856
3870
5602
4634
3182
766122
5756
1392
14230
2610
2712
5590
8566
918
68
10432
1532
392262
380
1760
17518
1400
684
238
547840
1256
6826
256
284
783558
3034
3678
1980
3850
5940
250
2540
2042
7756
3054
268
1672
1624
950
16572
656
5166
632
282
2798
3716
4286176
541784
5622
2528
1748
1988
9026
1208
360
2750
2038
2975098
2356
6330
6380
2696
3130
970
240
1432
614
1116
1434
3228
2780
14104
264
9406
565592
2462
640
1748
3872
1032
3300
2900
252
244
5598
5942
94622
1014
5296
358
508
39598
224894
12602
3472
2194
1118
1218
2419124
2908
5540
4182
1550
4488
272
118710
1886
1810
282
1110136
1852
882
12546
11252
3330
3178
710148
1132
2854
292152
1514
1198
374
2060406
784
1832
1516
5724
6656
6314
2320
10944
250
2984
3012
7856
27254
7026
2258
8926
370
770
254
778
159704
790
260
2576
6776
594
10150
3726
26016
780
274
644
3431868
1720
7330
4794
276
9290
366
356
2174
7868
258
42126
284
12668
10432
7546
1424
5258
5684
6196
1895214
12010
9142
5596
8352
6096
2770
1826
2192
2882
1582
855192
4114
44222
1396
1862366
2206
2074
3694
2866
10044
619406
510
12920
7424
7928
480
250
1334936
760
380
13238
6408
5800
5636
3128
514
6040
822
260
3342
378
2006
1418
1172
242236
4770
2095066
498868
3376
1052
72
1588
244
254
756
1742
252
4062812
72
10446
810
268
12132
2356
986
950
1375850
3334
4788
3304
1752
8594
5270
1364
2954
370
3756
11418
845070
13616
1317212
658
274
7496
2752
3876
7444
5402
4244786
1662
2360434
506
3510
1426
262
3514
266
11874
5394
1832
2576
2050
948
3680
1682
6282
9786
1294
3144
1860372
2838
4154210
179242
5848
258
254
8986
1296
9654
4312
6202
744
262
1284
1667496
331476
3256
8928
4042
478
232
1848
2980
500
250
5416
246
8330
278
624
492
17494
13274
2542
3244
510
2074
8176
4770
3030
3142
3408
2098
1702
8104
2894
4004
804
3266
4320
6086
3658
2288370
2400
1814
2246642
4154
706
534
1528
1054
1199964
2400
1150
2314
4862
258
4086
712934
2186644
2518
4784
1666
240
2110
2128
3990
730
1708
1286926
640
954
3600
906
1560500
662
268
1064
5198
1334
964
242
5070
1004
1534
2782
2084
532
640
4982
1956
6500
10928
2024
14924
1768
3804
8864
274
756
8860
58296
3664
2426
2352
548
37880
4520
798
426508
3558
3548
109148
686408
3964
382
1424
3378
656
852
1486
706
388
242
720
1706
59994
1528
1806
3370
1452
370
3664
262
238
173712
2454
1226
1014
3294
572
1478
9652
2632
5556
5148
1016924
2428
3310
1230
3324
458906
7244
6842
4286
2064
14056
4458
266
2488
270
1680
3252
6462
1466
2639390
1794
81174
4536
2820
5914
6564
1592
7804
866
3874
6996
2126
1304
1230
4638
7850
2406598
1704
434810
2058
228
2802
1370
4980
6956
5908
24460
4740
2036
1338
958
3514
300
920
6672
1750
860
270
366
252
1218
3784
2080
812
453950
606
2070284
4120
277266
2676
396
1032
1122
1500
12054
5790
1686
1300
284
124670
778
125148
956014
374
1082
1198
418580
964
2619926
5980
2386
976
8080
184288
5694
1040
1998
1334
8276
2444
720
732
2238
292708
4828
3094
1006
112000
3908
704642
1014700
754
489680
260
1452
2666
3664
2894
465640
264382
1264
3958
1738
7356
2638
1410
5660
1300
1808
4290
8056
1122
3892
3386
270
3828
848
6174
1770
1619968
258
3758
656
876
1158
672
752
1308
4354
276
3562
2214848
82482
368
262
2570
2118
2550
752
782
483090
93684
4214
1284
264
270
5268
2914
1076
3076
3494
2878
436
1354
4996
1856
3028
4510
414382
254
397972
798816
2954
8526
2496
264214
2766
262
397370
40748
2000
4322
2722
1912
1220
596
5618
362
786602
980
2948
5936
2488
674
3754
1734310
2842
2300
1294
258
376
1144
1156
6050
124586
3314
1694640
3624
11418
670
246
2376
2826
1320
3640
5372
12266
2500
2882
726
2092
5836
1560
764956
758
3888
6306
792
1664
1486
2808
620
1886
6332
1348
12326
280
3136
2068
560
248
296
1783298
392
4346
6980
1340
256
542
537924
4364
668
255478
650
100804
2034
11916
686940
1736
6338
9002
2884
7162
581526
6920
394
650
3906
10010
1944
900
1830
2178
154488
1802
2978
660028
997236
2438
2288
906
844
2702
6126
740
702
2978
1492094
1439526
2086
4156
1366
2430
1732
1222
844
1116
96950
1568
568
678
41870
3554
1098
1591684
994
3012
33370
2744
260
572
7700
6870
2572
2480
1330
4724
2058
8792
1024
5058
644
970
798
346
954
2204
2638
6460
1978
3912
2560
6582
426
5096
2510
2912
880
9772
800858
502
762
4546
2202
650
3768
70
2138
5408
536
526
362
242
4858
300
2944
252
2336
2376
600
3802
246
2308
1378
9324
1742026
12792
2422
1044
372
9534
3974
11208
906
5312
8548
6818
2150
3030
3454
864
790
866
1696
2968
37070
992
2972
482
4824
9076
1304
77776
3686
1140
298
4076
5204
264
5902
804
1130978
881926
832
2756
258
5288214
2180
2004
466
93460
4302
3588
8502
170010
5844
932
3378
2080
3010
1343350
2136
268
760
3330
1103328
5336
2792
640
240
2242
886
4692
528
120968
366640
6874
4314
2254008
3710
3342
1878
3194
2440
402268
834
660
744
3542
1074
1124
8462
4450
5516
268
632
3758
4142
1584
362
312
6188
11820
4122
4586
1634
754
936
4154
3682
566
8900
2042
4242
2410
3732
5454
2670
1750
4102
3357926
388
2236
11994
956
1320
598
2620
1188
1680
5402
716
262
274
6038
894
2636
1950
234
1700
244
980
3432
2476
579316
636
1698
2318
1180
912
752
292
2192
11502
2737402
3392
740
232
2605800
2444
5612
3984
2606
636
376
902
1861628
884662
1822
1236
1526
1780
5480
1236
384
1356
820152
1420
1170
6730
2082
6028
7008
3094
2822
7714
264
504
1896604
1324
2400
1392
906
2294
469326
4922
243876
223150
752
260
4010
50662
2492
2902
5324
1312
258
1796
4788
1022
240
5566
2422
2228
1264
1454
2350
786
8042
864
1500
1452
682
545580
586
5828
934
708
2268
747478
312516
169950
238
1176
2030
5778
123082
1654
628
11648
2502
13090
588
2654
6600
380
1502
252
534
250
2650
1526
732
634
284
3764
4760
7872
8378
916
360
1048
294
7668
4328
1794
2974
2124
2538
1950
1346
1044932
8276
6040
1058
4894
11260
7966
612
1756
3576
4390
666
4030
496
464
2906
9566
38764
1988
988946
6360
2750
3152
250
302042
4614
560
2508
256
1326156
16608
252
3082
14360
3776
6890
3042
2200
1170
4176
1746
1198640
872
4350
1942
864
268
368306
1750
1702
2096
340
1232
14074
3580
1466
256
5180
5876
1808
5168
1356022
1642
3800
882
1632
1490
2478262
2728
243532
258
900
563706
1254
104390
4368
2486
904
2446
1626
5298
4362
2704
3904
6074
4192
2702
568
390
1728
144334
3992
1220
1652
1720
2622
5482
5196
2402
1212
3406
522
6824
6870
1520
896
3006700
2718
1111402
1202
248
121738
242
1244
956
2240
4370
1794
1194094
1978
11038
453368
1620
364
782
4702
4420
2414
1964
1528
63132
3478
2781416
5110
299490
2206
5172
69840
1138
2216
778
2194
5162
736
12118
3286
8660
243694
238
4610
1806
266
8996
1496
244
7298
2652
1302
5366
6718
980
1834
2128
1462
266
1574
540
3150
1036
139246
438104
1641424
810
258
662
10864
2486
574
2721150
7200
278
250
3494208
8678
1896
3436
7618
4884
3258
2154
6096
2850
5770
2838
856
1880
1539084
4678
4182
644
272
1260
7658
1132
599282
446768
2232
4116
266
1018
258
764204
1375400
1670
1314
698
3340
858676
4578
2982
1712
364
2292
2858
570
4420
161544
4604
1266
2450
2732
1934
242
1206
656
1044
1214
3254
2362
1974
1978
4814
1834
2804888
1458
3510
1134
4624
5054
3036
9992
368
1298
606530
11914
908
768
460
310106
620
2634
2270
820
1773030
368
29576
546
1267528
1918666
276
2754
260
1464
1472
4630
2026092
750
6778
9922
2084
1166
2576
2928
3304
5022
1280
958
792
890
1812
4066
506
5460
2262
1830
1696520
2002
518
1902
1982
5296
11502
260
68
828368
268
1874
4576
296
12588
5180
2742
3690
3380
2918
1004118
1432
5990
7180
4728
11532
846
2342
3202
4666
264
7762
768
3892
772
2556
572
568
262
266
7778
1706
68
6776
979416
4168
5194
2702
2930
19846
6172
3534
4576
3098
4272
6750
1964
7868
402
266
624
3284
8770
630
3728
1640
2724
6192
396
1438
1008
608
1260
6990
1672
266
7216
3234
262
476
2026
1596
642
1356
626
820
656
526
1408
2184
282
7012
1492
248
2056
4448
558
250
5788
496
1460
5026
1076
402
5856
10924
5016
5322
5250
7250
250
654
340
11016
1034
6026
264
260
3514
11872
2005250
8544
2212
4356
10866
2936
264
872
6858
1310
554302
2290
260
9428
250
2624
2046
8730
6774
7134
268
1548
2276
1952
7786
3912
3618
7576
842
4462
790
9766
538
7468
13038
262
3642
272
8354
5908
386
6196
3902
2266
764
864
5362
3402
4292
4470
1282
708
4410
2564
225312
3130
287484
266
720
9480
5110
1290
6010
11690
8182
4336
5086
862
280
2286
4416
260
508
1540
2158
4386
2428
6172
848
8028
1048
1918
2122
830320
264
66
2744
12406
2810
68
10312
4668
276
8164
3468660
2100
6198
9962
1010
284
3408544
552
278
1174
546
5278
270
2246
264
1146
3052
6304
357008
412
11154
68
1410
672
2012
2766
8784
3228
270
6286
412
1498
2078
788
1692
260
682
1742
276
13530
3518
4556
15826
2626
68
1080230
2766
1038662
5702
520
8966
3338
872
2812
268
4156
110400
1694
11826
992
128112
652
670
3002
3098
258
1038
758
5178
68
2254
4138
7008
1480
262
3912
2290
1440046
1430
722
1524
1828
1038
1720904
3356
7324
18164
1628
796
3950
7446
1498
1340
7208
3996
544014
3778
5100
4300
1686
70
918
3290
6912
752
286
1526
1576
1728
3260
10808
2330
1020
1310
4202
7698
274
7416
978
264
9142
788
1804
422
708
5596
525854
618
284
570
526
2494
634
824
2670
68
1570
2550
262
1442
1274
68
3182
3592
3098
1936640
1308
280
1776
618
1896
6654
4682
3422
11850
7312
4282122
1054466
9758
1956
2188
900
2591112
11998
4604
5026
888
256
1164
2608
4402
2738
2766
554
262
13038
5562
8410
1736
2512
1214
2906
3208
7192
370
23066
1618
4156
262
8270
2840
2440
2850
5922
70
3460
1990
3346
3912
692
1742
11660
1314
9690
1674
10074
137842
396
264
1644
1588
248
4082
7108
70
3244
1446
4360
282
430
770
1312
5694
11066
4052
5512
3616
1594
270
2048
548
2608
8190
3866
3452
1062
2194
8342
10090
282
1584
3458994
1694602
3130
4226
7250
12952
3444
168032
3148
282
296
386
5668
830
17702
3438
4138
8340
10632
416
501940
3288
3428386
293706
13392
1880
906
272
1978
372
686
1840
374
5932
3126
986
4644
300786
4290
14416
7068
2222
292
4312
3028
4142
480
1132
280
466
2014900
3274
1568
264
68
220732
2158
68
15048
260
2754
1168
420596
1666
506
4742
8774
2072
864
2638
10778
530
5296
272
5108
258
1864
2342
1394
3396
958434
938940
818716
73528
4546
378
13138
3960
6574
4988
10250
9166
4632
1532
268
388
3004
5980
510096
7982
1122
1720
13334
2650
3082
278
2770
5370
4588
9304
432
4844
2080
282
2920
1266
268
262
9240
1888
72
1129816
6764
3644
502
66
443194
400
4840
971794
1577648
1618
380
1742
888
1690
254
3900
266
4380
8298
398
3216
642
3594
5312
520
2690
14008
635898
70
2944
5924
1446
5260
2566
1270
654
8068
5384
3192
5916
248
298
1632
264
3867234
1120
1196
831214
1038
8530
6048
1118
1028
7842
234
642
8478
544
68
8672
1620
3950
2724
5184
796
284
20750
256
2302
1928
1476
280
582
2896
766
1142
898
4812
68
4118
2462
3388
1722
8520
9990
3634
5616
672
498
2410
400544
298
1202
11634
2728
1630
1904
12232
1580
4758
4728
648
1414
1076
3844
920
1824
2002
1706032
1480
6500
8664
4242
492
656
2540
2478
802
3598
264
5760
2506
1340
378
926
767006
4170
5426
278
570
70
1718
5968
2210
278
3240
272
1132
7042
1064
642812
7068
3616
384
406
2284
7388
11284
2478
1828
1166
1586
4654
1422
1944
298
72
1794688
4170
3980
866
3668
2199780
294
5752
5864
2668
386
2684
4848
4164
11630
1322
1132
870
2352
286
4030
1616
8260
1506
5050
148200
378
4643632
2972
3720
290
570
2203032
1794
2742
790
514
2798
266
6668
15072
2124
266
6590
1706
1266
260
906
1880
366
1226
908
1172
1316
2160
6894
1224
5478
4518
1018
250
288
1276
2250
1462
648
1721636
2996
76
2180
1564
1638
1064
3784
374
3784
1714
1258
1510
656514
1480
3500
296
6444
3792064
792
2709492
264
264
4348
3724
3947422
646
68
4332
1826210
3338
588
13798
666
1994
3082
2084
274
400
408
14242
1626
7624
1834
654
7194
746086
392
7174
1378
4960
10420
647848
6680
4938
2802
1904
512
248
5708
1430
508
2626
4578
264
1814
4576
2566
68
4730412
1922
70
2753796
1486
239862
5282
1198
70
513630
3850
347400
506
3012
2644
8042
904
5050
4736
1188310
274
5316
3200
13692
1224
5348
13608
1184
2654
5290
3118
2846
2912
6890
3044
7322
432
250
2242
1104
236
266
380
270
11630
272
309932
3364
4192
3952
2490
1504
3756
3370
7054
276
5704
1986
2216
3722
276
386
7350
3042
496
9148
682
9540
11838
174122
4354
358
5004
2114878
3426
6626
374
4418
258
2203882
2622
68
534
5026
1114
2770
2346
404
2132
430
254
3198
2266
4294
8634
1652
4834
66
5260
8256
4858
386
3774
2370
1276218
378
2724
4550
2326
351718
678
3774
2114
66
2816
250
66
3384504
246
690
1482
11684
2622
5500
1992
1041834
7854
473400
276
2922
6822
1250
856
490076
3108
7034
278
1682922
476
798
3346
6882
6346
510
3726
2288
3824
1178
302
6950
8806
601454
1782
4276
9364
370
1136
262
1698
936
6030
10508
488
1484
1820
654
3792
276
3554
1462
2454
1324
1172
3342
256
4904
5140
70
4492
5438
4032
1290
3832
12734
1146
4468
1530
3809598
6944
246
274
6948
296
3182
2884
15778
14400
262
4136
2610
9934
1950
388
282
368
2944
6984
2878
1110
526
272
6368
268
4762
364
4574
374
1541778
8192
12056
354
3024
1188
3290
3114
3464
1822
1468
1388
300
1768
59140
6372
964
264
1645156
394
8974
7234
131712
840
1564
380
901424
564572
1254
2060
1504
2564
392
3420
3488
5244
2014
6048
2374
1971084
2948
4104
4742
3764466
70
345440
1256
1818
10346
8108
1380
5854
70
5198
8518
1218
6116
610
2154
10374
5360
704
368
6618
12796
7512
2292
1482
10030
4550
850608
3374
2146
3918
1026
70
70
3628
1030
3878
9872
69900
1586390
4494
280
18174
2120
270
4382
1978
1958
5196
6846
610
3480
16246
4698
5410
4700
1672
1274
1280
6224
246
15654
1880
1433960
2596
68
70
7560
4807480
404
1570
610
4310
9254
260
1386
710
12574
5610
1562
1016
300
532
1072
250
4010
2452
1171516
8506
624
12508
1687362
7796
406
2780
7594
6818
1116
16922
380
3112
2708
2079562
2414
70
2910
382
1140
4154
2870
532838
4496
374
252
5270
598
6670
6318
2730
4006
1770
6580
234
6160
3476
1430
1280
12722
4846
9062
394
290
1822
4316
324
424
637548
7898158
70
1908168
720
3232
6034
1232
1398
12136
2378
9854
2554
248
282
280
1722
18860
878
3080
512
1636
2502
4058212
1722
3862
1598
3904
272
6722
1984
6728
8394
4652
2354
2256
592
4152
940
1566
3294
258
1018
3132
2656
5096
3956
2004
984
272
5050
3426
1956
4614
2684
5840
5701786
9802
1740
12348
4328
1352284
3937224
1900
1040
2248
3668
3353048
3866
5956
3294
6110
2150
3826
264
2122
1042016
2788272
798
3892
38942
888
5444
1788
2142
1144
5294
4724
2766128
4360
3040
4702
3770
6836
7548
2556
1986
296
836
7158
797632
290
3100
9960
665562
370
696
5512
4602
2228
10146
2210
3244
2807448
1496
343404
4592
92528
7406
2336
1944
9114
814
4910
2770
912
284
4076
1906
1010
1318
1510
2810
1187214
412
6372
2936
2952020
740
6330
10660
1722
13562
1498
6324
484
14010
7960
6552
2270
3514
7744
5244
1410
477194
406
284
2778
2828
366
9250
3760
526
938
70
1618
14156
370
1376
1974
8494
1530
2790
3130
3104
1328
2488878
6750
9212
2810
855210
718
2892
9240
936
1676
6442
3048
266
4026
6370
312268
1608
268
282
3196
416
2458
33048
4052
244
2466
920
3210
6976
1045828
5202
3318
1264
490
3166
3948
982
7938
3549058
6918
4598
5392
250
1134
2502
4046
2478
282
304
6058
4166
1186
1556
5304
1076
294
810
242
8500
9078
3280
70
70
2089904
250
8100
272
3354
960
5332
8596
583408
1754
1030
10004
3058
2394
862
2614
2954990
8524
1990
2134
5568
270
288
7746
1270
1035114
7568
9696
1124
6092
3198
270
2642726
820
2042
2868
4000730
2598
145962
1626
11930
1538
14770
11512
11402
6008
2772
1278226
5238
11310
10354
406
1374
17520
2318
254
5780
3668
482
1212
7826
2824
1390
7628
260234
520
9806
4722
260
12318
23302
9508
284
10450
246
3188
266
6508
4036
7868
3648
5834
70
70
888
246
2152
706
570
873354
18326
3449892
886500
1410
1192
3360
23082
3028
2296
1106
374
5996240
258
7622
4474
4492
274
2340
2552
1876204
1394
9636
3341900
1811166
1316
8162
3401786
1212
4880
6616
13544
72
68
376
254
5212
984
3030234
6280
5132
244
1556
854
1996380
1196
1238
6170
360
435942
1664
260
6271506
3226
2254890
2288
598
3577876
7672
1052
5886
5444
3152
7120
2248
4022
1048
3766
3362
2660
5796
5911644
872
5870
1022
3392
2354
70
1500
1582
2244
4836
5386
8876
3230
250
3758
272
5084
988
4586
956
3806
262
3454
266
4130
979226
7504
1142510
1372
402
7572
266
6618
826
2874
5576
7426
140026
2358
5234
3214
2754
290
3070
2816
11826
614
77266
392
9848
384
4316
284
4796
1388
1202
3256
2884
4636
5296
1730
2940
3458
13354
1322
2942
988
1651232
1418
5738
11350
4220
268
988
1278250
5364
1464
262
266
3578
1108
4668
2904
270
236
4429228
1095210
80408
1322
6100
1042
4552
6878
4604
8916
15668
7852
1822
2400
542
3930
2806
472042
2426
2296
852
4276
2092
2694
2840
2294
21194
250182
13570
3686
488
3592
1278
1326
4012
2790
298
642956
2568
8116
616
70
70
3556
492
272
2974
2640
2180
5144
366
272
1740
3212
3488
9258
4181014
8004
7168
3022
384
3650
6320
1910
1548
6372
1628
1322
3716
286
2272
23576
3364
2618
14660
8524
4506
1108
270
3326
3592
2512
422
70
72
2130
1532
796916
392
7880
2168
624
1074438
3038
846
2182
474582
70
2249866
9390
294
53374
3112
155518
540
4722
8494
974
8388
5654
5236
4700
1984
1638
374
8760
954
1500
516
520
9472
1862
6780
2468
4738
2792
2722
15482
1094
9468
3990
854
2084
5046
2726604
2244
258
3404
1468
1284
2360
384
3866
1808
4204
612
1044
1992
844
9758
310608
1290
256
6644
15668
5212
4132
268
256
1328
4008
6052
4286
5520
1732046
2572
70
840
8770
5662
1040
248
7730
1052
294
1672
268
3000
9314
1047392
8006
1004
694
2250
8534
1255814
360
4996
1086
2670896
3188
510
4452
8344
2226
441290
4656
240
290
3098
70
1768
70
11138
3460
14106
9118
6130
1418
8560
12272
6720
500
2976
2756
8566
9190
3766
6768
7428
662480
2250
1888
4768
248
5904
1220
9952
1556
539050
3396
270
3778
5748
9382
944816
2386
1158
1294
1634260
5860
278
2702
9206
70
70
4688
7290
1509618
2832
828
2138
8598
8680
8924
1182
250
1736
14138
15016
226
8592
1942
1552
3268
3076
2250
908
3404
1576
3872
9264
2486
2014
394
35328
642
266
270
662882
7184
6406
7264
1482
1620
2002
724
2016320
10960
638
4230
292
996
1258
1091096
262
834
1496
7830
1642198
272
3198
770
2868
1064
8074
2208
2816
3656
290
8302
230
2315082
1169312
4696
6410
479644
1030
10666
3138
252
2292
3127498
790
233940
1764
190702
11094
946
288
11560
770
3070
3512
1436
1600
1056
918
1546
485708
3364
2770
4522
2878
2262
3388
368
70
7324
870154
217826
268
2508
254
9588
7036
9274
3510
3246
16424
904
252
634
4732
11366
1738
6616
5808
8090
3218
2018
1592
3442
5228
984
4128
3328
1378
2080
1588
8466
18008
12246
5006
6928
280
2342
3728
4062
282
5024
5986
2334844
9320
752
6656
3016
1572
350
1734
9158
3106
264
256
1652
1848
280
250
5142
456566
6962
6726
1976
400
1274
2044
532
510
2292
6144
2816
290
2674
4148
3962
2972978
6752
1682
1559692
1652
468
3402
1362
2446
2956
5598
3926
4142
392
8234
1372
3204
2110
4730
12098
13140
250
1924
1696
1316
5086
282
3186
284
867616
4126
8952
860
5388
1810
1644
4562
6526
6772
952
394
3912
3016
3018
8854
3794
3808
572656
278
5768
3036
4386
4828
262
11138
386
886
1812
7458
5070
402
368
1830
1748
2605402
3514726
3602
258
9440
5824
1936
874
252
280
884
768
284
3430
126534
5738
11760
1018
2842
992
4994
668
587948
2662
2542
5240
1958
4824
3082
1354
4746
9782
12690
1568
2574
10902
490
6022
1924
3954652
2478
8974
5186
278
1876
1588
2906
3760
5090
1214
1686
7118
5132
3488
2979020
1594
7650
31984
1582
1646
6918
1640
392
1846
1374
4478
3370
350
8862
260
17128
280
8782
1794
6506
5526
3998
399420
4876
536
1682
1270
2336
2538
6366
1538
3878
3506
2510
1690
660
1038
9052
4890
18260
2114
4096
5827250
231030
888
380
1236
5448
388
400
262
1216
2536
1408
264
248
6662
5036
9356
1984
3836
1024008
2975606
742
2267576
508
3268
1807094
378
3786
2023660
2294
1164
1856
902
3130
6482
3930
2265086
3998
254
3990
45104
5494
1248
364
1682
268
3334
2342
1758
1010
414
4116
8684
2084
986
252
268
2882
278
266
3538
828
240
3547162
4772
2252
8952
1884
296
1622
4908
3318
768
5456
1270
6350
3244
274
2358
294
276
932
364
1968
531162
1250
2568
3804
2292
4644
10536
1522
5450
3566
1304
8122
3550456
5620
3982
2568
720
2108
772
8044
266
1274
1920
9270
254
288
427788
292
278
1176
220010
21592
7670
370
2866
1432
169364
1116
294
5286
3264
262
272
1178458
1324
2442
3120
1122
1304
1712
4822
3152
2820
772
7034
278
3150
1186750
1476
2338
878
1436
2768
3826
3760
2442
276
5872
2082
3904
443792
17274
666
4548
4492
1518
386
5402
8528
6252
846
1626
2178
9972
1268
211408
487302
604
866
8362
374
2270
1884
248
70
1438
357338
5096
1740
2434
2924
2210
284
1052
1376
14264
2722
2004
7602
3994
8858
2600
4182
5244
2500
1536
2950
834
270
2326
274
1174
7116
6374
1408
3478
163258
1910
5280
13476
2402
2784
268
308964
654
310734
3724
10840
1114
276
256
2436
5576
4906
6118
3724
260
608
3476
252
3594
1950
5780
4402
3294
4037146
1360
554
9262
1017500
7104
8948
1142
1574
554
294
3960
1278
375084
8668
4320
7060
1806
280
1690
250
1762
1057512
8484
1552
12696
280210
510
264
2190
868
6690
252
4120
4274
4630
4000
4442
812
2764
1967332
262
2062
5238
9764
2326
70
7130
9798
3948
1792
8186
9088
2296
6152
280
6544
888
392
1100
3620
9750
1094
2176
5124
3312
188310
16626
3634442
246
1306
6430
18180
26234
3284
3600
1104
1752
5662
410
3370
9334
294
264
2498
1356
5746
1868
1322
622
264
754
2320
2134
704
382
910
648
484
2374
274
546
4462
1602
2546
262
272
4674
1686
4102
29700
3442
10702
799948
7542
2955070
384
272
3538
374
4480
852
8978
3916
3480
1090
11006
1802
3144752
4222
2028
3862
2110
514
244
5630
6942
6748
912
5064
894
764
1862
8372
10978
258
264
650
4568
1226
266
382
4290
294
4776
2108
1080
270
6486
1460
2306
380
1732
4964
700
6326
3022624
16542
2797846
2202
1612
380
3850
1186
2882
526
3980
254
1749520
2588
566
8134
4188
6320
1418
7352
396
2098
2834
2428
17246
1500
5206
2172
2404
322188
1148878
3876
504
982
1018
254
16964
1936
1154
6648
1280
3950
246
8556
2290
2208
1338
637146
274
9498
698
1060
1674
4100
1106
4048
260
2554
10814
4636
3240
152414
932
13112
276
64596
4366
7946
125332
2508
2400
1014
3624
3178
2480
70
369230
1164
11472
1362
1670
70
410
24744
256
6040
1126
4276
4752
4748
382
16832
1588
3860
250
423032
372
1256
6198
418742
3916
1502
1590
7884
1026
3592
2266
9722
8422
2304
2596
8966
372
863510
3816
3764
2738
2278
29700
2892
7082
3292
3550
238
274
6492
482
294
992180
3110
6068
70
1544
2026
3370
2947318
6804
7894
6818
6900
1916
4778
4962
9210
3148
2137134
272
4592
924
6230
248
266
284
7450
1500
1710
1948
2410
2606
4756
5602
2796
5550
4098
270
10890
4928
2374
2734
3706
3965420
6330
38228
2634
384
6476
5654
888
1466
948
682
3045072
1618
538
1066
628
1448
3434
8782
1002
2510
886334
4478
282
11098
1866
4658
292
372
1176
300
2872
286
5094
3694
296
4500
5520
1612
1456
8258
2054
5076
2482
4036
2626
2720
4354
6556
5616
5066
924
2880
825014
3602
2212
8886
1274
380
882
288
1800
2934
2914
1136380
272
7358
5900
258
11488
274
6762
2252
260
1482
570198
3128
3326
10660
4388
250
2730
3452
1768
914
4074
1344
5696
1700
376
1996
4440
1346
3180
1174
1788
270
4750
410
386
2394
2222
264
8988
1306
1178
2028
802
1450
227390
1566
2527728
808
2290
366438
3454
2626
1970
3322
2260
394
270
870
5400
276
1916
6588
5394
279264
402
3262
14694
456734
2789824
678
1230
2126
126168
7958
256
660
4408
7098
1002
9758
4308
1456298
5488
1404
1288124
1888
8730
3644
103838
8092
692
5278
7370
7034
2458
3476
556
7120
3232
2078
4038
8448
660
1912
326730
2568
2220
1742
1018
1840
1974
2838
1714
689446
4286
1860
1940
7604
1794
3418
4242
2920
3190
1712
3468
8954
4648
6098
262
1256
516
142302
916976
1800
580
2216
30538
1600
2076
920
1088
3102
812
608
1038
4928
5450
221314
3016
1456
3540
1244
8232
574
1560
276
218
6286
956942
7744
3870
1118
2178
6128
21048
1207380
277074
1892
3866
708
7312
11926
1704
1760
1396
470856
1154
3690
1496
1672
3340
1270
636
793910
3558
4024
81442
1148
3756
4232
687564
2798460
2594
702
2620
830
1596
474504
1784
819392
3868
672
292
824
1724
264
1862
1168
984
5714
522
1148
2526
234
1576
4486
4594
5162
2098
1466
648
756
2668
6134
372
4940
1058
1168
722016
462
1514
5188
252
3192
234
576
1782
3876
1192
1586
736230
1774
50674
1698
792
171054
348
3196
3824
2952
2884
445598
2752
1454
1524696
6384
1394
4548
518
2154
368
275328
6558
4824
4360
4000
1478298
312198
2206
1004
3500
3854
545794
1300
838614
2643478
1922
2195584
5300
1926
3728
950272
177664
1306
621928
1640
246
2420
868
1603210
3302
2040
684
7430
4186
256
10268
1874
2638
153380
592
810
1724
4086
5806
2020
3976
4622
850
1620664
146458
1348
1260
9374
1232
3890
2140
1734864
777796
380
2948
3440
1060
12686
2174194
9440
1772
1834
776
294690
2328
4220
2224
224444
358
6422
1892
1358
1008
596
5870
1454
1416562
2390
2268
4096
103480
990
4084
8528
1422
462826
5974
1806
2878
800
2086
35098
1348
14180
1123980
228
2495644
1326
6994
900
746
4586
3692
350
1108
2418
554
583800
554
3266
1712
3020
3896
5922
7850
4412
8624
8294
1762
2688
2890
520
1244
1588556
9810
234
2826
111726
69224
1840
9732
6874
2204
5912
752
240
9788
50932
2028
4492
2460
9468
6524
705260
1630
2050
2752
780
3536
2336
215986
7250
2080
564
1404
5740
2783672
3772
770
4504
1390
3612
869144
18442
3562
1822
2662
368092
944
492
3646
3446
1214
3222
5982
254
1012
742
260
155142
2464
126098
1110
2296
2262
1228518
1194
854
940
2326
2772
2854
2932
6678
1488
2230
7570
2484
2692374
3230
542
4264
260
816
17184
10792
2970
9418
1828
1190
1172
692
9960
6086
6764
2656
694
3032
14752
1302
2892
1612
2550
8217356
5712
222
2930
5582
2586
3350
2318
884
5888
663774
3676
2628
8254
878648
1986
2590
258
610962
186160
1104
940
2316
1224134
1240
4684
909904
248
2262
1330
250
1384
5150
1451992
1906
1056
2246
2752
3282
1364
1738
474
4192
5964
832
3486
2038
1338
1614
7546
4558
732
2822
1098
3726
1616
2294
767248
698
9786
333300
2298
1320
1320
2270
4944
696
234
3642
2590
1150
7658
722
258
1166
4764
2096
1124
354
752
2252
2690
8674
1588
52718
330
5766
640
1640
2858
3396
6512
13962
478
2014
398818
1874
10472
1864072
3286
195830
2902
1238
1360
954
252
11824
1762
708
226
254
621470
674
3150
7320
2238
1854
926
910
3086
4228
724
1936
344606
738
4668
1948
561364
7622
2964
2914
5230
894994
6534
1066
1102610
476
5368
5154
360
6764
4064
1763152
8926
6326
1982
5562
4854
6944
2564
3070
1038
1970
1590
982
2680
1670
70162
884
974
1266
9122
6780
638
2460
634
2138
778
2720
1044
650
1743986
1330
4896
1364
876
834
4338
656096
1036
2154
6126
920
1058
3830
4624
2808
8384
1274
3516
888
7954
1242
248
6704
252
5442476
4224
870
1180
2770
760
4092
1740
1214
1770
1742
2136
1668
273802
1114
258
2548
1066
6026
492
1618
663600
1716
1768
470
5136
1990
1024
3396
6160
584858
3868
1882
3116
1780
258550
2170
1225664
1962
2248186
3784
3038
1159038
1182528
2772
12136
1808
878
3140
1006
5738
2004
1382
2742
318740
13660
6426
8480
238
842784
7866
3868
958
6014
3658
1670
970
348
1860
236
902
2340
830
4950
6576
4278
4888
2084
2424
842
1256254
2144
3098
2974
1270
4846
1760
854
10584
886
1161748
798104
7024
252
1470270
1864
1182784
5280
3210
1624
220
872
1578
630
256
872
7336
147380
230
2740
988
614
1334
4678
2264
1042
1560
59172
677550
1704
1326
3086
8424
6124
646
522724
860
3624
5546
1682
1658
484
1088
1654
938
952
3216
1994464
1028
652
1736
540
2976
3928
3170
360
1888
3702
4116
6758
2498
6382
1302
4012
258064
754
1636
4290
2824
3970
5020
8360
212438
4712
2904
6084
1610
1208
980
1184
2800
8442
1517910
752
4630
3852
576
1980
608
40102
960
4010
1494
1968
4418
5734
8830
2446
1060
2878
1186
662
1614
187228
1676
6028
5736
9560
1941578
514
238
5044
6136
877598
2248
4118
1145124
4434
742
5102
2108
10962
2462
2628
1030
6158
2485136
1101890
1636
1436
6330
4734
966166
4064
238
1766
6706
817256
356
754
7670
890
1346
5072
1070
538874
226
254
4190
955792
2242
1302
3230
1554
238
2099488
3690
2656
782
1848
3648
490
2670
478
1636
8220
2509502
510
3172
5806
912
8656
514232
364
6590
12870
759948
1210
1940
204404
8474
412880
15254
11978
1786
2794
4944
4826
5546
4958
494
242
5194
212
211162
3838
1690
1932
566
3796
1550
3532
1358
265054
3614
2220
115668
254
7926
3896
240
994
978
6434
240
3676
714
252
3867506
3694
14550
4366
2841900
2922
1802
786
823814
6348
834186
3704
4072
1590592
4942
940
3788
776
170288
712
1618
2210
411778
972
2680
2332
284
4972
5954
1012
1878
5362
620
1036
1770
2204
4478
3432
8040
1162686
5118
7520
512
1998
6400
17326
4508
2150
1804
1230412
1274
1916
1288
2668
262
2846
2580
2496
1062
1426144
3256
250
2364
4036
6614
1110
2160
922
3664
1876
3484
1487494
1290
3660
3642
886
1248
1976
1552
990
1146848
1590
2192
496
1868068
1866818
3772
2224
4346
4672
270
323028
2150
366340
7006
1012
1358
2328
630
2386704
7666
2808
1660
6476
4842564
656
3344
1154
5288
6246
1322966
2186618
1170
9088
4732
2522840
976
3802
4387038
2039504
2546
2856
1850
834664
4672
1503620
4848
3742
840460
1122
286
2538
6246
1290
12704
6868
7498
244
4380
3060
29814
386
1014
2986
2266
1980
370
8532
236
24884
1150356
3490
4940
990
6936
3254
168874
936
4524
6363668
3312
4056
3678
3844
5872
579784
4254
952
1358
1035056
68
250
230
762
226
890
4362
286
1792784
24444
13464
1232
4056
7140
5016
2842
3288
920
108260
252
368
6308
1276066
1954
1436
3734
4604
8564
368
10014
250
2450
1748
8366
1256
766
1196
638
1140
982162
2284
14382
1618
738574
497054
4888
894730
1506
1283904
7054
3594
4870
2612
2854
15744
1012
68
3487304
1724
368
1527478
4450
498
3914
1340
2856
3762
4500
11200
620
250
3530
260
5502
1148
3836
3266428
372
5662
196130
5972
2498
67876
4178
3080
3700
15916
1002
164320
1860112
7800
8092
736
1872
2084
472
596
1170
1327944
3580
530
1878
9680
734
756
4036
2226
7764
2736
4896
1642968
3958762
3278
4436
6390
154172
248
587536
6192
6972
1000340
934
1454
3400688
2916
3528
5282
4406
498
513620
1648
4002
276
878
372
248
2824
6284
268
758
270
3854
252
1178
620
1272
3128
3380
3256
258
3206
3590
1804972
10120
5262
256
1902026
134208
246
4286
11094
5652
2203168
368360
1122806
2282726
2754
494
9720
4756
4106
5576
645736
1828
3990
382
1744
145876
1075908
3092
2074
496
912
1922
2306
7718
10486
1293082
7532
156622
2776
3848
1528216
1116958
1946
9190
126636
4928
2686
382604
3212
496
1616
5650
6624
1274
1786
66
3018
4528718
930
704
2832
12408
2768626
3764
8952
6414
2482
875416
4220
3835072
5504540
1713054
1208
817216
100098
884
6198
2454
4278
522
776
4002
250
622
2740
4994
5224
492
1105166
1304
2438
978
1408
2532
2322
9500
1134146
8944
1376
610
256
554
2319986
1330
14120
3612
3916
2556
5114
872262
555428
5310
2492
4740
5266
4413670
8320
3840
27860
5808
1820
226
6704
2154
494
652
852
70
1937214
232206
256
392
961472
66038
8010
358
2750058
2486
3762
1682
2794
622
1810
2886
1034
5394
2980
7538
2530
3114
1696
244
862
8590
778108
3536
1308
2220
962
1188
3793988
1250
3128
12504
496
1560
6068
888
514
484
663446
366
6144
256
886
4348
68
477818
5892
1035570
123774
2396
2928070
1182
393794
1984
786
284
1697322
490738
696628
1668
382
642
768
680
1546
10352
2462
1634
2810
4852
884
7452
2924
504
4688
378
2352
6676
256
1388
4014532
1954
5192
230
3144
483246
538
4520
250
3130
382
6264
5492
5782
1162
3134
3906
3584
1120
2914
1132
632
538
1672
480
5750
18472
4330
129554
1904
3576
1026
512
268
5030
1118
660
2900
944196
3678
70
2382
398
782
3048
1558
3256
378
1084
6746
546530
68
1994
979480
5722
16222
708484
9062
1704
1020
7030
3568
1644
2566
6632
1726
1808
9630
1050050
2890
1560
1308
7272
185556
9558
3316
1032018
240
1024
1964430
5670068
246
990
506
723298
480
6828
1702
4664
68
768
1314
5154
496
4106
722774
76
3044
4242
1866
1055650
3202
388
1622
2350
66
1984
6655190
9606
530
280812
787988
2902
1812
2064964
4706
882
1754
382
1310
4934
1348
1692
460178
1990
2268
2336
5806
1306
1880
234
1010
640
3782
506
7112
2758
256
2104
1336
169298
6068
3312
8194
10418
1592
2802
1896
764
242
3732
2558
4520
2126
258
374
2492
3568
76152
924
5098
6270162
719914
250
7720
4278
3378
2842
4120
1244
8984
240
1126
398
5050
5960
766
1942
68
504768
8058
12248
1742
2090
1188
6126
3230
7510
2118
400
10918
2258
8808
492
253820
4510
10378
2828
11104
1392
3891788
2290
4006
6804
2050
988
4556
3198
3756
638
4190
742
350
480
6372
2834
3275110
766154
4104648
1822
68
1009480
6374
1888
2762
260
3423602
3472
259732
1492
2768
396
1586
2928870
3578
2810
274742
1384470
395250
3458
5266746
4327276
2108
4308
656188
9290
1944
13466
1492
1568
2992
13918
390
916
5757258
736
2550
1097834
7752
3964
792
772
5298
4418
111836
2868
4822
1416
2166
2036
3532
1392
246
592
2170
286196
2656
1202
1258
500
68
6226
782
863336
70
4870
3654
996
5060
17694
1618
1896
4312
11032
278
12954
3578
2014
808
3582
1116
263794
7544
1420404
3352
1752
4626
532
1432
7964
532696
244
1440
2546
1456
3452
1714
112112
5150
6804
646
68
2982230
1210
4414
2316
514
2512
146806
5476
1590
240
70378
5863498
197802
272
3178
1967708
244
2394880
5704
1114
258
492
2192
932
3314
6806
1476
898
2554
1036
1248
2298
3668
567206
624374
8028
2796
9390
1506
2888588
4594
1238
254
1122
3888
4978564
1967376
1112
585880
1012
244
757098
662
2784
2439688
884
4004
5376
1602
699004
9356
5538
1309390
105942
3588
356
2506
2076
262826
9406
3430800
953986
3538
3476
416
1140
812
6754
6268
2992
537502
3372
4120
2822
394
1015232
12510
240
322398
876996
8472
254
268
2429592
8096
11676
5976
10914
2952
502
4465396
7008
6658
1764
1284
16396
3672
4608
6066
1966
2038
4192
364
1218
1652
642
4126
8828
4186
435726
358
4208
3438
695566
1782
1980
1290014
72
14796
236
5812
802828
1988
388
2524
7736
4138
3856
70
3574
3980
2362
1096584
2652
2446
607906
243634
7392
264
2656
68
658
1400
242
7656
248
262
1324
5504
512
1128
2414
88
3216
1922
230
2366
8138
5896
7040
3260
384
926138
17456
11986
1275044
385434
5602
542
3120
2368
12134
2296
898
15130
3774
3740
1486
4192
362
20982
4922
358
3402
1220
4640
3668
1406430
4300
352
1689034
68
352
1794550
654
772
1328478
1686
4476420
2238
2082308
1570
244
454262
1149352
7628
3506
6802
2124
333882
14262
1948
4290
10874
4956
260
2080
1350
536
280290
638
874
9618
6994
2960
494
13256
1594
2856
2666
6498
4494
3786802
7218
11814812
3200
11010
1624
190494
264
616
1656
1106940
2848
5130
2026
3724
1070
7408
1454
268
4402
3736
1582
1455506
457396
372
256
1308
370
1164848
1926
2780
2378
3088050
1034
3350686
3233582
914
783670
972
622
25026
18372
3480
3848
574
3624
3910
2945442
1654
3322
602
4178
14884
3596
9946
4152
2874
1068
3206
502
1201224
266
6656
9388
818
8172
2628
2222
262
2862944
392
2464
582
850
360
1532
70
15050
9852
1602
166716
252
2932
5100
3668
5186
1112
262
3714
70
6978
666
3598
331548
2064
5114
5234
382
248
2386
6548
402
3619462
4468
6298
354
2414
10840
5268
1316
796
6300
70
4478
813234
8536
350
8210
8530
1072
2522
2192
2692
3716
70
2986
4248
2114
1870
266
3606
262
4250
2970224
846
2268
7262
236
3304
5596
2128
4126966
3696
2532
2664
4588
2536
944
4038
262
1502
846
2954
1644
804334
406
6602
354
8914
34158
7706
4529676
1200
394
5472
7076
400
3322
2088
8946
2114
10564
195798
1056958
70
401736
2700
5622
1848
6440
70
68
2580
4142
72
3854
268
420786
1120
5192
1210064
3170
2582338
4548
3314
2106
68
70
5894
386
1888
2466
2916
6206
1436
4946
2912
854
838
52708
252
5538
1286
670
4276
5484
266
3622
2546
362
828
260
3792
6660
4344
3742
1394
980
12642
362
3680
1046
2685572
2138
1091722
2565894
394
264
1228
12982
2346
2762
12796
1526
232
2874
918342
3476
9406
1610
1356508
9788
6466
490
3234
242
1172
1530
296
268094
3168
744958
97196
7588
2628
5472
7626
5100
6704
980
486
964
4458
1968
1864
43948
3174
1940
68
70
2184
4512
246
1174
1496
70
5332
1052
6862
1596
3444
2956
5288
3854
3406
2358
8812
950
4204
1116
6150
3802
5514
1173526
5762
900660
1920132
270
10514
15538
6266
13852
468634
2902
4328
12450
9306
3724
1388
2204996
325000
70
378
984
258
1198294
790
6136
258
1334
1274
1836
1900
3750
232
434492
423454
2010
1214
248
254
11854
11532
3560
4026
20294
6612
4228
6022
68
264
3478
266
15076
3544
1156
4586
2868
380
232
71206
8324
1396628
230
398
3754
6846
732
4312
1038
396
4492
10032
4124
8028
1158
1964
4102
5046
2798
7832
252
856
961112
6240
213598
1004
4318
1574
836
5450
282
1452
176022
5064
376
5926
1588942
3499454
3178
2106708
792
2418
5348
1400
2310
2364
998
1554
2712
376
1414
3338
390
3792
272
266
488
2170862
2632
4276
4230
7138
767076
1292
5786
392
4571966
2396
236
1455890
885278
1612
114806
4204
5264
6230926
2291056
500126
1114
6670
1950
1019670
2622
1456
9724
1164214
2456
678
4494
18258
17142
138650
4002
7122
402
10450
1156
8866
1838
264
3740
608
4422
2136
451310
15804
1156
4912
842
12314
2402
1450
5743088
11292
265444
1124
2324
2504
394
792
13670
2476
4678
1536
3866
6998
1348
612
3476
8378
668
258
456
2042
4654
12228
2850
151570
3150
5414
2228
1150
76
70
2880
264
1892
50408
2984
238
10016
1234
5698
1590
1476
932
2786
248
2056
302392
138880
7242
68
70
1318200
4242
1030
7352
474
946
8214
256
1446
1740
386
2114
496
123332
889446
3358
390
3486
348
385440
1120
562602
258
3180
3000
2169322
936
1034718
6028
2736
10410
1666
5578
5784
1434462
630
242
2616
1071684
8360
2592
4638
4836
5276
948550
1474
1342
3996742
3964
1384
254
7134
3756
5214
2894
7309216
11036
6918
1326
630
2490
3317760
5542
8690
70
5294
4310
352
15002
1668
3816
8522
510
262
270
2532
578
1818
646
494
6532
2776
1564
502
15226
2584
5429694
846
396
1186
7166
13880
494
4680
5478
1816
434
568
1650
1420790
254
299460
7694
512
18280
4520
4514
12748
1068
2936
2946
2692
18852
70
70
586656
1244
368
748
1780
6800
2004
3194
1292
488
700
72
11380
266
6508
2512
14968
2320
3854
250
3042
2299344
5652
141922
68
9142
3654
2010
2390
4208
217344
3886
2202
5480
2772576
516
628
858
364
710
989986
2056
199236
1714
236
4402
928
507560
7572
5090
2244
3382222
607194
1560
804
9726
5878
690
3600
1242
199836
284
846
2011294
3432
8854
396
3134
3166270
390
3386
3770
5784
720
1944
2034
1826
1558
4510
14492
4144
2100
1422
2020
2266
3456
1460
6616
70
68
2818
18472
3876
268
5142
268
3888
254
2096
408
108906
9380
8640
526
928
974
3672
7936
8726
1836
10584
70
2097404
936
4998
1285020
1050
5948
1264
6316
254
1764
2020
15254
592
2849594
8468
848
26984
7484
6514
1368
5042
986
1564
1426
4436
6880
1410
4736
12536
1374
652
370
5368
236868
5128
1418
396
4614
260
4764
1704
270008
260
6508
982
1394
72
5946
2738
40384
1889556
2538
2774
5134
500
838182
1353630
254
6050
3968
3524
352
1282
10326
7186
70
68
4152
7274
4270
2302
3310
1548
4634
2980
1274
1623498
4794
1384886
2142774
43032
9476
996
234
1396
5628
370
5916
2074
2122
1026714
70
1660
7330
299310
404920
7520
2214
382
4306
1606
14538
1874
784214
666
1100
1233658
4336
254
268
4214006
6232
4920
376
1780
1306
1590
246
2342
274
577890
800186
822
587864
3290
1396
3060
70
70
3078
4170766
404
970
1774
2176
4378
3630
2234
5736
1229008
250
1026
1668
4414
764
930
1446
8204
4900
954
1534
4142
224
4208
4652
2308
7330
1404
266
3714
8292
12290
7438
3574
1868
3908
1678
3292508
6434
2624
8848
1059532
2476
1112
15566
2866
282
568
3450
4416
710
1980
3521454
7756
2774
5440
14174
258
2794
292
1360774
2044
70
70
742
1243946
317058
4386
3448
2156
5270
374
6086
1712
1394
1772
1452
652
260
224
2796
9380
2106
581932
4980
76
70
2088642
1594
5406
1126
2220
1000
6172
666
944
979780
698
1282
1236
6652
4558
1346322
370
331518
674
3822
2176
264
2018880
232
6820
70
70
5640
2091830
7128
1422692
6986
70
5354
372342
9118
11070
1478
2558
944
638
4262
8290
3698
7298
8576
1856538
6840
1398
622
3516
70
1224
388
3962
712
5148
2076
940
359850
2572
264
518
2074
2710
1536
1642
2232
5580
248
373544
6692
1500
2266
2978
622
1058
1092
2510
15066
1810
3510
1960
1050590
4000
6154
1058806
168476
2884
350
5458
618414
5436
3230
1122
5304
3532
4746
4344
11888
384
2576
4930
8788
2214
2292
70
1782
4780
2104
3982
5554
620
3907098
4710
1678
4380
3816
3032
492
2134
240
4496
3876
3854
2512
14510
1994
244
2776
50096
1248
2032
264
1464
256
1400
1226
1990
9056
1922
1796
602
13676
5396
5162
280
510
6690
508
3436040
252
3608
916
7708
1666
248
760
5082
4124
626772
272
4426
248
484
861246
974
307668
1811434
282
2033296
1168
4650
72
618
262
3510
382
2904
5162
1532932
1340
3794
1314
1588
678000
648
366
1836
2498
2127206
1103766
5404
1348
248
2526
762
3406
2592
1862
7270
3342
5874
3602
5850
451250
2880
4104
3946
536
2686
2332
264
238
6974
878
2906
318086
1171288
5108
5192584
70864
3158
1617458
2324
1388032
1436
6492
94630
1352
10472
740
10132
1956208
522
4812
278
368
260
1020
1286
1155106
3468
2562
6734
2032
225974
1378
664546
2114
374
774
2154
500
3316
8510
4720
1838
4249174
1930
4071978
1834
824646
1958
260
3866
2147164
1412510
530
5712
3544
1544
635522
14944
536964
4654
18086
16680
244
2602670
1345158
360
134452
1490
524
1725084
4186
7714
5046
1258
4006
1622
2872
2593424
894
5524
2122
272
52640
2596
2552
3170
17808
1352
218968
5560
1604
1770
1444
1048674
5312
602694
4166
382
18598
2530
604332
2754
380
3406
2146362
2132
1345852
758
412
2340400
5131294
7090
1470
1577826
776896
4988966
880
1890
1298
1462
301036
1644
1970
226
119364
2266048
2295870
282
254
1444
904
14328
2940
2130
11430
2206
1634
3876
13826
2573258
1926
1236
2232
268
2166
4666
3710
7818
486
1269618
366
637096
660
5648
4316
2044
37768
31968
3074
1841910
68
530
1220
3362
2738
8772
6608
282
4458
3054
2282
3134
6950
5286
878
376
597072
1309058
260
1790014
4960
3600
1804054
6024384
2258988
3554
11144
628
6844
1194
10316
2854306
64190
990
3238
4084
9630
260
2475378
264
8032
256
2706
156198
97462
969940
758
5620
3740
718
2490
890
895238
3228
1676024
1200362
514
3590
1258
908
418
1606
284
7448
3820
1790
2904
11232
83050
913084
4678
4234646
799410
2158
384
2990
11820112
488
498
246
9900
3158
2522030
1982
312732
4632
29390
194992
336574
2188
1300040
1032
244
7344
854
2596
108990
1447232
2136
3732
456828
2248
4470
2220
1964
2317518
3818
264
5118
258
960474
568532
368
936
2455558
778
8600
4794
254
258908
1286
3574
70
1639562
280
2264
4814
879218
534572
1308960
1698
421634
6990
7510
452810
3036
226
638
226
502
1858
1556
256
570754
4457118
2953548
6316
418
1192
2094
2713254
11200
629780
3007682
478
3482
5612
103324
13840
633022
1357216
863628
2193266
399162
1634200
2024
9768
3349610
316702
1950
262
4816
1348
4118
913694
5684
2800
3734
258
5509612
3205050
4178
10930
1064650
2026
488
2566
3812
648
1296
232
6682
13422
692
14284
3604
254
2192
9280
17838
3670
9122
1612472
1800
386
554
9242
6196
343204
1802
6744
1468
4548
1256
1126
2668
8692
5136
1620
1972
1100820
4112
1152
1612
6948
890730
282
11436
2400
6372
2740
372
3590
1714
336062
3050
2142884
2412
12940
4642
2506262
2868
353484
5535854
3922
1082552
270860
7710
3558
1154946
390
904
2920
3220
7642
267278
6027860
2776
6034
39168
6657928
2224
3902
5366938
7776
1041796
1190
1485212
4732
234
429566
650
4506
274
2752
1134
15996
1497786
2193256
6558
360
1526
7236
420568
1626
258
10474
1498
506
494
3042
9346
70
604
2394
4044
264
9224
1740
7726
82566
3248
502
6842
6810
792
5504
68
1518182
3186
218452
1400
2254
562834
1213308
500
70
880046
2050
2200
3618
2728
151934
360
634
926
258
4916
7918
248
522306
260
1994800
982
384
472
6472
370
246
1100
789522
384244
3020
19450
264
490
272
6142
132704
3456
3764
364
984
1110448
444896
1602
1102
2350
3106
262
4068
68364
1090
8944
384
7136
3806
4554
374766
256
6682
6332
2912
234
1060
1438
311284
5922
3648
258
3528
2024
2936
1030
1000
2102
242
680
8060
1410
4106
238
9552
922904
2612
12630
256
258
272376
2916
1888
622
3664
5058
4220
348
4440164
3600
9486
514
368
2314
1090
5554
268
1258
2938
440042
2460
989516
1718916
235992
1266
628
1258
2210578
12952
4841720
1310
922806
364
4858
4536
482
3286254
2276
332
252
1174860
9560
2389228
378
654
1770
2324
14580
1160
2216
2243994
480
648
4752
1002946
474
4226
5068
137124
11280
270
138506
4288
3157094
1120
244
396
630
8444
1308
3362
1258
1721212
4858
1474888
856
6450
262694
4042
1192
1004
3123976
4226
658504
5424
1054
232364
10452
2286
1011356
910
2070500
2380662
2844
5372
5108
12126
252
252
898
558720
380
2108
3024710
9612
3592
396
4086
4874
195432
363428
3340
2802174
782986
8560
502
258
220
3626
1542060
5208
1408
4906
4139364
748
418
1168
258
351950
7726
2838
41250
1466900
3156196
5260
762
1860
4058
2487238
5050
5044
2494
4000920
256
854
1597358
22930
463426
334
12280
1486
1563716
636
1876
234
382
454828
2564268
5016
3110
1754
2223592
931196
2817332
624
5670
10286
5774298
6090
896
4750
2168
6126
681166
6510
2645254
242
3556730
14176
366
11490
12382
3380
1026
3476
2482
418
6100
5570696
502
7668
1725256
2458520
49562
3744
380
916
2384
2994
451562
7950
3730
2188778
1326018
11058
260
4308
5712
5180114
281952
1700
360
2142
2850
5998
1212
246
1168
1664
4270
782
1774
1788
246
5570
3020
1956
764
5132
612
2130
646
482
2622690
3186
494
184986
386
1096
553750
5162
1884
4402
676
129946
248
651718
504956
1970
1477284
1654
2958
248
3258
506
662
2086
804
21636
2889456
212210
5107472
1250746
355748
3236
394
898
1026
1040
246
3276
2165688
266
423134
1288976
172166
37590
512
382650
384
1380
1500
1008
2608008
10848
228
3342
514
2376964
1829350
386
309954
392
994
1516
3526
1143150
1314
418
2546970
140672
4612
1314
3654
5186
2195166
224812
10598
1892
5138
366478
268
1096
3502
9628
1939756
2840
1202
6032
520
419408
658
5308
6914
5334
8960
364
266
3410
3454
1996
784
2698
1288
349052
4294
1040
1136
3536
480
262
622220
4868
3524
1568
2586
4760
2088
2552
268
622
262
1018
2649088
2314
3864
278
1806242
7580
22640
4374
252
4800
11052
2968
10766
3048
3794
3654
910
5252
132754
240
552
4296
3268
360
1376
2564
232966
544
2478
195392
5676
2410
2804
2770
2564
1774
1124
70942
2518
1890
1123130
528
7182
2620
1756
2914
3298
548
3360
6292
7030
3324
1419612
5350
1512
181498
6388
1529792
620
3922
4650
2184
272
2572
248
138826
3162
1288
564
396
890
3164
3638
3510
236
3832
6484
2248
508
662
2746
4046
258
3400
2502
1044
8636
272
4389726
4706
1168
7450
2082
4048
3962
6984
3052
1396
1388
1678
3524
734
1578
362
840
2258
3272
540658
395280
1367820
1084
1942
339724
5764
7148
1826
5904
2892
7296
3248
1888
254
780
6644
254
2492
640
2118
1148
2138
2474
10754
3814
3376
4472
550
8978
650226
2388
3386
2550
766
6822
1192
1648
2192
2780
264
710158
1330
3336
7460
1680
278
1494
8476
2737352
1952
4160
3060
1530
254
8878
2302
3414
786
620246
4074
1580
3900
3232
872
3086
10666
3914
3602
640
2904
1080
1084
930
5836
2926
6342
840
5374
1304
2292
3070
104154
6710
51402
7968
1294
1060
1501426
3284
1964
2702
1158
3682
3962
3114
2272
640
4080
3226
1488
1548
5370
3578
3312
16642
7850
171326
2320
9134
262
1368
1838
1054922
5714
2166
1898
1018
48694
978396
4030
1982
816
5836
280
7896
3710
1756
13154
4264
5526
10776
136176
82156
860
14830
1110
3696
2590
3666
7740
1080
2948
2928
568
1976
1236
165996
832
4034
3434
884
7988
8648
1764
10592
5772
538876
5800
3354
1420
3718
186980
3216
250
1214
1340
4308
2354
832
1926
2064
2676
7020
1488
986
3578
1158
2590
1166
3590
4476
5396
6458
2244
1260
7064
4670
1478
1700
4414
3116
1090
1632
1012
448
2628
514
417684
6434
1852
1968
298
4144
1572
5002
6026
2104
2478
4382
402
1936
5724
63148
1332
1038
18384
672
506
362662
3422
1430
3344
1998
1666
578
780
10082
790
1754
5570
5236
1566984
3296
3740
4136
3326
6178
824
1122
2142
668
264
677756
2000
1398
3514
1602
1730
654
3074
827956
2738
1350
5216
1120
1804
6466
82878
966
10318
1802
1682
666
556
1326
2088
1040
6046
660
6326
9736
1694
1602
1500
2276
11052
8564
651374
1976
4436
370
3136
1534
1898
1232
12418
2438
5426
4172
1606
550140
2116
244
2082
808
740
1182
1586
13066
1044
1060
7936
270
1818
2904
2800
2216
2044
2876
536
1787122
7982
1488
546
3694
2062
1552422
1282
5826
2934
3624
724
1532
914
8068
2586
266
3578
3542
1442502
624
1714
7138
4722
666
11110
1892
256
1338
4276
662
1924
1080
2916
2780
3456
2570
1762
2288
524
246
934
1496
2234154
8432
1950
864
260
264
8042
396
9246
2362
1714
1050
1249428
4686
248
7696
3670
1526
2380
800
1312
7958
2287848
1204
1132
3258
1092
362
7360
7652
1216
604
1534
2274
1100
5182
1514
864
5786
4276
630
3072
924
892
5254
12796
2238
3406
2522
521556
2816
700
624
473546
2214
764308
1870
7504
2140
1000
310552
5755472
3196
258
206968
5740
1844
1552
3566
227822
2619656
4922
1708
262
137186
396
2448
1468
4086
5234
1116
1704
2144
4974
1874
4566
370576
1648
1405506
1088
854
3270
300
4856
1622
584
3618
1408
3726
1658
964
1696
4226
1288
2392
5358
1016
4410
1364
1360
13752
1510
4386
2406
630
3506
2222
3608
1116
262
750
3266
2232
2389132
2710
1614
2754
4140
5060
4278
2340
4348
4562
1330
2486
1372
696
510
2120
115292
13532
1952
2564
4866
12144
252
2106
4584
2618
1468
20260
1402
7610
4060
2590
8286
954
1168200
1726176
1844
16530
3688
1290
34808
1466
1676
1002
3936
2824
688
1432
6514
1342
2766
1928
3382
1778
1330
103922
772
918
382
1938
820
1216
2362
1230
1772
2156
4426
7576
2206
5436
4254
5666
536
2217688
553062
3740
3484
6730
2572630
1394
2460
2018146
332974
2748
1402
2046
838308
1272
234
13572
4948
4726
5374
397824
3414
1358
1474
1788
482
546
2396
3140
2810
1614
1894
2404
2932
2982
1934
28406
3056
2444
7380
272
1006
2498
4894
1794
250
864
7402
3284
4280
3238
1134
670
2720
105820
1408
668
4048
906
3766
240
2262
680
2416
884238
1547318
1802
3692
4586
5776
5004
786
3044
1068
1494
4308
4312
1698
2972
1476
714
1978
3216
836
7958
1784
3272
2430
532
3912
2732
1764
3118
13520
5870
1730
1340
254
4058
768
5946
5688
3930
910
4706
8086
3902
978
1630
882
2714
1032
1758
4842
776
3966
1750
6672
2182
6260
1580
2402
5734
1814
706
1452
3110
4386
4510
404482
1788
506
1062
540
360
5026
1914
158822
3412
1820
836
2502
1040
1780
1032
14340
666
11524
1698
1344
1712
624
4244
6474
3726
1536
1300
1414
4578
2668
10640
722
698
546
4708
1182
3362
542
2820
2116
1053840
4906
1220
654
732
3794
1494
3376
1122
310306
1842
888
6428
1246
260
7244
1102
964838
600572
2686
2204
946
268
4832
4940
1452
2114
3918
2892
672
262
11110
3398
994
1554
6420
1676
2230
5156
4122
8144
672
8106
1206
7430
6992
7460
1894
776
1360
3389230
2404
4720
6156
3778
519472
3670
4594
4120
1154
1570
2310
825504
1412
298
912150
1076
654
883002
2930
250
4650
539946
1618
2346
10584
1512
3102
3236
1530
596
752
690
798984
2824
1388
1307230
672
678
1294
1338
910
8390
2304
2342
9370
1836
386
1524
538
2418
3480
1972
6422
316100
668
2126
4000
542
638
238
5792
1844
256
1226
12332
666
2328
842
3538
800
2724
2830
1958
2430
272
5602
1696
3132
1456
2030
14978
526
1704
148024
1400
1147592
580366
1358
5308
908
1650
8346
364
261068
3588
810
1606674
2210
42938
1818
5718
140822
3678
1288
642
5900
900
660
3912
5266
384
2376
7108
1340
1686
798
2878
633588
810
3058
3750
6744
1394
1924448
121354
2132
443650
3702
4418
2500
3828
1170866
368
5052
376
7894
648
904
3288
274
522
1266
424
3132
4940
1169118
68
1466578
772
254
256
2030
2802
104834
3418684
3244
650
1808
5902
1119934
2028
298
3720
573094
68
1090
682
6658
3918
1148
1350
532
1948
1362
368
1944
382
1556
1062800
9828
298
278
278
1908
1549120
891968
1652
3040
5774
1410
262
7468
679450
2952
3472
3918
3026
931058
4056
7086
394
1782346
1022
1952
22964
254
10746
3934
1510644
2554
294
382
10854
1042
764
258
3418
544
868
2548
1858
6154
1882
3486
9122
298
10986
4836
6270
290
294
1818
1190
3430
4004
8396
5058
737390
1974
268
9358
2856
6814
3710
588676
1064606
850
394
325970
262
2586
246
60636
2536
888284
66
5046
68
57512
1176
380
1202
2992
1437908
656
6250
830380
64986
2000002
4572
8330
942
1282532
3402
2808
1296
2550
1516
5582
70
3176
6066
1752
408
5138
6600
2398
429804
3514
7160
8708
646
252
3876
8516
1902
8892
272
1672
8350
1306
994776
4918
8308
278
3358
2638
986388
1204
10094
1060
1104
1076
4380
1750
33448
3306
1790
246
144370
1758196
1984270
5818
4644
68
646442
1003912
652
2910
384
7738
2380730
2106
1566
1674
648
3412
532
258
7628
3206
139568
677762
2168
70
738
1100
488
1850
284
516
5160
3616
2005208
612
368
2438
6730
1502
2934
2510
5974
3952
8396
3264
12438
1658
3544
788
2098
1292
3514
1447416
252
2988
1826
1334
3487678
3328
1336
252
326012
658
984
14680
1566
1653200
6298
3846896
260
3606552
870
2924
392
1382762
5848
2300
260
1670
2704
5368
268
33428
5734142
2496
1627282
1858
2086
398486
358
488
1582
5690
4574
739906
2956
798854
1702
1122
2922
5686
498
6886
380
3882
2019738
2136
2946
1690
1326
658
1694
29856
244
6220100
382
106372
579850
2028
3429652
68
1462264
2074
2756020
378
3454
1568
2792
2706172
4064
2274170
3562
4952
1880
1518
8258
902
986
1464
1338652
1318
194116
3804
66
308828
2318
1096
1304
1094154
44336
1006
4252550
2018
6400
284
888
2544
68
2308
904
3568
1480
9978
5890
5186
640
6186
8242
6096
2877954
2256
282
4002
1258
1210
2382788
4540
514
1254568
4192
2870
948260
68
121596
2522
2876
2642
6606
420
846308
244
414
1344
3614
6990
1262
380
9002
644
2650
5910
4690
2410
244
4670
48686
9492
400
6696
3044972
656
328298
5158
7160
4856
362
4006
2900
3984
2552
568
1880
4726
2220
3486
2726
1536
8702
250
2906
706
3402
1142
2382
6568
5496
2628616
14786
242
2342
4802
1156
722994
5382
1428
376
8640
2620
70
9354
10264
2172
2056
268
2848
1902
5288
209838
1452
1616
841138
256
290
648
6604
1400
1074
9072
8548
2269068
4646
22276
2908
246
1802
68
266
653832
427588
4030
244944
1022076
6320
59634
284
766724
4350500
37620
258
386
254
4218
3510
588240
394
702716
331706
5162
1136988
544
9410
8004
3527744
2704
5024
2426
276
219414
18320
26694
4392
3856
6446
2956
390
16782
744
3960
1042
252
992
5818
1388
492
258
1766
1864
2704
2280
186360
68
5114
292
15266
8088
3182
2800
2768
10808
3348
1278
8488
1118
380
2280
726
382
373390
1258
266
9364
260
572
1928
234
606
386
5784
370
272
423600
2322
372
242
1953090
3838
3656
152770
960
4428
1910
56942
3460
10920
1134
5626
1530
392
355058
2760
378
662228
908
628
4616
3602
2242
8836
5596
68
1658
1390
808
2312750
4764
272
1174
3364
5986
1722
5156
844
8754
2212142
70
6644
4224
4388
3586
256
286
5974
900
3794
5800
956
2416
826188
296
4564058
1648
68
1540
998306
3632
9944
8182
296
294
756
3820038
1828
290
709034
1686
3730
1392
6612
716
1886
270
2592
880
512
5828
3000
2066522
250
2428
1466
436
1304
4140
2046
1963922
109744
1896560
1868
7398
2210
4100
4276
6996
4207632
6682
1132
294
31422
266
2670
258
3261594
4858
4774
268
1154754
12678
2904
2140
940
7002
4338
5396970
4982
1302
2750
7854
993828
1462
252476
5818
54592
266
2498
1608
4298
597064
11596
70
8302
262
856
5170
3092
3586
3992
5674
668
398
2950
1202
3110
550422
6866
1570
2647526
1112
4774
1816
4360656
688
68784
3840
220712
3342
398
1838
8150
4608
8400
12660
1258
10390
1060
1208
309758
19310
2032
400
107704
2640518
525078
1104
1938
3412
1234
1828
565420
244
824
5314
70
2228
3312
853152
404340
662
7568
500
276
240
52078
1246
6752
1146
242
1298592
5318
4644
6342
1942
6760
1490
3318
3386
10182
5372
532
616632
6404
1660558
695338
1830
8634
68
2021480
3428
5960
4140
6110
3112
2058
252
3994
66
1276
1967180
6266
2888
2278818
68
254
68
181616
1853058
370488
3940
9734796
1506
754
3466
252
7526
572
3808258
2006
3398
2706
7264
7318
6204
3840
404
7328
1689606
372
3125766
1140136
740
154978
384
280
1037526
3500
3892
5908
1854
10320
359126
5528
1756
244
2618
1034
1619446
4026
2756300
1273726
378
4794
17486
4468
3446
132680
262
590
714
2720
2937192
1260
4134
12624
1012
2430
395776
246
658
13030
2430
925726
1866926
3372
6868
2196
10016
270
268
866
309458
843502
30096
4202
1280954
5486
370
800
750
252
8162
7118242
2362
3040554
380
1820726
4663208
1794
2362
2950
1986
120408
1182
576
2564
2418
274
1826
2486
7170
7628
512
1494
2402
91840
4854
2744
6338
1474
1640
3510
780258
3082
4508
6970
1170772
6294
1615384
862588
2142716
2906
270
1352
1742
1203056
896
3476
300
3148
651320
670
3200
2790
256
526
753432
17584
260
5486
2660
8168
1300
93808
280
426
5376
1630
1946
926
4052
3126
1660734
1920
1302
1412
3132
5230
1836
1131626
2002
97616
1230
3948
866
4254
531866
500
3056
718
2876
5646
3478
406356
2718
382
2536
2628
1120
262528
918
4024
1481232
3260
276
4990
656
1100
11688
7336
681784
3848
1336
932
2848
2610
276
866
310
811878
850
8114
3920
362
634
1182
2260
530
3380
2128
1996
1914
2152
386
1122
258
262922
1122
794
2470
8084
1478
621720
319272
555424
8934
2794
1389818
3490
1246
254
7626
1148
1666
434
16864
10762
2024
2088
3662
2846
97072
1630
1835798
3146
1668
1276
824
914
70
3934
4982
7632
3350
924
7538
879312
3540
4416
2152
1304
1122
12628
147952
7774
1614
2138
4378
3844
3590
398
2154
851742
6088
1258818
4763964
59778
3180
1854
4966
5830
537818
1298
1996
496
7844
6912
2708
2268
1634
2752
610
1664
3374
7572
2072
12176
2817290
3698
6342
290556
3550
3322
4302
878
1814
3800
608
382
374
1986654
270
958
266
2910
272054
486
1152
2622
1228
72
9742
918
1530
3316
2468
1348
2158
9796
1374
786380
2992326
1424
242
4480
6645370
6378
7180
2382
7982
4940
7128
70
6942
2104
1036
3700
492
1522
1636
7341660
10592
270
3306
2030
70
70
1082
6286
1022
137184
3242
1580
70
70
1088
9362
6300
5942
15600
256
2958
1664
1374
264
706
2962
442790
698506
2026
6309144
1336924
3508
1102
3140
3892
3414
258
7142
706
260
5162
376
7030
5290
280
3302
994
1479820
2594
1050
4724
3122
1988
8864
430
3016
1572
13294
5958
1360
1538
1354
400
10252
10056
2052
270
2670
1211696
748
1396
266
1146
2674
4072
276
5142
1878
284
11418
1514
4544
969088
1914
6430
5242
3276
3400
416230
950
388
270
920
136292
70
352200
2004126
1498
1265092
5613326
268
798
5784
1536
13240
2348
2954
984
2734
268
13470
1589706
7378
4616
4116
14526
4616
992
718
738
256
256
1714
6124
75160
82368
1728
3166
2093540
4698
10076
3870
1320
296
4674
4532
11846
1216
2974
1628
730
15908
262694
1072
4012
5958
2496
3080
9526
598
1398
1258
5102
2108
2048
1942
270
8984
2208984
254
1378
2626
1756
6372
3690
1298
406
655444
5846574
1846
21818
2298
8942
14918
8188
6480284
254
2108
11032
958
248
4998
1706
202734
1882
15360
4830
1282
5728
526984
609086
294
1700
7912
1202
12856
2166
8998
1110
259024
4942
4150
376
11916
1614
2940
7988
3400
11014
5556
1698
5640
6408
1220
822
1602
294
3624
252
3698
3846
10968
282
2228
26818
2314
6290
5910
262
7522
400
256
1704
12708
8106
1660
8944
2346
10900
2622
893712
865538
1342
4182
7626
250
9128
2172
406
1060
288
8522
818
434
690
7454
3742
6518
1362
296
6642
8726
402578
284
362
2009088
927064
1624
492
4162
254
1512
6986
2006
2866
2155594
2966
536
5376
250
826
240
1756
288
3552
5218
1095844
942
258
3264
1340
1864
14192
294
274
6198
8344
249306
512
6268
272
10858
262
4408
5568
930576
1390
6250
9744
252
5866
6516
266
2422
2642
319690
2730
7016
5120
6252
2470
4028
5858
1716
730
1084
3298
5668
918
4172
2924
1872
1654
1802
5862
3260
7658
1582
4065150
4628
2552
272
268
3100
3040
258
1530
2542
8066
1668
1654
70
72
266
3252
3068
1832
744
826384
268
232
278
860
3658
4560
286
1246
432
270
249082
270
19572
3872
3820834
1968
1610
414258
710
11844
2730
686
4514
262
2300
934
526
6240
3248
402
13156
6940
4188
482
2070306
280
280
4946
3318
3100
5534
8870
268
3540
254
4338
5966
2028
8750
4728
520580
490
2834
280
286
588402
4318
16918
1478
1864
1424
2658
5600
2948
6018
1940
1390
282
394
1380
6604
4754
3206
570568
4340
1770
3044
2236078
1616
1298
806
11052
1532
4948
3734
420
5358
570208
20674
1694
428
610648
262
1766
1560
710192
1908
590
2370
276
13912
658
4788
272
400
1894
478
358
2548124
3620
3226
2088
5306
4106
5484
1552
1474
344592
3654
1704
270
3248
10570
3342
2030
3638
9562
479270
3323644
12914
1166488
1614196
1780
382
2934
4186
3066258
7338
1452
2262
766768
1630
874
4186
7292
264
3002
696
272
1906
1216
3154
849318
1217932
3810
4486
2320
6300
3896
56712
3736
254
394
282
1380
252
4770
5776232
270
3014
1044
4838
1358
2366
13396
70
1340
9216
8670
530
260
4134
1776
12130
359640
1254
6258
10886
5236
378
3266
10118
1272
4814
70
70
7672
3238
2520
520
1083634
8854
7850216
19888
2077162
5914
498
1578
12300
2190
2354
4116
286
1944
284
2420
5584
300
2582
9014
15764
1104
1800
1245946
1204
2532
8260
5520
4102
398
832
1950
4818
5498
7562
260
2124974
282
2630
523240
415398
1390
7542
16682
5750
2250
356198
8730
968
8014
3864962
7556
1808
270
1758
386
4264
1930
83798
2122
4532764
4006
2392
374
2374
1795698
2602
1964
3482
1676
1442
3888
5750
1626
668
1456
3285646
598
1948
1564
3494
3007592
912
1062
7264
280
816850
2598
3000
7780
1672
7658
2768
126562
85468
4076
1426
4406986
2076
1956326
2640
3333770
256
2090
1668
2338
950846
804
1934
1368
632
700
70
70
1284
536
1910
3090
75926
2048
7614
5450
10052
3667490
5676
1450596
70
70
1674
3348
2650
282
766304
1578
15848
10758
3554
9664
1866
4578
70
7466
5378
292
8212
3934
2450
4720
6478
2040
910
2372
2776
4414
1096
5584
70
70
250
250
924046
1197880
434
3012
8568
1656
918
4392
824
1501436
3452
1354
3330
2460
2054
74954
2572
40522
3370
400
1206
2276
268
3866
402
702
1480
1788
12494
282
504
1114
2778
1780
2958
3496
1702
20396
2506
272
1086
968
4276
548
6716
2638
1122
8332
6108
65950
290
254
7922
7992
1070
70
2302
1171128
258
746
6578
1558
5324
14918
3852
3582
6624
4412
266
7924
4694
1294
2886
3564
70
70
428
1258
2372
2258
986
1318
2080
6496
1121954
3250
4336
2816
376
4546
3872726
4632
7524
12098
404
2530
289648
11848
548
443746
3828
70
70
10830
4378
1890
270
840
3104
1748
1908
4132
2770
4010
4868
2200
374
1080
1616
1166
1700
1157622
6880
4788
9996
2404
2734
2748
10138
1220486
8262
268
1613382
3954
1430924
4360
1374
4600
1508
967058
284
3316
3802
6764
518
5962
3660
5278
1144
1632
125070
284
236
432348
7086
4166
8038
1068
1282
353636
6298
4250
8676
1416
844
11192
381506
4766
70
2490
422
296
11298
284
850
284
492
1807074
13424
1656
1656
884
906
14690
4882
68
7280
1424
1314
3972
2326
374
1682
4752
1148836
4986
1134
3340
714
264
8296506
390
3370
7434
3750
2608
3592
171482
4692614
918
276828
3912
10004
472
1996
1616
2580
258
5896
1672
1002
2496
3636
1010086
5318
5048
3364
4050
2352
5768
1162
2332
528634
1138
244
2214
1186
9220
1903922
1178
250
1134
1556
240
812976
12302
1660
292
242
10874
806496
286
1438
5894
5250
1583302
5340
390
8084
648
10010
4304
9574
1164108
372
15718
1530
6094
482
4054
124000
18222
386
690
377068
654
2626
3943176
1594
1072
1128
1272
10990
2198
270
12452
7508
4034162
23026
4614
8712
1170
554544
1400558
3498
1017892
10778
1072
3054
12918
6792
56206
5990
880
262
5802
4390
3942
2844
5560
1099816
3164
494
28888
1222
13608
5068
538238
7678
678
880
1176
14180
7776
2097194
2246
3132
1036
912
1452
1120
2268
16754
6315518
3448
1680
3512
10190
6662
430
1446
1604
111068
3250
2558
2246
272
432
870
70
1610
1326
1608
4402
284
368590
5736
4112
2196
8680
6006
9888
1525078
3738
484
4264
517646
1842
3600
11434
388
4916
516
2874
246
536
4582
4520
938
376
463832
12726
6054
7744
4510
7482
1866
6008
4414
3796
538
325048
7902
1150766
1266
1074
5038
280
15506
2536
1392
2892
3586
1180
3992
416
2530
738
278
286
254
3026
17950
92392
2574
1072
1207732
792
244
1680
384
3176
1186
2485742
2020
5216
11298
197810
372
712
4404
4043046
4690
6546
3724
5736
5100
8936
126406
1520
242
4522048
7762
1494908
706
1000
492
2267152
250
1158
258
430
493850
13052
1067688
5940
1058
3026
258
386
294
1534
4442352
70
5818
1125846
2953368
1708
2342
3174
9686
526578
10904
9118
2069888
3666
2443556
256
12628
2658
696818
684558
523812
2042
2144
506
258
1836
98610
1896126
2022586
1332
6590
2428
4432
2294
7132
1702
278
498
1994
1590
1260
2270
7428
418
518
1790
252
8728
4474
2116
3864
1906
1254
7682
1800
1622848
11964
290
7020
279226
3830
370722
262
1044
5528
3307548
867834
5336
612
1926
788
980
2222
478
6686
272
2718
1408
3584
5216
4597806
70
610
4878
509832
12678
1396
10094
567378
924
1666
836
1205548
384
1694
246
2420722
2888
2600
1853420
590
2278
786
274
6332
369602
2100
390
2494
25208
1500
1106
1976
2245274
494
11798
3128
258
2336
5422
3602
382
242
3376956
7578
2829560
270
2833946
6368
1428
3708
11762
270
9826
507352
4976
7712
264
532
394
2660122
518
2242
3464
644142
4847388
1322
2470
2908
2004
4498
5238
1662230
3580
873662
272
2390986
7064
2540
1274
5784
5150
5788
4386
2493818
206524
266
1163748
692456
1358
1044
360
8274
2229716
4236484
10920
274
209530
2354
1408
1984
2252
2030
1594
341874
2944
9594
1372
3984
367032
530
244
12518
7368
1734
3244
5986898
274
827268
1758
1834944
3686
496
240
2242280
2594
252
276
2240
1452
430
4011414
6684
1128
2716
482
262
5906
1246004
1664
4466
1316178
1948
1320
3518
157688
3980
3246514
1844
1477822
1120
280
6728
2080
302738
826110
7024
1012
404786
260
2562
8868
512
2884856
1483036
1194706
2218
619614
5826
416580
524
3522
1212
5588
354
1966
290
10118
67558
2436
2511160
390
246
4428
129650
1445316
32050
894930
2472
3584
2343538
1950
5020
3850
3678
166726
1868
5794
8872
4144
7192
402
1218
4326
902
4134
1005690
3907516
309662
1946
3438
871884
3436
675636
1580
2786
254
7436
2835094
210562
2883418
2894
2844
652
3686434
2818
4234414
4270
1480
1038
3514
264
15290
1880
3306826
3126
3154
656
653242
244
7296
4148814
1005492
5826
282
7356
290
1865020
254
5650
3650
7548
1704
6866
563158
1542
3392
1372
258
434
157730
1082
165844
4052
68562
666
1836
1600
252
2080
285626
382
238
9064
1788
3910
1009962
1542
1886
408
272
6922
878
2487390
554
370
482
7010
4614
242
2716
388
4462
1352
3790
4990
5002
5516
2976
88
11644
2076
290
1838
5034
6238
240
5072
1771970
378
648808
755754
268
2536
258
254
1334
11276
1602
888
779794
2626
1158
3430
2879986
3481034
1779066
502
5090
1212982
1646724
5214
260
254
9864
5276
3334
4850
60480
1874672
2632746
3280612
7598
2740
1134
896928
1602
419790
5690
3402
1256138
3490
478
2218
7088
2234
6350
2276
258
3419958
790360
1322466
2117212
774
6460
4802
244
1488
1492
640
1644
262
2830
7884
1539714
4384
3320
378
5074
68
2251552
5650
5308
1464
1880
5198
1398
12426
5778
2860
4732
1906
2222
1293954
534
3774
3416
11560
8478
12976
518348
252
570
1910
1626
246
5770
2008
2774
13120
1720
9106
492872
9388
280
448120
382
7886
1676
118426
7630
2168
3518
6718
2118
8392
6810
2618
1290
12076
242
4372
262
262
392
2038
5354
1846
2556
988
3626252
380
14442
5054
284
1756
8002
13622
4232
7524
11732
1146550
838
1578
10128
1932
2739994
5064
1636
6262
184830
647296
7006
1424
3440
796
3736
978
624
1858234
1416
1752
1092
5572
2658
138832
836036
1496206
296
270
4166
8952
1322
2092
3409560
1094
3290
199390
382
5320
1004
3224
2766
4614
1522
1002
4476
1990
11074
6336
1152
282
915948
512
3958
2032
2918
1054
1334
260
1376
254
8908
731828
170714
998
1258
396
60094
1856
2368
8592
543638
544
3880196
387796
7912
1884
4448
2293346
9028
264
238570
4942
1098
856
86050
798
284
2373072
976
1212
3124
1485354
478
1737464
1654
346
1834
1366
7848
8334
2250
1614
270
1846
921494
6478
8138
3396
5848
1224
4028788
887478
6534
3368
6338
780
356316
1748430
7432
3055952
1874
1160646
6542
7324
1234
3606
300
3444
4492
3810
370
1746
258
3266
1400
3642
4338
2536
10622
256
1324
1648
2793814
290
5342
4514
10504
555390
1454
2226
4040
1934
864
260
3090
476256
167812
4660
6688
484
3260
976
618
2238
3590
3758
11276
2384
534
266928
5814318
2048482
378
980874
2194
1085032
260
2034
1612
8844
24774
5256
2098
13034
4486
1729930
2102
1260
3390110
1161700
1936
400
2550
4240
3084
1666
6728
11876
4216
658
2028
790
5958
272
1716
866
1292
2325914
5018
1098216
3336
2882
1562
248
3036
8210
1680
376
2558
3990
2364
2570
2100
4220
1668
5686
5504
1388
544
612306
3284
302452
518
3512
892
8486
7284
4556
776
5644
3722
5662
1322
1694
7844
5894
1244
2008
1368
644
5152
2342
1154
1724
814
5714
3080
9962
2392
2197174
96158
612
704280
7796
6308
1738
1558
1248
67870
290
10154
238
1554
1323222
1768
710
15330
6336
5116
2822
7740
15032
620
157726
3468
3638
2236
1580
7548
848
1632
55784
1130
2662
3072
936
254
2912
420650
2638
2164
2972
786
6140
12068
6756
7098
2956
1702
126368
3990
248
9094
3940
4678
3322
734
2330
376
75332
1544
2684
520
270
10506
4538
9714
650
866
396
1900
2512
3530
2228
4164
942
2408
1308
1458
800
1074014
8198
2034
1184
498
1416
3692
1622
2390
4206
3462
2044
2658
1940
2780
3596
1466
289870
3994
6686
3058
3450
846
10732
1010
1118
7108
518
3862
2907058
856
1262
658
6916
886
3392
530
588
1118
43862
1586
736
9796
4416
11122
646
1026
1018
8068
248
1082
14076
518
5910
1542
1700
5312
1472
818
1948
2846
426098
1130
9422
2472
1912
8392
58814
250
508
1424
652
534
582
1694
4160
725444
780
5450
256
1126
7250
5830
1798
265246
666
2390
5944
2070
4922
1022
44518
388
118830
774
726
2174
4120
4922
1424
6530
268
9574
2018
1182
1264
1504
908
832026
2370
2704
7162
3640
2814
4064
1966
1322
7428
23256
5760
974
1904
1892
742
4850
284
2204
1570
3538
6500
10262
193186
1906
272
7154
2152
3776
1292888
5628
3492
2950
8030
4060
1956
88052
226
2530
4166
782
1917186
2579226
256
1798
256
3058
2490
3310
1120
2498
5628
1594
732674
2154
624
739300
4322
2442
2498
660708
477508
7848
672
3950
5942
264
2120
1026
2762
2454
1856
2234
2226
2914
2700
482
1196
1248836
572
9118
628
5288
1088
3890
1544
846
2437190
1818
5892
4614
9402
4142
12302
1758
994
1802
2354
5308
2168
738
7024
1570
94682
213560
2314
2386
454
3822
836
2438
1504
1086
632
7788
1980
976
656
1526
1904
2817796
1796
6340
3446
3352
3814
4416
12050
4212
6458
114702
1422
4732
798
10990
1812
674
1954
2956
265680
270
4052
4114
4058
7992
12730
1172
3412
1270
2460
7570
2158
3172
520
496928
1314
3588
2778
252
5398
652
7608
12682
1220
1284
762
14232
1490
772248
2510
6224
772
13670
2772
886
1270
3054
2924
1918
906
2942
4560
2876
2346
364
1866
232
3572
2544
1296
1024
370
266
4648
10862
1158
2602
7422
7826
5448
1868
898
3580
9634
3718
928
2800
930
1658
770
2422
2562
598
1534
666
7672
2208
5958
1160
2618
1858
1448
2502
4470
2992
2646
540
3738
510
294
576
1940
4494
290
2174
1456
1622
418
916
2902
3598
2600
2518
3002
668
3856
2166
890
266
6136
3012
952
307914
658
9428
5782
2432
2434
1288
10526
576
332
20052
2558
9876
4306
262
1724
1112
1034
5434
1708
694
2258
11134
2374
2290
6062
836
5458
3064
1282
1408
1098
534
6368
648
78020
3910
246
1656
902
11138
728
4438
1678
1704
5782
6808
742
510
1510
2720
5846
1244
3468
4308
3680
238
2986992
1908
638
1392
3440
680
398
5872
6094
1308
4570
10018
2900
2560
506
608
283494
1203324
252
2448
884
252
2358
6440
1740
2238
1972
418
4924
862
3490
1380
4082
2848
185476
6982
3288
5162
4540
2226
1700
1230
842
3510
1410
4552
232
378
1662
1506
11004
1478
3810
2502
7216
2080
1246
2944
2108
844
2030
4600
2112
1892
524
2052
874
902
1766
1084
6658
3064
2266
1972
7106
1300
1404
3806
694
1900
988
2456
532
4614
715310
5864
702
8768
1484218
2494
9684
3940
10138
246
1006
3654
854
3398
1244
706
4702
1464
13332
1476
12766
4164
1700
8470
518
5842
1262
1180
2474
7944
1406
228
766
232
4968
794
1168
3080
3036
2074
251140
1498
978
648
3240
1638
1284
3872
7188
3618
900204
794
1186
7038
3756
1128
1732
698
4996
8214
4922
1224
2622
3460
2552
10652
2330
374
1808
2126
2776
450192
3324
1224
608
672
1028824
4958
4650
278
1156
10632
2034
2374
6724
3274
1476
1974
4072
710
866
8034
1100
2196
13286
1052
538
1556
3572
772
1144
12244
5328
378
788
1073622
1648
950768
3338
3646
2466
818
1744
2308
4528
248
1878
362
524
4182
1874
248
2786
280
2120
3784
508
2528
80920
934
3332
532
262
6450
680
466
2382
248
1018
1012
1423894
882
2890
1581264
614
6764
3592
646
4942
2014
708
262
294
760930
2188
3254
2622
2530
516
10086
4636
1470
266
1852150
1420
690
1132
1412
11918
4720
3518
796
868
2232
4888
1182
512
4800
1206
1984
4154
708
1240
7810
688
4598
986
9280
600
545012
4710
2512
564
1036
9980
2960
352
5276
292
6144
12274
3314
264
6354
252
1328
1768
2216
4654
650
1480
951408
768
6658
3744
4570
4734
5302
1450
1266
526
1906
3140
1844
15990
6416
2180
9212
4106
234
2052
1234
3906
2220
3272
5542
7616
1906
5578
7352
1338
3828
1624
1694
978
3426
1246
3734
384
1132
2688
960
1043440
7666
1175570
5850
8486
2218
549312
4022
6150
2784
498
5106
3488
246
764
3326
5090
2820
2110
3254
516
6122
516
2068
3278
3494
3494
904
1164
491736
6680
5102
776
3708
1390
276
302196
704
2234
2994
4620
690
2028
842
1464
3028
1992
6468
846
756
880
2084
1014
10964
4080
3730
2390
1084
2516
796
7842
2588
4644
1270
2380
80710
906
5382
890
866
246
1340
4826
3586
4096
650
270
3158
8336
258
4088
776
10886
4784
234870
1268
1736
1054
378
370
1590
6168
5936
1522
9174
2760
1008
1720
846
3158
2578
381412
3310
1054
1648
534
2300
4836
2530
9338
3674
2496
938
1190
1508
8524
814
1790
1908
5286
6612
12824
10740
846
1718
4232
1358
1718
878
3000
368
4790
1192
2192
