3:0:0:0:0:0:0:0:0:0:0:0:0:0:0:0: (total 2)
0 1 
cpu 2 cur 2
STARTING...
Thread 1 going to cpu 1
Thread 0 going to cpu 0
going to barrier (cpu 0)
going to barrier (cpu 1)
STOPPING...
Duration      : 10000 (ms)
Acquisitions  : 18467519
1782
7178
3424
1744
3696
1770
574
1720
570
580
526
5240
1754
11060
576
1778
538
548
532
588
74
546
540
3486
5266
536
5256
14240
580
3476
66
64
564
3740
526
5262
534
580
562
568
3856
1758
1786
5368
64
534
1738
1774
2056
76
64
5248
5252
1782
3572
578
3516
506
1738
1782
598
64
566
7544
5234
76
546
3562
64
1758
538
1744
5250
3610
76
1774
5252
1738
1836
3606
1734
1766
1032
1770
1740
1746
76
76
5384
578
532
4252
64
64
1868
12490
580
3556
1780
82
1772
540
1750
584
82
3704
1782
3514
558
1728
574
3462
4252
1820
544
1784
570
578
532
3498
5350
5530
3504
568
528
3826
76
1730
1776
526
8922
1936
76
526
1740
1742
76
1786
578
534
1766
74
578
2508
5356
580
3524
510
524
1058
586
1918
576
562
568
5262
76
76
3486
562
5398
8776
76
1744
1058
76
5336
1956
1782
1724
546
4342
1748
3562
1734
524
1748
566
7188
5268
3536
1720
594
76
1770
1720
542
478
530
5596
530
1734
534
1736
7070
568
574
582
64
538
7138
570
78
544
5328
536
1746
5344
6992
546
1734
3664
5256
546
5968
570
1732
538
546
6992
1064
532
64
66
1718
5390
3482
62
66
582
528
5768
1724
528
1748
1784
6990
548
1732
6990
12532
1868
1778
540
558
5402
3484
76
1738
1822
1732
552
554
586
76
536
1930
580
64
524
534
3508
558
3474
576
566
5240
550
3482
5248
566
66
528
1090
520
576
4198
64
64
572
64
554
62
516
530
524
5308
524
3666
5216
1748
3468
66
64
568
64
514
7000
5342
1782
3790
556
76
64
3474
534
568
3500
1728
544
1754
564
538
532
3508
1086
64
540
3606
5526
1728
1784
5318
1780
3468
580
64
562
526
3442
1734
1774
582
6944
530
566
540
12620
3512
568
1724
582
534
1050
5460
558
530
3570
3468
540
1748
562
1730
526
3502
8758
574
526
582
64
564
64
516
1774
548
1780
544
1748
76
66
574
538
3500
546
528
3534
1786
1774
1784
8750
5348
1822
1960
534
3468
570
1738
3466
1726
574
82
566
578
542
12624
1728
560
3460
572
10504
580
514
5250
3702
1048
5314
5266
556
562
64
62
5250
550
564
64
64
1720
552
3438
1820
1728
1760
1782
5386
582
62
556
534
7000
564
64
514
530
524
558
7038
3486
5252
1818
3470
62
66
560
3506
1750
5260
3480
1742
1748
1782
3742
580
62
64
576
64
582
62
562
1746
1774
4296
572
568
1756
562
1728
570
556
526
1746
5436
3496
564
66
62
558
3522
1776
1728
2786
3468
526
1784
584
5988
540
1778
1774
544
588
64
1716
536
7376
1232
76
62
586
62
536
3470
1734
568
3538
544
3520
536
550
562
522
566
64
64
546
3496
1748
64
78
564
5152
520
1782
1998
1820
1740
564
64
518
582
568
3468
580
568
64
64
3466
3694
532
3708
3678
76
5342
3464
534
588
62
560
522
5488
8778
7136
5290
1092
1746
5262
5526
5394
1722
566
3556
5408
7094
1734
6004
12524
550
1732
538
566
518
562
3568
1736
574
1720
538
5298
576
3532
548
3566
1818
3574
3526
1752
1730
520
530
1782
554
584
3510
590
64
1734
518
530
546
64
528
5352
574
580
66
576
62
554
64
514
1746
540
532
5456
76
530
1788
552
526
1738
528
3482
546
1920
3508
564
532
1738
1782
580
3480
1752
1780
1752
584
578
64
538
1750
5658
570
1744
3568
1748
8796
596
64
518
5470
1732
1964
10876
528
5228
3566
1782
540
554
5292
7000
546
568
524
1780
568
1746
542
5276
1924
540
1754
3614
7044
4192
514
542
3484
5266
578
566
566
3502
76
72
526
3510
5352
1736
1758
3470
586
64
562
64
512
1096
3598
1754
1730
532
546
1784
566
540
532
3500
1738
546
2002
558
64
64
524
1786
1782
3846
1788
5258
1726
572
1764
76
1776
5348
1740
546
1784
5288
574
536
3704
8686
552
3568
3506
3478
1782
1726
576
78
584
64
526
8766
82
528
534
1748
3784
1722
574
8826
74
62
564
586
64
558
1732
1750
3566
10470
19284
1746
76
576
7032
5248
3698
1710
574
1736
594
74
522
526
64
64
5352
578
538
3558
1780
5156
576
1738
1782
584
3476
78
62
1732
13172
3476
530
5140
584
5312
3532
1790
570
5946
3468
62
66
5348
536
1782
574
1780
582
7174
76
1728
5286
568
562
62
66
1746
6996
1732
562
3496
3464
1784
566
580
64
62
3470
538
522
6994
584
5214
1782
1782
1786
1720
568
78
62
64
5390
574
3472
530
528
532
5220
572
1738
3682
5218
3430
1778
580
7044
76
1050
562
518
3608
538
518
1774
1736
1778
548
526
7100
6998
76
3566
550
570
1728
1738
1748
1748
536
1752
7180
566
4280
594
64
526
1786
7164
3484
3514
1822
556
1966
582
536
1710
9020
564
596
64
528
3528
78
568
2098
5270
572
76
64
66
3524
7784
524
78
522
1772
1786
6998
606
64
1038
580
566
64
66
8818
534
3708
572
534
5234
64
520
536
570
1796
78
3704
532
568
562
64
78
1732
572
1734
528
64
62
582
74
1728
560
600
62
560
1750
580
9128
5442
3506
568
562
66
64
1956
570
522
564
10562
1734
5458
1784
564
1744
526
1744
1734
7654
3468
3484
570
568
1774
1968
5150
576
3464
5254
546
3436
578
566
64
516
8824
78
3552
3502
582
64
560
568
1756
540
3750
1824
1778
76
548
5252
3464
4390
578
1744
582
532
16162
64
78
2602
540
698
4780
562
4784
2166
1524
4672
550
546
548
1062
556
530
582
2860
562
4732
1568
1558
1674
3156
1578
536
556
536
3432
574
4902
1618
584
542
544
1552
542
2214
578
1590
3122
4752
1552
534
568
544
542
6618
560
4322
1608
532
548
4650
598
1550
544
558
536
5904
1624
1048
534
548
566
3908
6078
546
530
554
750
3114
552
4802
548
548
5492
1240
556
7616
3210
6118
6466
3370
532
552
558
548
1560
542
548
1076
550
6114
6392
544
544
532
550
564
1614
1556
572
546
1770
3184
3146
1744
1036
560
530
554
1540
536
1580
550
4380
1584
1586
542
540
3222
544
1550
540
546
3952
538
5698
576
552
558
548
1782
550
1580
542
6590
3102
534
1560
1592
2292
544
540
1582
538
1614
558
3172
4786
576
566
538
730
750
542
534
562
3018
64
534
1620
1584
554
568
572
1572
532
1552
1610
538
1554
3252
6398
576
524
1560
1568
570
522
560
538
580
3334
10594
562
1556
564
536
3132
540
562
1582
542
558
554
558
578
562
574
3146
544
4464
534
3182
560
558
7904
534
1572
1606
1614
556
550
2286
1588
1090
2818
552
554
1582
540
556
1624
1758
560
3220
558
2100
1574
5046
524
548
542
1062
532
534
3296
548
2620
3142
1608
538
530
1614
536
1734
1578
556
546
1530
1594
1558
534
1068
1552
1584
1602
1584
1046
2812
546
716
4772
540
2856
1520
556
544
546
556
540
538
2882
552
1638
1786
3148
3398
580
1610
1574
564
3180
3222
540
1078
536
1580
3158
6396
534
1556
582
584
1610
550
546
1544
540
4804
568
1786
1094
3308
588
578
562
568
2164
2268
1046
1784
4794
2816
1070
588
558
3252
532
3660
3302
6338
550
574
2818
556
3238
530
568
1558
532
536
578
562
2120
1582
2404
588
560
1610
1640
1592
3084
538
1552
1618
554
1582
3112
3346
588
554
544
1524
558
532
1554
554
1580
4076
1582
11768
540
530
3126
3168
1078
560
548
572
8212
534
566
534
4908
570
540
3144
1778
578
564
1600
542
532
572
3718
1558
568
1578
544
564
3124
548
542
3152
4702
540
548
556
1548
4606
1574
532
560
1558
546
6044
560
564
1554
3116
1614
1580
560
562
552
3152
1522
566
534
558
1602
568
530
580
540
556
572
1612
1552
4734
542
562
1566
528
1232
1100
1622
7462
6446
552
54442
10018
566
550
3164
524
1596
552
540
1558
1572
556
5734
542
546
552
1648
550
540
1814
1584
556
4428
538
4680
558
1606
3392
6342
544
1652
2320
536
1582
528
542
1584
1544
1548
562
580
1606
1588
530
6588
542
1600
1548
3228
550
578
534
5308
558
574
520
538
544
554
1606
534
3172
4724
1560
548
556
3666
524
1584
546
3166
3812
3098
560
1568
534
550
570
566
9644
3162
3164
6038
568
4710
544
1614
1606
1550
1626
588
546
564
548
1622
540
540
1606
1602
3124
538
3138
1562
544
1586
8156
558
580
550
582
744
554
1580
3228
528
3150
526
552
536
544
556
4938
542
552
1556
568
1614
1560
544
550
1606
540
542
5958
556
570
6530
3086
550
1592
1616
1558
1606
1586
530
746
6554
542
530
548
8608
534
598
552
1568
546
1570
546
556
1624
1550
530
4414
550
1514
1594
540
568
1582
538
1600
1550
1624
1580
534
9628
1608
1622
554
4790
3188
6288
1810
558
574
1044
570
6058
566
1778
1572
1562
552
1606
534
3158
3160
550
546
3170
1076
4882
3132
574
552
550
1628
6142
536
1548
3758
570
3294
566
12254
548
1552
4456
534
538
3132
1578
1580
1554
7152
540
6284
532
1584
560
3302
538
1550
554
1750
548
584
1582
542
8060
558
574
1612
542
556
556
574
1616
544
558
550
1042
552
572
1588
1562
1582
550
534
1588
534
546
1582
572
538
1576
3140
562
2310
566
564
1560
546
554
566
1618
1566
550
570
1608
532
546
582
586
734
582
3112
8106
572
1530
3224
3156
558
568
3234
552
3104
532
1604
2172
576
1058
568
1556
1560
3660
4850
536
3382
8832
556
572
9066
4784
548
546
2320
4728
3150
538
3166
1608
544
4724
1526
3208
562
1658
1066
1588
6514
1620
552
564
3184
1586
544
1588
1542
564
580
578
532
4920
562
574
1564
1556
1618
548
568
570
558
540
3130
572
582
1564
546
1620
4772
568
556
1594
584
544
546
7004
3166
3096
534
542
1552
3202
1568
544
1590
552
552
542
1586
526
4706
530
1552
538
550
7164
566
4412
554
1782
582
578
1756
1558
1562
546
5740
1776
538
2174
1744
4678
6326
546
1564
3100
5996
1598
1642
570
1776
1604
558
544
1586
3140
1758
1762
530
554
1578
3102
1582
534
562
4746
534
1604
564
548
538
564
3126
572
1612
528
1550
552
1622
1582
6680
550
558
578
536
4870
1578
534
1550
3200
560
578
548
544
8480
1558
1068
540
1582
564
536
554
554
546
1584
530
556
540
564
566
550
574
560
578
544
2172
4320
566
572
578
1620
556
526
1558
570
1548
3296
7286
546
582
4804
562
1646
1578
554
526
3774
1096
3132
542
2806
1568
562
546
566
566
558
556
1580
544
3156
540
556
3432
580
582
1552
600
1650
3256
538
552
1598
524
2856
552
562
3160
2836
3230
536
550
750
1784
1092
534
548
6072
1560
558
546
536
1624
3104
546
1066
544
1598
6112
556
4756
546
558
562
3400
546
546
1602
2206
1758
1584
5118
540
708
3814
550
6272
558
546
3348
1046
538
1540
546
554
1584
546
1540
3214
530
556
