7ff:0:0:0:0:0:0:0:0:0:0:0:0:0:0:0: (total 11)
0 1 Thread 0 going to cpu 0
2 Thread 1 going to cpu 1
3 Thread 2 going to cpu 2
4 Thread 3 going to cpu 3
going to barrier (cpu 0)
going to barrier (cpu 3)
going to barrier (cpu 2)
going to barrier (cpu 1)
5 Thread 4 going to cpu 4
going to barrier (cpu 4)
6 Thread 5 going to cpu 5
7 Thread 6 going to cpu 6
going to barrier (cpu 5)
going to barrier (cpu 6)
8 Thread 7 going to cpu 7
going to barrier (cpu 7)
9 Thread 8 going to cpu 8
10 Thread 9 going to cpu 9
Thread 10 going to cpu 10

cpu 11 cur 11
STARTING...
going to barrier (cpu 8)
going to barrier (cpu 10)
going to barrier (cpu 9)
STOPPING...
Duration      : 10000 (ms)
Acquisitions  : 4110538
3022
1124
1216
822
1028
231058
3986
1338
846
1884
7892
3088
3346
256
1602
796
5198
1482
4214
254
1998
528
1844
3812
1820
252
8352
550
1178
254
669936
1272
1746
4318
1838
2208
2856
1686
5620
1266
2260
4796
1236
2402
237950
2818
2164
6390
1324
350
4234
270
1164
1164
1212
1946
408670
1926
1820
3408
3236
1746
4932
260
1936
1656
248
1520
708
840
1822
814
4592
918
264
1700
4964
1948
708
2822
736
5326
530
1092
664
25944
1046
1018
964
260
5078
3260
242
3368
2436
238
560
1264
2942
2366
6168
1492
4008
30814
1276
1948
3636
984
248
1002
2320
5416
578
3028
138074
59312
704
570
903614
770
3938
5124
3356
78616
2104
89416
264
1694
1484
2108
980
3916
2562
268
2946
3158
902
166840
688
2792
91314
1036
2186
3590
1134
4198
80910
240
790
1302
3740
321978
710
826
912
8162
79910
2186
6254
1354
548
1262
562
702
1192
2648
2538
4722
502
6104
578
4896
2744
4730
129796
2944
680
1642
4118
2008
1030
2696
838
252
2838
351516
2092
1282
252
2710
3240
372398
286910
3446
569538
814
3244
822
1486
2528
264
3304
163080
566
3616
2720
274
4242
2966
6250
3454
2970
1382
926
2334
698
240
3624
5086
1040
248
582
1776
3528
250
262
251222
940
2870
1324
2188
934
515738
170492
258
554
173992
272
712
230824
2842
2464
1018
41674
234
1670
284
141128
252
242
384562
2472
940
675886
3458
1316
600
550
1814
3472
3918
2466
4416
582
252
840
8152
580
248
1386
2630
2756
1380
244
1954
366
788
3482
802
1781450
694
2272
862
2168
1630
1408
2234
802
248
1644
616
4010
270
666
4728
213278
252
3848
1178
2430
520
4218
6612
1960
928
5826
1178
1300
2608
2278
64254
1072
2498
1320
7910
1758
3186
115148
1318
1986
694
692
262
252
1346
4384
1810
1874
4186
1978
334
89582
1166
3548
1048
2764
1952
258
2816
2020
2896
3604
744
1356
680
800
4368
936
5260
724
248
1556
1856
824
7388
1946
590
3034
3122
2036
246
268294
2434
1620
1280
228144
2038
2290
91962
254
2028
2814
397622
1310
563766
908
248
3866
93992
1538
692
5114
782
2218
1786
1266
1264
1686
10196
479504
7910
1274
1490
2798
594
942
1526
1288
3444
3788
248
91196
684
570
846
1418
870
1942
88282
2388
248
1342
700
2094
568
3180
3554
68182
1690
1148
32356
706
3962
844
250
716
432378
2052
630
1570
3292
240
2982
258
2182
2606
246
1262
1034
1188
3512
3558
730
284
1422
872
484
354
550
111084
948
376
802
1252
2380
7860
268
1498
1272
7554
1908
248
1052
850
952
3492
425014
1394
1614
246
3464
2916
49334
1372
1932
566
2518
4692
1678
572
1404
784
256
708
832778
1652
4370
1394
4130
1274
898
684
4516
8706
246
568
262
1070
3958
4174
433012
1666
375778
2236
956
1150
1118
576
262
2432
5982
5460
824
1614
4456
366
826
156268
700
2858
818
708
3086
1304
7668
376
1014
4534
248
1180
398974
686
2214
6238
2720
2102
3480
268
262
1022
2284
2068
3248
2854
796
920
400860
561994
708
582
932
223914
24968
684
494654
2762
1866
903844
588
1806
724
2336
1046
1652
268
2368
2736
818
1028
4120
2310
2086
702
402
55762
842
30070
2258
2566
126646
1150
7176
1824
6406
268466
2552
1246
832
95896
262
3110
1154
1356
143836
1130
2720
5762
698
258
2166
262
1382
140440
5068
792
1534
2208
5764
6528
1402
13870
3052
2248
1144
2978
2380
4016
2446
2400
1668
250
862
1472
268
282
244
380198
4484
258
968
258
254
2812
838
16842
1160
323720
670
3426
994
268
4660
822
1025826
4376
4922
184894
4152
270
682
1622
1070
798
1034
3134
1536
3086
3606
1050
816
2080
3548
724
708
686
2220
2432
2448
1056
2060
7530
2312
670
1552
1736
7766
728
242
3990
268
1374
5886
260
206718
1518
2612
1492
6326
426
361924
276
252
2918
9798
5644
694
3802
3216
1970
1818
1720
546
4490
4730
5008
1332
2466
1374
2570
6486
2494
268
676
1968
778
2630
966
1292
798
254
686
1490
4574
252
1114
1440
2524
674
3480
826
5238
800
1152
3074
1082
682
337676
838
246
3440
674
244514
1776
4412
1172
928
3134
3518
1942
274
5284
3522
1782
254
1508
266
186832
11122
4784
250
572
1270
936
810
252
2626
1040
2038
826
1074
2956
696
3862
4440
2914
19910
6768
3138
1410
5138
1292
120132
1936
1338
2168
706
35764
3110
690
256
1914
1042
722
2232
586
940
562
134732
7012
501250
1174
4434
8130
1350
806
688
678
968
838
3902
382
3062
1416
1534
1512
1822
1564
2116
3760
2782
3832
2956
4236
4240
3572
690
4324
822
572
30348
376
18936
788
2998
2420
2458
258
258
258
808
2400
1756
4056
254
3678
811176
1902
250
1104
1080
13324
590
2364
1184
1946
4602
9448
1750
6830
858
2822
5350
2544
2126
2220
380
960
102702
2440
2994
363616
4816
2896
458200
2230
4104
43614
672
980
3116
2100
4038
240
1184
688
378
3434
844
804
4356
55616
2750
914
2120
894
1488
816
1480
922164
792
256
2700
250758
836
1394
2050
916
794
568
3242
1162
1120
1254
558522
1478
279120
918
1900
682
818
678
930
2472
1162
814
240
250
1510
1394
1258
6552
278
1234
203884
7186
2214
3742
2008
1696
606
670
3264
266
984
2180
1702
904
1546
913042
71814
1910
1144
2654
1294
380
2746
5408
2574
493416
946624
2038
3068
4182
2360
834
2350
2294
3874
2640
1470
708
2240
580
276
234
115530
240
1370
1848
708
706
3930
3536
674
2134
4530
2516
1652
1386
932
6158
2922
3208
1936
76792
1894
924
1254
1862
1754
2854
4424
930
366
584
1692
560
2638
545040
820
602
3352
258
1720
244
276
554
4576
2668
1276
2490
944
728
1124
8012
1318024
1696
1466
2742
1524
1596
2304
980
3140
2154
3092
1268
3624
420886
4020
66
68
1764
37286
1011934
2574
1942
246
910106
2678
220
1272
303348
1880
641094
3078466
4550
124158
5236
1710
2206
378366
1764
1534
1115030
558
1258
6476
1140
3568
1528
1220
1963618
169064
531332
4538
122834
7948
1588
5910
25834
282
4604
238
248
240
2279346
4220
304324
3726
1626
2930
4012
1020
1996
260
127686
830
4098
6598
1893866
245150
3040
4776
244
1448
965880
1038
2812
1700
1210930
1846
1370
1640
3842
1070
2372
2108
1592
256
3750
1706
1610
4136
332486
906
1724
1606
708
476
7624
2012
1636
3500
90618
1232
846
1976
2262
4482
669710
1594
2390
804
167036
378
924
5064
356
1974
1040
2048
3226
6796
2964
250
507180
2358
4340
898
85576
539216
1626
232
3423572
245696
3110
253374
258
756192
4250
26410
70488
572932
68
1618
44912
9500
564
1356
74900
678
743826
1018240
1780
5528
4876
246
336190
2296
906
5766
904432
3934
99920
2240
1942
3032
2870
2974
246
1702
238
788
374
236
834
2836
970752
1846
2016
4912
2246
3272
1942
364
5060
1188
1704
580060
922
934
35546
462
4334
358
2232
3588
4866
2400
7758
5578
4326
3544
2732
2068
1624
2144
812
1190
3640
3052
1019808
2123580
2612
2680
242
1756
5492
2180
476
252
236
2226
1616
6638
5010
1588
1355662
4118
1836
19842
1814
150286
2618
234
65314
1684
1335190
1818
585232
1520
1240
236
4194
5930
1578
1702
2168
4090
2600
2070
2368
59266
1048
2458
2626
910
1600
1676238
1247194
54758
3558
3480
1666
3966
1269598
86484
401086
2548
3074
153274
1854
1284
99364
5738
240
3692
5380
2210
3552
15790
12204
432164
244768
2782
68
68
1910
4448
1532
2506
1108
43298
1928
1498
3734
354
145528
3616
730032
1690
1814
393736
3130
199598
319030
983102
33310
703950
1191088
265204
900
2903038
250
1319800
1180908
532
1644
240
2692
1372
1410
246
797210
1032
397114
318
3648
42202
2656
348
922
358
51140
7222
246
1966
362
1312864
66
68
12846
842
3902
3410
935428
257874
968412
2328
63656
348098
1871998
9434
368
237914
4338
1614
33964
24736
2728
783200
209550
474
1462
244
1804
1107248
60380
1388
5164
15532
7826
1536026
250
1556
4664
804
408264
3218
2252
6980
2204
1370
9808
12090
2860
1158458
2996
4920
3044
6798
1626
1996
242
3384
2522
242
1136
68558
244
1364
1514
2406
4826
4058
3124
1448
624764
983712
234
2820128
2156
244
1364
1212118
1024
610
3456
840150
2040
1994
1658
830
6822
248
2036
1148
246
2220
832614
2556
688
57246
3674
3182
207238
378
256
3632
1496
701200
566
686
2676
7276
1750
242
1104
5372
254
1126
1948
4536
1290
2026
2740
2788
3566
1924
2418534
240
244
2998
350
193750
1018
4958
1800
1462
5924
1864
914
4052
237430
208954
1496
1192
358
236
544054
676
385304
898
2666
1236
3354452
3042
788
1804
230
236
7570
11532
6038
497100
691114
368
460882
562
5910
924
5312
1494
1130
3564
5382
5182
3530
2662
4046
1402
382
2094
438622
2544
248
4574
6200
3936
2394
3682
254
2367254
297362
15946
41240
252
2376
5450
4138
2646
4002
4466
242
5080
956
242
1554
1324504
1982914
1406
254654
80054
2426
1258
942750
3552
6548
1518
2174
2016
1254
350
3620
1380
790
250
358
1318184
242
1276
1808254
2630
298104
1114
34858
3264
1356
165390
5246
8922
3230
128092
891002
1496
601620
2470
4972
1852
348
262
3048
1926584
1830
368
906
1346306
6724
2356
2772
1426
560
2274
2460
5196
113564
900
146710
1638
242
246
2660
2074
250
365954
2178
5116
1520
250
228
362
1468
2102
1586
2492
3642
5592
2272
248
2246
3370
1180
1864
193428
1466
2458
240
1858
233866
19838
242
4052
344
1410
1571880
6340
9602
1038436
1109574
673794
5852
57754
242
364
806
258
135498
199932
244
2930
2260
503878
5560
2000
106140
238
1246
9102
183410
1118
240
1390
294950
3358
2168
1756
246
1702
1490
1840
185988
5674
680
7170
1372
4148
902
248
5220
6926
776
1718
2312
7662
1906
288
2138
362
461668
425790
908
8526
1522
704
656876
8278
6900
804
250
1109936
236
4212
868
1288
236
2020
180788
354
238
304592
7568
4684
1316
629760
46300
248
1604
2190
1974
1194
2586
1472
74386
351692
1756
2012
277050
372
362
6398
3084
720
4022
1418
2488
383644
238
2292
4702
29434
442804
7046
1256
6902
1172
1634
1512
3866
2028
1552
44770
3040
581666
189070
5204
1314
1870
358976
2744
226
2380548
1628
68
70
1109356
1188
1918692
928
3984
1118
366
1868
1198908
7344
3762
3960
3764
410708
1976
246
153150
28072
808866
244
680
3258
11268
112148
182188
68312
240
2422
602544
288292
230
230
4408
4810
74654
46282
2264
363482
1508
5000
3300
2242
4070
3004
2488
240
352
1214
92896
1796
1311806
206462
3540
518234
354
2392
5496
1248
4928
238
3316
817978
28478
28908
4038
3918
2226
1048
7180
376
60040
3534
1708
3488
2738
230
3042
368
1260
260
9346
268
252
1400
228
5822
2675050
2076
3246
890
278832
2334
244
5758
694334
66
2038
113400
2346
356
2110
4606
2026
5102
5636
240
254
798
974
236
368
246
984630
238
4130
254
5906
7428
2868
378
9890
916
4352
5238
388726
4002
356
4520
7414
2614
711716
1028
684
8582
260
232
878
346
1220
3498
6558
348
2876
1540
3328
980
321532
1416520
3270
1330
902
1498636
926
2104
10460
806
2100
97440
2614
1614
260
1780
452
3214
364
946
722
2846
1648
488
262
188206
244
3926
3250
87552
3704
1219430
240
784
11628
352
1958
288000
344
2630
1624
5722
2094
2296
1191464
1688
370
1478
2632
120530
1030
233336
2350
254
6694
5088
2052
463632
3016
2154
912
2066
1280
8874
1778
1580
468
2826
2174
2968
788
1464
542054
5488
3136
109356
616148
4158
3236
4164
258
820
2070
820
531448
248
1993270
4178
1062
682
2336
1912
2358
804
864
534
246
254
4686
6400
3742
1794
1566
2408
3396
898
2509578
3450
382
1778
1524
2638
2282
1688
9286
230
242
2994
368
2078
492
5954
4106
2424
12546
19484
2102
362
22674
1438594
822
3704
394
494
150760
452224
1432
2740
969162
1482
2764
1202
48770
2332
1842
676
1120
3956
6498
7938
9036
264
1906
441804
2058
553660
65612
904
240
2652
2772
826
1308216
266
1992
434294
794
256
3986
1532
836
461166
818
1802
598
926
1146
900
482332
57940
1884
978
4498
2938
1266
239942
5658
1095710
3710
810
860
2416
505746
744
2528
808
281470
1162
3844
1512
145790
562450
6748
2100
3120
4412
4056
3372
12258
390
4482
1179772
1984
1180
2768
189718
946
2146
2484
252
686554
2022
982
1314
1482
1560
240
2104
4744
258
3516
910
372782
2406
254
1952
43600
397602
6362
1182
982
1804
2514
33912
2990
240
6200
1946
66
68
2906
4142
6274
2260
4058
3174
300
241302
382
4860
3042
3248
256
3712
1842
242
1421416
1952
75644
378
2994
1360
1295800
1868
564
908
2308
368
498692
1736
3712
5660
5278
244
1286
3382
5332
1267024
2248
13986
8666
112930
1068056
366
3244
3322
256
39506
66
7016
2898
3174
7418
852
578
362
248
2016
702
1638
570
1220
278852
3200
384
3952
422722
2696
356
1280
1150
4078
68
690
932382
1999568
3578
1455534
1109350
1746
376
1386
708
3786
40352
250
376
1526
68
1296
2718
1832
9304
1114
354
6034
4992
35932
2390
2250
4222
244
23234
980
227824
4906
350
5760
1944
3954
2552
4252
2806
1336
2304
2234
109572
2432
1718
145482
2550
3586
242
1411380
286396
5660
4026
2572
4628
1376
690726
5478
1400
244
374
432
396
428476
4598
2562
220
804
2416
692
702
1106
68
540622
250
6430
812
1568214
2744
5952
2234
258
325896
1530
1348
4958
1468822
600
533038
4238
984
1333696
1448638
398
254
2096
254
5616
1858
1194
352
10836
4270
3010
1540
836
244
918
1230
3930
6588
10318
363024
456676
796
2090
10186
5882
364
2390
290
2244
2072940
5206
672126
1142272
2786
1684
68
2488
254
2332622
1724
252
5372
1666
6248
1876
1252
234
258
309580
1050
255636
3540
1368
1928
7648
3006
2188
2374
6964
6580
1478
68
68
160798
754630
994
6242
1254
157140
4172
164166
171020
62830
1057098
580
21100
1398
1354
2192
596732
403428
4162
1328
372
254
592
1280
629902
686
951266
4426
679078
994822
4012
6388
5322
2578
3673632
1790
50264
140068
2088
3466
250
3030
86064
5162
568
2434
3048
278004
236
303014
2962
291294
15546
258
2430
68
1220
1668
1588
2980
254
34036
1300
203816
848
724414
242
6590
284
350
3240
2630
3964
1742
904
1972
2416
87098
2100
238
7362
1546
1666
2376
2667666
2256
270
688
3204
1926
244088
66
68
642
7650
804
3504
117018
5478
1964
6038
2144
256
7538
1306
1950
8794
2134
1856
7072
238
4156
1682
526
6860
5320
5326
5626
2410
4562
14132
1610
11646
2186
2600
1898
380
240806
1750
686610
3134
24282
254
254
397398
258
4818
4422
3730
7764
286
565022
568
248
112796
2432
48856
1826
8826
1412
3334
68
66
380840
3090
250
17512
2842
2492
4044
6238
7238
5448
6432
250
4306
2080
27322
72880
2916
421982
5244
1270
494
250
93750
2133674
248668
3968
568134
3078
270
1442
121552
9514
87722
934
248
736
360
1738760
1346
1682
2952
3760
3058
44854
14406
930
1584548
2052
1298
246
288
16012
323824
1866
13700
2640
3648
1740
256
7338
1494
850
960
3882
3954
864
485712
1840
256
3976
2930
609192
5188
244
11492
490
6758
5860
256
4998
240
256
3462
2900
3654
1400
242
142026
155868
5420
6168
2086
48264
1056
820
6028
486
364
1866
70
812
1850
2182150
1632
1122
5158
4638
6332
240
7044
4798
134614
1166
252
254
1996
1402
5290
29862
1486
2498
1226
5474
115672
2656
822386
5210
918
2364
3636
2548
504
1099696
702
7468
2738050
1262
254
3812
4946
5148
6198
700662
1528
270
73288
692
2380
4860
428024
2110
4250
264
1658
956
44342
4784
769560
892762
1366
3934
932
1880
8056
924
712
10190
2586
4114
566362
2540
1727314
1488
250
2232
66
68
1448
710
12058
1416
724
246
906444
4258
4710
1970
1422478
2796
1460
2416
542
422882
5536
2518
1506
700
4490
8332
8512
2074
2782
5474
1470
7470
1576
7236
1190
1420
2160
11708
280
720
1138
2420
268
948
431638
3618
2322
120316
4162
1930
129218
2512
3258
2030
236
262
1192
2869014
604706
2408
1536
478
6114
1524
3626
5594
2090
5570
1168
578
3372
2180
2490
677848
4496
645142
1770
1372
352
378
2882
4206
356
808
3058322
3942
3128
3548
2258
1394
825192
818
256
426806
942
815438
254
270
5764
5684
3200
372
580
5208
1116
1766
244
1260
1060
796
966008
5408
898080
3628
1696
1282
702036
513638
3350
3312
246
3840
1382
254
345080
2132
10670
66
66
4244
236
3782
3668
1158
2910
1668
476580
1474
252
1948
256
1050
6448
514164
3024
208174
2490
6852
790
2788
3364
1494
820
2064
1560
1856
3414
2592
462
5322
714
280
262
730
1304
2706
1360
688
256
244
22620
3870
75846
2896
4414
734
246
1746
2274
458
1536
2172
4894
7328
1802
10752
3958
1788
11818
2908
1040
1254
4088
4442
1216
66
68
5454
824
1842
1286
7270
4966
6976
195480
2194
6988
370
98936
16926
258
2680
8512
338884
3424
5012
5886
137036
11110
932
1362312
2076
244
5414
1712
1636
4740
3174
290
2300
841588
128876
1180
1692
191676
806
256
2276
19642
3884
11820
696
242
704
10568
684
2280
2680
3840
2700
4782
5948
2764
1350
4078
5820
3786
1664
2428
2240
237054
3632
1638228
399950
3640
5082
580
3132
4576
52808
238
382
3962
698
270
1870
8476
254
558022
928
6992
28290
2246
1386
2652
734
102932
238
356
2094
700
254
1099634
284
1626
5920
230
14534
1494
1201770
12798
254
54774
264
840
533600
7382
2850
294028
258
1041936
2164
242
2780
3926
31226
376
1060
189934
3664
3004
2038
4074
357262
256
630454
41122
240
1944
3022
1742
1140
400756
82
500940
80
3960
1024
77504
1600
264
4386
391780
134724
1486
1024
1000
4648
236
1970
653738
2052
21866
254
63000
880824
32488
2954
68
68
139938
254
2066
13722
694
64882
2774
28568
784
240
2218
289710
1361658
3178
1592
56576
1898
248
2708
962
792
471886
890906
252
706
2288
1016
822
1606
68
68
260
1554648
1060
1002
6736
1022
385486
275308
454996
27394
3094
998
71412
1734
9496
1322
558
168172
4702
692
149412
1942
888
880564
1020
1139880
1354
624870
232
4068
150168
64638
786
4692
4462
164656
167654
537278
2876
1104750
3558
2088
2922
793882
4634
256
230234
2142
3118
250
5360
1439510
242
2708
577536
2514
49412
272
5908
274
4342
36712
1660
240
1526
512018
602000
27324
8598
2058244
268
1518
58482
2248
252
1729764
994728
887050
1832
7998
630854
1672
82112
288
4179244
459416
6472
1726
726
146280
1924208
86218
1075166
1466
5266
82
483526
157070
75162
154438
61490
258
1036
3168
2372
2322
254
53096
332392
244
224
9278
336428
1956
1418
1869184
4976
2346
1012
947548
900
308676
1384
3650
1262
91934
1378
1233276
232
151568
46550
1180
558252
1324
29828
704
461318
168498
2740
30884
1450
2996
54222
1950442
1336
1816
68
1744
2630
250
4936
2786
935508
3064
3878
68
1506
568
2058
1802
1530
4382
326554
250
2040478
1267226
1988270
779624
121076
651832
942950
258852
686
85528
292
238
696228
3260
258
8754
80
26114
286908
3042
1506
339950
602818
252
109370
254
275234
2766
653468
269696
2624
660602
606164
3978
297396
698
140610
495150
688
51208
251086
2192
123126
1674
1046454
690
1047770
2358
4084
3646
2166
6416
2074
82574
2228
225792
1544
1566624
276
73218
1566
134724
570
547714
275392
499682
2514
1190
1004
760760
2362
707410
3648
223216
936
8264
238
5280
1372
2372
7318
4094
2616
2486
1410
1552
2190
733064
302388
29936
266
238
3734
405538
2794
156004
250
254
31088
107072
802946
25926
242
13542
5520
4084
148404
1060
82
68
244
244
2310
838286
283982
4850
180116
244
916
1450
250
961086
6412
1242
107264
258
1116
2196
3148
2490
1600
3998
1754550
1238
245560
2380
1940
5708
1746
240
1368
105258
3584
68
68
792
2426
174024
1246
276
2004
3272
1026
1390
4880
2494
10300
3380
238
890980
299290
35202
2848
152448
236
2484
1032
3706
240
704
876
272734
636616
278
2186
1634
242
804
686
325758
572
8168
308164
3782
1234172
137166
180516
2074
572
1014
48340
2312
3196
5506
1716
185028
1764
5368
2222
682
5180
4098
1316
2158
1254
34266
110346
3316
140936
710
1828
224474
3166
13704
984
252
461954
1478
494
68
68
68
982
4930
68144
5074
596360
5584
41672
31884
1248312
97276
1598
794948
2222
242
467190
245224
1892
1456
68
798
1110766
3498
2494
262272
3956
1120
71434
834
4159312
3020
2080
2688
2708
68
787130
1580
134278
5716
1870
252
387952
2068
7414
4234
2832
17898
242
155670
789398
1150
765244
1854
1086
240
115134
6888
669616
289684
242
4778
242
49034
2094
107564
76170
68
260
214426
1696
678
2060
1666
285428
97636
111396
979890
1441244
173706
222
258
254948
256
690
541250
3102
3768
2458
1130
580
244
258
5874
1804
5258
268
772558
676840
238
242
2638
1102432
2334
966
786
1752
549970
794
1150
1260
2420
910
2322
1452
32826
286
1022
1536
2576
124154
1476702
2492
89074
1628
2882
1904
1748
5526
708
1036
258
149606
3668
704
2158
1264
3058
407934
992
70352
782
380222
266
1804
248
688
224
252
3140
942748
846
96540
1652
2986
1700
262358
1037332
465252
262
1618
1236
2552
4600
95318
918704
260
2068
2382
5910
36304
764610
2606
4072
3192
798
1246620
938
3404
2218
1534
31396
2146
1458
32234
1668
2228
246
103786
2958
4990
1862
844
2174
242
2236
684
258
1670
82
1790
1062
524042
244
1120
297126
5602
352108
942
106048
133344
1828
688
252
92458
1376
1033360
117704
1668
254064
89788
1716
1764
7160
660584
1391520
236
433602
302584
242
2262
622118
2014
9238
1742
76462
1530
1983462
2768
68
3814
4074
254
240
149194
2520
60992
2000
1180
252
1030
77958
68
1488
68
2478
103756
645604
702
1034974
260566
373406
898424
918
6472
960500
2968
1054
560
4188
3174
562
800
838
402832
1059504
52590
1392
2144
3178
613156
390202
702
5598
5884
552
353840
788
2126
2298
258
2272
1204266
258
2374
2232
268
1630
821210
36456
248
696
329508
1804
840
890
341656
2152
667882
226
706
1634
4234
570
1778
1134
3010
262
1254
15918
254
3726
930
2208
3416
1776
3358
2890
139492
2680
252
244
1960
284
2064
416438
163590
242
284
29444
7996
1072
327560
3236
325996
155638
136006
330294
2356
4628
240
806
3208
2398
3180
2504
2060
2014
325450
4026
1048
5464
252
1522
383360
746112
1528
159020
6798
1918
6592
2374
2902
3998
60720
2504
1118
3288
14292
5084
2422
898598
244
2300
2692
708
4078
1984
58238
819470
212
20022
796
6332
9218
4002
2344160
1458
804622
4524
1946
72576
644114
242
1256
844
2078
4054
680
1468
3672
874494
159528
15014
900
668268
898
29642
193340
1568
26710
575636
72334
28262
970
246
844
3376
169244
662
115072
262922
274736
250
1274
673418
128854
66398
260
315538
64330
788
1052
236502
568210
789320
270
618768
2016
256
3204
9766
68
444870
1546
248
82072
2288
961246
1613444
500410
1694
74208
5312
3448
3822
1014958
564
1034976
678468
1102
8480
442864
1736
111948
485748
1688
1356
680
101434
715574
2350
164950
3450
10084
2086
686
1054
399118
19322
232
688
256
172640
1010
273838
1236762
6094
1262
342700
3576
380110
796
268
62016
808
706
254
85364
646166
515992
607808
3124
8352
499668
820
193250
254
210080
244
262
287970
3248
296
83194
2558
1128528
2350
1067432
1398
1375912
4494
272264
1396314
1748
3316
1794
94766
6038
7484
865580
7858
372584
901162
172036
987550
1506
818
1686
2728
1021564
4000
1280
996408
1275650
119490
2526
1052
4878
248
511328
48552
3186
4186
3868
2172
147020
143324
81400
1146
111264
153166
1620
172902
1130
4282
2824
686
1602
1008
251546
1684
2104
3802
1492
1440
798
898
79536
290
2540
932
2402
2048
266
884
1948
5436
1844
2526
1570
274
730
601344
3068
4418
2466
584
1120
388
1036
890
3578
822
4220
6278
4924
910
3082
1280
378
676
244
2378
1994
382166
1470
676
1354
4090
6936
936
1180
256
1412
2018
1190
248
2880
740
956
1354
2342
2002
618
4428
3806
4206
3958
402
23208
2030
1836
1526
1214
1166
242
2032
4068
1802
796
3258
1478
986
5342
3794
4680
146168
578
2226
1908
2388
254
3082
3038
159322
2622
588
676
2640
4688
2884
2228
252
7234
688
5120
166886
256
578
912562
2904
254
1586
2164
3352
3150
256
5236
1634
3238
6370
10840
696
2356
688
4008
260
3130
998
1752
680
1726
680
3066
367626
248
914
2640
3046
726
244
1276
1074
3068
818
1508
1008
3290
684
4848
708
1722
1395302
1594
39214
622826
1364
2718
270
2706
2716
256
2362
3534
886
1840
1976
2200
500168
2684
436
68
668
892
253972
3136
4632
21238
558
2452
1408
1700
1704
2828
1792
250
55750
2046
2948
5900
1838
372
1390
78008
602
2228
2066
1180
2330
1798
674
6744
14824
131184
2140
254
1440
818
1584
1882
820
1912
2354
5126
806
512
1630
1762
942
240
938
804
1402
6556
1918
260
1048
1350
930
242
578
1684
4642
260
262
2996
2348
416
288
716
678
728
774
264
2698
504
397978
1612
1176
246
926
836
1080
1484
766
46452
2630
4166
1532
2536
968
300
29332
592
4786
49250
188780
6536
1342
5844
1712
1144
722
676
924
2416
3652
236762
1164
1302
534
2380
716
918
2142
1590
154410
193098
8940
2760
1708
1394
980
579396
566
1790
1062
2226
1476
804
1050
3156
6768
4626
2184
1658
376
2578
3726
667512
222502
1180
1656
1552
3182
820
35590
1692
6122
2862
1670
4600
31150
946
262
254
290494
5484
1854
262
3682
1600
794
1872
2076
1944
336910
694
2358
850
696
1026
1496
4542
235242
149614
786
3800
1904
554810
1234
250
3336
4318
4086
624
175818
1178
708
164846
2534
2430
1274
2286
718
1672
706
7660
75268
2930
688
4364
262
8468
1518
1454
828
3356
1688
706
588
2978
698
4002
1444
4966
1364
802
2422
5644
3408
6752
240
2118
260
2056
3252
1236
5160
2154
1530
570
724
680
1612
666
2606
1176
8690
2144
678
1816
668980
570
1878
972
536814
814
1826
5450
664
844
2322
1716
406524
596
10178
2352
32162
2162
1652
244
4294
1724
6372
2370
3336
1392
280
1100
306176
2368
588
1382
3002
1578
1668
2392
802
478
5690
952
1490
2904
476260
2056
940
1514
244
1556
1862
862
3784
2768
1246
926
838
608
1418
836
1952
264
147134
1038
99438
1628
580
1756
1880
798
254
262
818
8176
300422
964
7938
1250
1134
3950
3996
8764
3926
382
3790
418030
2744
964
1524
7896
3324
2408
6608
1532
824
311508
2408
7168
454916
159880
1038
3408
204714
824
694
830
674
353806
244
838
1482
808
236
4462
284
260
718
374
640
1318
1288
710
1134
382
1044
2352
2160
3802
268
296
1048
268
1634
1604
798
1356
1334
6476
2150
1082
2726
116082
4716
207922
970
1552
982
1800
5096
4168
692
4890
131822
822
1482
1802
968
3576
2204
2764
714
792
1898
2230
4444
89304
6954
4276
262
1060
179900
2502
1050
7616
2686
3066
238
1902
584214
2020
814
246
2058
1040
560
2516
1494
2152
1562
3028
1510
6230
1930
6194
2666
2744
984
1532
3742
1082
156984
258
3300
4206
262
752
580
950
940
54332
2812
258
2406
1154
3980
802
572
7008
272
3444
772
1872
256
1290
254876
2326
260
1624
96072
1254
1116
278
260
2162
2932
2844
4132
3194
300
9026
2360
7230
1224
714
3332
1104
3314
1244
275400
834
2996
5718
3050
4728
1436
1528
2752
1668
3776
2632
608
2094
1876
4362
4698
1558
8152
866
720
5356
800
500
696
177892
2992
930
4710
208068
708
2148
1612
3536
2342
3116
1102
4008
674
1374
850
3804
822
2162
6198
1074
754
1712
2106
3194
710
812
2366
4298
238
2190
1274
2612
1370
4236
9178
252174
1732
3780
4542
794
103816
1300
1500
440552
1438
822
980
828
708
1818
816
2646
572
1354
946
27302
5116
3178
1874
1046
1754
1532
808
4974
3486
826
696
9910
950
337022
1780
1296
97242
1038
502
21588
2402
790
167118
478132
5550
836
1598
3932
2658
7660
105688
3152
1584
4990
1378
888
2106
884
2394
590
3390
708
2912
1142
884
233690
23834
3042
2418
1008
1530
220408
812
2784
1130
936
2102
103094
6106
286
1766
908
1180
3940
1598
560
922
2404
268
1690
580
1748
246
1762
5758
710
240
904
694
2502
730
1276
8566
700
1036
1578
842
798
1014
61082
88412
262
261670
278
2092
165326
2486
1028
3262
816
2308
442518
314994
258
1124
1834
402
1078
204444
1626
8000
2082
47796
2214
177548
556514
5738
4016
4028
592
6710
1070798
2398
2310
2922
404428
844
3358
2028
4298
2858
834
232
1202
2660
5806
3714
2200
5046
584
2718
298
1259380
2354
696
98050
151342
2908
1260
726
2552
3106
2214
2660
399888
2054
3356
3250
826
1004
938
846
1542
908
790
41748
3044
2422
4378
576
414
3012
844
4896
1754
2836
4048
1946
1754
2320
2718
1036
105522
974
830
812
1230
3692
1414
3086
3666
571458
2198
3616
838
920
777714
562284
780
392
246
372
85924
1894
1488
696
812
1274
672
2070
932
2768
6474
326152
980
1946
3606
5724
1530
1256
930
3216
804
826
1544
800
76372
121226
420130
1418
431986
4000
2330
1172
2870
2974
266
352
2776
1822
4744
710
682
4236
7270
676
115074
1868
1808
1100
932
2202
3312
1464
1898
724
726
246
2158
1690
248
1868
3732
678
2882
2078
1148
2086
1972
284
260
1368
4146
964
1172
5308
1466
2640
529530
1104
1024
5336
2702
704
2046
7070
5142
924
1878
1024
1502
2228
1684
2574
244
386
2868
954390
1620
4478
252
234
2282
358
250
1360
350
87982
1071766
354
372
7238
5748
5208
1258
930
1726234
3000
162118
4182
1148
246
252
354
386
248
102510
7716
5980
3832
5930
352
1545684
5252
4730
1400
248
20848
6436
157732
4624
2074
5784
993186
2598
5052
7056
2598
1856
422
6588
3900
4082
7558
2368560
268
3792
8534
842
1770
8558
2304
221514
1276
398
1508
252
2016
2078
914
3230
3460
5430
2516
1268
381120
250
166558
810
51758
2080
2251128
718974
232
268
254
5462
507944
7048
5506
7932
4826
248
2212
2874
4996
1964
3692
3008
235734
5918
912
240
246
240
2224
2059014
1920
2220
294
4544
2494
687696
1604
1256
260
368
4570
211228
958
2652
352
9958
34584
248
9632
1712
708
790
1050
358
1272
2504
216
2646
4412
3142
254
2768
2072
285722
1058
602
7294
252706
2952
57940
13016
1260
3040
520712
900526
242
14458
1732
6400
2082
1626
420
7472
1510
236
1653130
906
1790508
4942
2540
256
7078
4356
366
970
2268
135804
2106
678
2074
1026
507686
2378
1608
280
545392
1578
4116
360
649744
266
254
4422
508406
4278
2764
346
2994
944
41660
1226
7154
2626
12456
358
258
1358
710060
248
234
296
254
278
16054
363784
940902
354
400
756294
1174
2368
2904
2664
3276
782
10864
996
236
100828
1448
3926
201136
5098
4816
68
650
282
862638
234
2648
5948
68
10730
695928
7204
2766
1280158
1052
1872
2436
290
1076
5116
1028104
1716
4592
3148
9606
8986
478
1272
822
3586
3534
928
1758
2070
256
1774
968
1434
247708
252
240
2030910
1104
2500
238816
416
22138
248
2666
2100
4356
1043260
2868
250
940
5408
1820
366
163926
2333682
8972
1872
2628
1126
246
3092
1942
3862
1338
1298
236
366
4796
338
3970
4068
1168
1410
688
147072
2670
248858
386
744
1874
4694
8220
5236
374
1532
2840
5386
22368
1776
66
68
284
944
256
1750
1350
3234
2862
1502
1256
2836
1252
4368
820
520194
1092
1356
3636
1030
260
2352
362
1530
3454
3552
516
2356
3514
1736
4982
2810
429814
535368
2316
506348
1282
8278
1394
1700
252
816
1864
920012
240
3684
358
244
1103512
1419342
3424
356
193720
380
4082
422
4386
2620
3184
2722
2392
1668
6966
1614
548932
846
1602
1228
3800
3808
117204
358
2768
4510
4386
5670
242
112942
384
46556
2966
2778
2156
156262
28638
366
4564
7606
495472
1106
1768
1046
600
934
2926
1742
1592
902
1722
3058
8558
844
511334
66
68
103450
4704
12576
11316
628
1508
1430
1100218
232
3198
230
5100
206954
250
3354
2514
1404
7462
796
5468
284
1398
2712
2222
252
1670
1332
3482
766282
386
1183010
777946
5410
248
250
1478
1394
144218
370
278846
1270
6552
894
5926
26358
230
4612
250
126930
5390
1464
3570
2290
5610
35052
384
1446
542814
521314
978
1080
2904
1004
1044
7546
113128
3634
470854
680
1670
1240
163784
10310
1000186
6848
2285358
307952
5104
238
848
368
252
682
252
3332
1832
6918
1124
1486
3712
802
4694
1748
329774
346
3072
255038
248
3142
940
6970
1404
1766
1414
4612
2290
2040
147244
4642
904
6276
1576
2064
800
2284
2868
366
5008
8018
6196
7116
1542
1684
4004
1606
1578
3836
242
74228
2966
1904
1114
2678
1610
1304
250
3900
924
1122
684
9062
217724
250
1164
1942
374
3856
237882
5140
602
2084
2282
1468
348620
1245340
1292
4482
2210
1708
1632
3536
1260
68
1694
375504
130690
2288
2308
1242
1496
252
4004
3886
1666
1176
5656
3244
236
1012
960526
3356
1470
932
2506
6008
6690
248
9152
1904
2036
2630
4492
4142
11370
256
2220
672
800
10298
299178
1286
2404
1556
333010
1020
1354
264882
3022
7452
2920
4032
368
700
1186
666
14606
3750
258
7804
1040
1498
678
648024
1732
382
6940
1383890
5814
2172
6334
1570
2708
2426
6576
1920
482
400548
344
1430
1614
1214
310618
1116
6662
248
365956
2510
2066
2842
305328
794
3864
1490
3322
3324
119536
2668
2790
530
478
3812
562
5922
4756
3844
1402
329028
358
4188
3006
1750
2410
5250
234
1252
1532
6134
364
3610
2784
2116
5944
7584
1168
2752
372
648748
8780
3068
1420
246
2556
1546
472
240
8538
1411636
1582
1364
4650
516
938
260
97186
3214
5140
1354
291820
250
1578
466
6562
1014
1918
1076
360
2164
284
1962354
2394
3162
3078
4418
5270
4264
1626
3980
254
1558
890
6828
1634
256
103630
7234
778
1950
246
4152
4352
672
250
356
3332
4322
174950
2316
2076
2364
3198
3206
372
6374
238
10796
138106
1056
7984
1506
464
1494
256
1574
4814
8254
846
6766
392
2568
574
744
1280
374
4406
3974
794
137964
242
1365940
684
252
4554
242
1510
6030
2500
1202
2244
344
2652
107332
2020
1258
4200
1482
1268
2868
7024
264
1346
2402
4022
258
4426
68
2432
1524
384
1609010
2168
424356
2214
1530
710
552
2578
712
2290
916
10688
1120
89288
2670
1492
2712230
1580
4576
1732
952260
2962
2252
2848
2084
4038
390
254
220
1760
1126
1354
974
366
3440
844
4654
546198
1824
3384
3536
5930
1354
392
3424
1112
906
242
388
1258
1438
2328
6578
11366
256
956
3318
1748
3832
294790
197248
7722
4864
912
10088
1108
15778
2500
4358
4180
3154
726
2404
446846
242
2050
3762
2146
240
2452
399450
3590
356
5568
528758
242
640390
4704
1092832
4368
268
2740
1248
4190
788
236
5636
1382
2794
68
68
2596
5730
250
390
984
3816
2282
4258
195898
1534
3000
11258
250
730
8174
4642
2300
2556
356
680
3976
574
4522
111292
380
726516
366
1790
3374
250
1522
1916
3140
248
806
9966
3334
452
2724
1028
566840
2288
248
1554
666
1878
4118
282
2312
5444
234650
2178
531118
1542
211822
6512
354
1490
780
2344
1886
4662
46002
620000
1512
374
2942
4992
269238
3208
5512
5314
68
1052
1048
1012
810
2304
4916
1932
570
9188
1918
244
250
1714
804
9712
1086
4326
248
818
1466
984
11964
10900
936
6342
269324
354
2944
2197260
1146
1960
1716
262
1720
873694
262
4872
1950
5294
3984
1290
246
534594
256
1856444
13828
494
1980
2630
238
3202
1198
248
1248
909886
570
366
240
3546
2580
5264
256
1954
1972
254
6604
3534
370
250
384
1262
1246
404
3848
5056
184218
4834
546218
1964
342998
1488
1282
1819690
250
3222
370
2524
256
1546
5526
1576
250
268
5600
1722
236
288
8288
32514
1830
2016
3346
3232
3844
356
5240
256
3270
10046
860
2854
370
10092
266
370
3266
820
276
2020
12264
368
258
247640
3634
256
13434
1040
1662
1184
1554
4072
13630
256
68
66
234
702
1769284
250
2404
6146
276
11244
7782
1588
642
3394
1266
712
3796
252
70
70
4798
1878
1270000
632
7016
8462
1254
2486
6908
1738
6522
1296
494
3730
2588
1460
2250
12652
84
70
1364290
4822
3702
1952
902
204996
68
882
1484
2450
1272
3938
1122452
2352
966494
230
2206
6040
252
244
5978
680452
1384
1142
3468
6480
6824
246
2762
5844
2502
2070
110886
804
1376
767270
268
2292
270
3912
6164
2526
240
2658
1804
68
1716
1372368
264
1646
2918
1254
832
242
9338
252
1702
242
372
4328
1488
1920
242
1586
1206
2052
700
1610
289104
364
1856
4286
4076
8322
2126
248
264
2418
4738
8732
1470
250
2554
2106
1312
3680
234
1698
7844
2628
380
714716
256
7432
497796
244
874
2388
560366
4896
2874
484
3676
256
4808
3748
236
6094
2110
3816
378
2202
488044
708
390
2712
1422
692
68
68
4320
1844
5456
378
1535032
11212
435016
1718
1292
2874
240
854
3226
258
1280
260
242
3656
7354
9704
2186
4758
1804
1794
242
2386
4904
1920
378
3812
430
256
2014
254
7322
5512
3654
268
3312
270
3586
294
254
1102
1734
7086
3576
122202
258
248
1254746
3040
1780
10042
1492
4288
6112
4948
822
12784
1366132
6592
1330
9494
2726
696202
1468
32398
2532
682
52048
1324
1742
3064
4940
264
2174
2090
2430
7274
3154
1843456
366
9188
3074
521718
256
696
2178
4384
66
2094
4236
7114
68
810
2206
5842
3940
1502
74344
1040
1268
612820
548
1700
610
1532
1272
498
4660
367082
4320
66
466524
3244
1544
586
812
149422
3734
254
6066
254
1882
3448
6134
233084
7322
968
1782
6472
4300
1022
1128
3464
3494
4754
5764
211032
2998
256
1950
9386
5782
1908
2452
4910
386
1044
537212
22306
36124
820524
6290
1470
3598
1136
2347952
260
800
250
354
3490
250
2695528
2058
8952
1766
1896996
260
254
1994
7384
4890
1576
5788
32490
66
3780
818
372
1518
5950
684
3812
598
2600
107014
362350
3224
1468616
1188
4060
2158
1722
502
5946
1876594
5940
3080
3888
586328
87216
252
2626
4784
868
286
368
2408
1460
1896
4986
6164
4550
4170
278
1280
1464
712
5490
2612
1260
87108
3410
3698
412
3736
1978
1618
988292
2348
68
68
4042
910
6204
357050
1140
258
3116
240
2196
5428
5320
1526
930
1058
380
3542
258
5414
1042
578
68
66
498
4360
703172
842
820
268322
2086
273982
50726
1302
5478
258
7618
1472
4030
5006
810
1412
4122
282
1988
3082
2342
372
1888
2484
2012
398
130698
2316
24968
8374
1596
2954
2264
1972
3428
2046
2308
18566
1017462
2142
6196
2176
13688
2566
2282
1114
3592
405064
1044
3536
710
2066
690
1014068
3126
2548
4630
121476
380
262
3886
408
1032
2118
3880
1407576
72
6838
960
5156
4900
5654
1260
274
1070
254
256
24412
3698
4264
2350
1032
252
6610
3726
1180086
256
244
246
2608
5716
260
2742
4058
1278
254
1204
376
3450
606856
250
5870
1481742
802
9690
12982
1986
242
3478
9276
2182
256
6278
2508
1494
4946
798
1384
2552
7186
6826
591076
406
2706
2102
3066
1752
1718
1354
250
5154
1968
4796
1726
1562
370
712
3986
804
64458
2426
2950
3724
68
4712
399792
9122
708
3662
14570
2436
294
7422
250
3187766
6672
252
254
197336
1744
258
1070
135292
4716
1394
372
268
294
1020
1538
3842
2020
81726
1402
1334320
246
1144
10512
7566
14148
3294
404
5188
1382
402
5476
4704
1980
5792
2540
5400
2256
1226
1086
4644
1322
3670
1006
1962
1850
5224
2880
1838
2466
1944
2314
996594
260
1772
1642
5732
4438
3848
2032
3098
606
252
2278
6390
934
1408
1352
1036
124898
3870
6148
2476
820
3600
3578
3180
3532
1432
264
1122
1294
3206
406
2400
1158
2048
145530
804
240
376
1630
2994
1790
380
2160
2842
207148
2124
2208
5002
378
5808
210898
68
68
3092
3834
520
1784
1738
1904
5378
4586
2608
6260
1388
3526
12086
8330
2402
2854
3182
256
236
336
3880
1426
68
68
1164
1484
7540
2837386
378
424
992
1186
1258
5282
73498
364
2846
242
706
73762
1748
163800
3486
2698
254
832
9720
2682
68
68
15928
1174
5528
2196
4118
2406
6224
378
3598
802
2930
28236
3852
5048
5282
1530
2762
2004
836
4168
1952
374
4478
1058
2542
256
5538
1372
834
2518
596
2358
2272
10778
378
68
66
1260
1462
1372
11756
1276
3050
68
68
4610
6558
632510
7714
5466
21758
383716
11252
2058
1246
3638
1608262
1210
28588
7604
315156
356
654752
2146
1784
11306
250
838270
254
2470
2156
305460
1494
5946
268
319954
12018
846
256
2518
2138674
2878
1536
256
2854
3040
266
1244
2060
958
1806
4132
5386
65716
759256
690498
5232
3142
6698
1168
548
1970
4628
254
426822
3426
4756
698142
1506
66
548
2892
366
4556
8472
4382
1196
518
2370
258
370
3344
1442
61860
480
3662
1470
338
48112
1462
1544
2056
270
2300
28286
3616
238
374
2394
240
3576
788
480
103644
692
798
8148
2146452
916
1464
11874
2094
1448
67670
1518
2272
686
152080
1184
1068362
2170
256
254
68522
2560
3332
1348654
2186
982
250
1726
1764
4444
3678
1132
3590
2628
1234
1530
3400
2236
2082
1406
242
270
1194
274
2012
1988
3992
3970
250
802
1790
814280
208126
278
1838
2414
250
5260
8030
1386
3604
4084
6840
254
1244
1530
1052
258
262
254
3390
244
1278318
1140
8670
1136
3104
216
3654
904
70
1337680
2062
3298
266
1506
29506
5310
2922
1570
1520
2250
396566
1880
1918
2910
7792
1300
904
130034
1774
3658
2078
236
706
4572
1236
276
266
956488
58056
1108
256
2850
266
240
5036
3546
237800
5762
105156
266
68
66
10496
2214
1990
266
240
3178
2082
240
244
1632
3454
3758
264
670
2084
1986
2672
3042
2766
6968
9124
2242
272
1120
1466
2220
4174
3450
1358
103644
730
706
2876
68
70
41336
3112
85454
250
3040
1004
276
232
254
688
252
3754
2522
1806
3976
3322
8094
240
3224
1916
2952
1500
250
31282
296
250
240
258
1202
820
2988
7692
8580
238
702
292
3174
3884
830
244
266
2884
680
1964
2442
924
5754
1814
250
1634
1792
276
806
904
1106
5038
1568
812
246
1050
252
280
254
250
250
3452
4034
800
3926
68
2680
4960
1392
4546
2344
1942
976
1492
70
272
236
1498
7544
68
248
3726
288
838
256
2934
13944
260
2770
1398
280
2492
3348
836
2078
5624
242
280
277558
4764
614944
4508
260
902
2152216
670
1944
268
3322
7588
5914
128778
250
254
1820
1280
3318
1308
3368
1384
682
290
5158
11032
4656
1064
17088
1474
1104
18854
252
4962
284
1140
4232
1162
1402
3770
2832
1944
1260
2612
195452
2284
4634
706
252
1668
250
710
690
3332
246
2054
5988
948
658
582
80
950186
256
6612
3252
1708
1728
1622
2702
276
250
3478
258
6112
58296
1258
254
682
1374
2526
1356
12970
248
2690
4020
892
2456
2740
4934
21622
487518
3072
427918
244
250
686
2642
4820
284
246
2612
790
246
178380
260
238
68
21014
1198
5606
254
2814
252
2758
264
1793686
1500
2212
1231526
1038
1480
280
3000
256
92700
276
6474
3800
4006
69960
4178
802
10238
2048
34952
844
2738
712
2548
6198
274
248
1920
3139612
2162
846
288
704
846
4278
2610
3434
2079038
566
2508
1202
1236
882424
200796
4370
1034
1016
2184
2340
133726
10884
258
1196
4692
253822
276
270
940346
3434
1030
654
924
5118
1570
3658
310344
2360
1056
5074
1236
246
1730
1482
68
68
250
7324
282
1246
5832
776
4004
254
240
4594
1554
2936
252
1020
7256
708
720
1532
3470
3172
486334
37982
1256
652
236
256138
2104
254
240
3406
417542
722
234
2296
589696
3726
248
238
684
1490
826
3314
87488
5146
264
2632
66
194396
1168
676
6422
2910
3362
252
2398
1668
1140
3398
4116
4886
4374
3286
1634
1724
684
2294
2682
5068
7696
1066
2426
274
1892
570
3116
1260
4008
806
1160
254
584
68
2232
1364
250
1098
2374
1574
224
996
1158
1308
1936
4120
6600
238
254
2274
1480
710
3538
2164
930
3188
2636
3252
2970
1510
2058
688
240
2072
1764
798
1840
1796
234
2496
1142
66
68
177412
1390
4074
266584
942
3454
800
4136
3578
8144
1590
9408
14208
7568
2456
2360
570
1988
68
384586
252
4900
6056
2582
1398
10028
3310
1942
794
2010
3496
1764
4276
224
834
262
1710
773716
2138
139788
2028
638482
676
2628
2670
264
4688
3196
4406
3034
1342
244
234
5282
232
4954
1270
1256
3682
164386
1252
136456
2358
1490
276
250
238
6674
1256
2102
896
1454
240
1480
2356
6414
769576
2024
2930
4252
1188088
2006
2356
10154
350414
274
892
1940
175514
250
3204
262
942
832692
3022
12460
236
17294
2570
201224
3220
4060
902
248
1126
796
8126
250
242
3178
250
68
76
1392
3316
3976
252
2232
2734
55010
3952
2060
2312
4792
1858
2650
2648
248
246
2882
19464
2884
4084
252
232
940
818
2794
33238
2310
254
2920
3248
2876
3974
2578
1024
3900
2576
244
99152
1275964
16928
7850
2552
264
1626
68
1287012
2580
238
3458
248
2438
133138
1786
254
2424
7452
2682
252
254
1630
716
254
1822
2566
11416
252
572
12664
66
76
1784
104232
254
29336
32294
3072
66
68
1746
242022
385122
2080
3904
254
2498
2640
1868
2084
1490
5228
311798
5132
2602
248
149066
2542
1526
244
5378
256584
244
1340
800
684
1524
2600
1608
1138
254
1390
250
254
3588
1966
108630
6954
4448
250
1382
4836
4254
1806
4428
3410
1644
2056
2042
4772
708
260
2628
619138
185416
252
278
9020
2228
2922
1340806
8866
1396
3352
256
286
12628
248
3228
7666
54342
1718
1458
2628
252
246
29016
720
2362
4760
160666
242
695872
1938
2952
1234
2724
250
934
2866
252
2550
3634
124012
466742
240
286
1594
4560
1660
842
276
9546
1291404
2418
3176
2484
1554
6440
66
68
1722
250
238
134412
4962
2438
4228
974
4228
660
258
5646
43290
62046
6332
926
678
706298
902
840
8082
5122
2082
3558
238
264
9128
2554
688
2136
240
3808
1958
2944
264922
3632
5650
35076
7114
7892
1450
1804
3152
3070
1712
276
254
1150
254
2162
760818
3572
276
2026
4140
3586
800
2862
194826
320754
250
670
3522
4482
1444
250
254
38454
2014
651634
68
68
1870
1682
389512
964700
5764
4624
254
276
1278
1120
1506
1026
802
119124
19294
584
68
232
6978
240
248
5248
1630
61036
256
5394
8924
1008
119998
620972
1860
8234
2146
6062
1510
1234
2216
6350
4074
3204
926
68
70
246
406278
2152
254
1872
254
1260
1852
2354
254
814
1710
207782
5352
246
704
4514
148284
824
1866
45150
278
256
7258
2152
2878
70
272
1479300
1124
6034
4504
6670
264
260
1136
5052
1566
1301400
1180
3774
2772
6100
8884
5646
1470
546
2454
290022
3544
14752
1510
546
49622
3484
2506
382
3520
1122
1266
238
4036
3100
1592
4282
1080
4684
8528
70554
2160
13742
250
550
5638
154868
842
1310
1160
5104
1158
1668
182350
4498
204
2028
22082
376
195486
1434
706
1926
652072
3218
1550
15446
2468
1258
1968
372
830
378
991126
1250
2898
992928
244
7326
1182
2172
1152992
145214
5240
2000
836
487242
2080
4054
830
2892
2336
210460
366
516
926
256
910
798
1022
5390
1120
382
1884
262
2610
1626
2558
1616
1494
692
181640
5154
10770
3814
258
1492
374
164064
5328
2890
956
11054
1778
501010
76760
542
1592
4308
146912
3738
106712
898
1342
794
540740
3978
4542
6730
3008
1352
688
922
1966
73594
147690
1298
964
5220
1932
2492
3376
1026
2286
4354
2282
1944
1978
9376
4078
1708
956
3988
1634
652
384
10640
4274
1020
1076
1642022
209556
1716
3316
3724
930
3154
699412
110420
514
1048
189672
2656
2236
258
1890
674
1096
3648
201210
1526
1414
1254
139454
666
10198
328864
6014
1392
2636
2354
1260
99708
2380
3876
898
1448
3310
976
2620
5234
2258
1678
3940
2598
570
792
2680
498878
1110
676
1658
570
254
252
2582
380
220
1950
321378
3924
11128
1750
1464
696
2160
1144
246
1500
3744
757798
50140
7662
2706
1108
2708
1044978
802
1830
3094
254
2148
2602
3382
1032
2906
782
4186
990
2240
1972
722
4550
1734
1190
1740
1400
4652
5870
246
1030
2244
2058
240
1050
4296
2694
858
8020
3444
2834
550
1772
1706
1444
1224
1946
164854
1392
846
820
261660
2262
5332
3606
1622
254
1196
1826668
674
2572
2032
32458
1396
1486
1044234
1175638
798
794
2172
1830
4958
642
844
20310
3476
688
2290
1580
824
270
404992
1374
1070
864
1790
1444
1066
3390
3706
6050
1138642
23618
786
900
494
1348
1324
710
254
430164
211142
672
260
2850
50618
5464
424
1328
1412
1644
738
2536
718552
1586
7692
540
824
1526
250
1056
8482
580
1004
3078
252
484
1898
744468
3086
2004
290826
2030
321482
1078
4008
2746
1190
4806
260
254
1243618
2476
94512
666
3376
556
1762
156682
1266
51356
3488
4034
1172
1968
673766
61842
1176
570
12112
1168
712
5876
2144
1120
1058
64808
822
3768
454024
1804
6400
1424
1114
129808
6918
680
1058
676
2510
366082
816
4510
3384
4266
3144
4146
1714
6152
258
2492
918
1702
1848
240
180792
1770
2544
376
1364
1832
2164
1286
1372
38102
1442
5402
2168
1318
684
850
514152
1388
884
816
1492
250
1906
2038
8936
240
1436
244
8688
3472
684
3702
5846
1604
3068
1010
1488
1596
199338
1040092
1362
1606
2240
812
3942
6856
1592
1204
5840
360774
3712
129222
1128
3154
2522
542
8268
2258
2402
2230
3986
2154
2754
535188
3388
204368
4172
1102122
2366
3204
240
870876
260
5540
2560
4088
1064
120998
7502
2262
826
226840
3266
2082
6788
189138
229248
708
199672
5678
788
1108
63878
1134
944
2058
2960
262964
260
1422
208288
4576
818
2420
62666
1040
3224
924
970
1300
932
240
260
2630
437774
4540
2748
1844
4726
664
580
578
944
1780
12298
3488
1348
668826
24356
3134
760602
832
2950
91634
633608
786
1172
892
244
854
792
52292
4056
1166
5124
684
1048
236
3342
2234
3452
964
934
1156
874
680
2624
278
2094
260
280
1128
798
244
944
1474
466234
426170
3640
1106
3854
1898
1762
244
250
1756
5270
4248
113094
978
27830
2038
3634
4546
2164
1366
1200
193044
348022
2890
1890
247874
450600
726
4766
902
1982
1162
4834
5800
1448
546
323378
705740
3634
2004
3166
254
559766
3454
7412
4690
3840
3296
558
3544
244
1216
364
350
1418
702
784
3824
2362
1028
1172
1412
2548
2686
262
1178
280
1282
786662
2554
2032
1104
266488
1944
2280
246
3402
2514
820
1438
4790
698
3156
1850
1578
264
1514
588
4024
260
884
702
1032
1320
1036
356
1742
2668
2868
2618
3678
1056
2136
1482
47354
202698
3332
268
12572
2614
1124
242
6878
2834
926
1108
688
13938
121132
820
800
208700
856
1520
1676
266064
58598
690
1526
990
270612
264
2410
1360
1960
708
3522
2840
383662
654
1670
2184
1182
1060
1884
19708
1616
1016
818
256
2456
1752
1186
4524
137020
727464
2804
2518
68842
930
6032
2538
1206
2892
1052
248
690
1116
943400
662
586
2160
924
80222
2302
2300
1274
936
814
1594
2964
1844
1590
4324
3522
3708
248
550
1660
1390
1242
906
3128
2638
2742
98246
517820
680
5706
388
3336
722
1394
1020
826
914
2576
631852
131592
1672
1908
704
1036
2648
5642
1790
2572
1572
598
3160
3788
802
4118
4960
2284
236
1376
129520
2406
2686
1628
380
898
3820
3160
250
664
248
680
582
2904
108258
2232
6940
566
1030
254
1070
108810
598
542
716
2130
1944
133792
1340
468
3948
4306
3584
85298
1196
1606500
1266
682
698
2768
672
5872
1232
1137200
68740
104596
1432
1042
126816
792
2614
183690
1876
364
12116
5108
3622
1362
1920
48394
708
2432
1588
368
632
1606
708
683872
2092
1484
854
185464
147220
1522
1036
1276
3626
3672
6172
1848
2056
2370
234
704
3324
1354
2554
254
688
3708
482
2632
1568
570
692
3330
120936
268
668
954
1286
2904
808
240
235214
1808
250
2288
1498
706490
1000
5564
1802
3552
224
56032
248
596518
3216
810
1400
2004
2682
962
6478
33762
880658
548
18210
692
1626
1732
270
558
242
1896
356
1440
1726
252
966
112540
26562
115016
4368
2798
384
4568
3274
590
366
254
384
2746
1438
1976
448110
4240
1414
4302
920
1442
1048396
2858
274
2298
7224
852
724
710
3402
427658
85072
1620
794
36558
2416
44366
1148
1536
4986
7120
806
1966
1238
5408
5238
566
252
5116
800
1764
8978
694
360
1614
10300
3042
796
175584
4766
7156
2026
2048
4066
250
2242
1274
10370
258
1418
7048
1533630
708
6170
248
1110
804
3384
418
2446
161840
4862
62720
3234
792780
242
1809102
2170
5144
1380
1301532
4594
6702
3462
1940618
2516
1698
7256
1816
5172
3368
291036
244
4804
1476
818
380
188280
1908
296358
3548
1350
11002
1756
652
1964
364
3814
1740
160822
1032
1244
1158
4402
2322
4814
2212
460134
232
1414
6366
17862
1254
2354
1164
12072
3310
264
1764
260
1840
1518974
316190
8506
1558
1208838
354
246
250
53026
2372
3042
7800
6398
3834
1476
2104
4798
110046
1578
2256
1402
2146
3394
2396
2114
1828
228
1282
384984
250
248
281512
68
3668
1054
1792
952760
503096
5332
2344
2318
6450
1686
4092
2558696
834
244
912
1398
3668
1484
384
5892
248
1152
692
5032
191696
6242
6234
1640
5380
902
628096
248
1016
282
1824
384
40272
404
1384
1074
1128
250
1666
3182
3368
1234
739316
180862
348
9496
1274
2868
470
1244
223784
844
3628
230
2522
199948
7424
22112
1506
468
1141414
3896
2818
560
2154
702
4442
3436
7376
3442
7936
270
1130
2116
1902
2414
703170
1126
1508
244
1804
242
3496
278
390
906
478472
480
1758
1049178
1264
2000
2678
1406
201400
356
2022
898
3452
3590
1580
1260
1806
6544
2366
810572
360
330
2000
810
252
1952
2900
258
1052
12692
244
2392
187608
4988
384
6890
990
1806
4790
1628
7316
946
380
430372
4918
7942
258
3438
366
572
2220
1988
969392
517276
5238
7738
242
18112
589464
1686
3452
187766
5002
1296
708884
1990
240
1864
282122
366
2114
68
391012
250
4884
1004
254
822
912
2196
1284
5520
1103348
244
7324
2770
8154
1129176
1750
3154
9622
2992
892
252
3766
384
278228
2380
3498
5730
1060
2312
486
3952
159758
224
660854
522
612
2324
1150
2046
390
5324
11262
368
1798
693690
2990
5960
3178
3088
1840
5870
251926
534
246
3214
3700
12990
2034
2106
2092
4792
1954
6780
412742
3544
4504
6222
244
1310242
226
378
242
1422932
224
150354
228
1302
726350
3040
459048
6730
2478
2902
1494
2934
1423074
2742
21572
1940
704
1958
66
2674
4478
1587102
2370
9066
6224
4322
216468
3524
2196
2392
396
2080
5278
824
1642
260
248
466
1044
354
3904
146698
1648
278
342
1714
160532
602224
1534
338
914
1302
4592
260
2352
354482
1394
562
5624
423118
2476
260
4006
2000500
1298
276
292990
3546
819866
2076
2310
2200
250
6188
6818
4058
2270
3564
2248
2524
3394
2326
2832
3764
110044
168204
156350
2838
703098
6690
22120
1710
216024
1816
242
1482
5710
1252434
232
778
1034
1588
602684
1528
238
528
682
3478
364
382
1394
3282
4958
1832
4488
278
234
6334
2600
256
641606
244
65974
2886
5470
2962
904
5070
10014
4316
1063054
214
1566
1004
250
1016
2400
8942
107036
539046
1358
3484
3952
842
474
1130
268
250840
516316
88302
24400
27658
2066
708
27414
820
9402
406150
14976
51502
256
3546
240
1918
2036
3588
1338976
1146
6344
254
6442
2414
854966
3056
1201372
1180
5102
2260
68
240
2600
6266
1748
246
2970
256
502
258
2602
765478
1152
3356
840
2376
250
254
356
1088
1952
2192
7188
2830
1970
5462
1544
252
1564
498548
19472
7382
1954
3490
17452
356
1622
366
5217264
2846
8224
430990
3572
1600
420
1368
68
68
2174
4362
3276
278
4932
1136
267020
262996
246
405264
59730
94880
4242
940
812
232416
510160
1256
2508
4096
248
1646
3396
1020
970332
5228
904
743692
4014
2218
1260
2086
2076
880632
258
1828
5878
4470
1030
3318
256
4510
37272
232
113662
192416
79852
804
596912
5936
1284
3016
639698
395978
9184
2152
242
354
356
864428
246
514662
6798
4260
525236
742154
4424
124872
2216
346
7024
1056
2888
704
804
2996
484
348
85752
498
1331302
6248
470
3256
1576
2578
4976
2634
1431316
1178
717770
137956
246
1492
3496
3864
780
3704
651150
1184
3822
4050
1008
5610
918
6904
256
768
5408
541232
376
1142
1178
1770
247646
9348
2016
1898
7056
5668
5062
4684
3032
122514
7674
3144
3430
2218
3202
1182688
928220
2646
7434
3562
7978
2202
3480
1142
522
2620
1940
164748
2000
145870
2820
4274
1390
220
1024
2172
2364
7944
9894
25354
44736
416
798
1660
3098
928
3772
5326
1494
253436
246
2148
922
246
6632
222
7402
676
2158
1970
7092
1944
1120
242
932
1874
1034238
72340
2356
19194
966564
761968
1840
3746
1898
1350
244052
1230
358
242
1316
2028
4454
2998
250
719568
2920
783584
939004
1848
4144
2170
252
1234
5764
3716
516
8968
932
2396
256
5532
1118
366
1684
4572
4276
1946
354
456
3662
3902
354
2364
4546
2554
230
22326
2106
5980
686
1646
1162
7082
1274
332
1236
3432
9628
2794
1160
208902
1466
1672
3102
814
599828
2104
1734
380
388
1406
250
248
1598
2374
8998
3308
2280
2082
3226
5622
3514
1910
478
14484
1024
6198
246
429080
3502
785592
1482930
2514
210
250
2202
4672
2856
1400
9504
244
1560
3056
1834
540820
2970
189096
1269320
1284
2908
1258
3486
796
2476
1286
2536
2630
246
920
1496
2856
5990
11282
3848
488
1137082
2654
252
2434
2874
5724
67494
87850
2670
4990
1402326
900
85158
1640
244
1510
7070
3214
816
2754
904
2428
94814
6892
3794
1254
3090
250
1510
1842
4000
4134
249552
368
258
472
311832
4000
950512
924
880
5328
577034
4584
1350
3878
2162
230
2240
944
1672
248
484246
4948
924
354
244
814
4820
1806
244
2016
5490
1780
158060
2528
1594
2848
2484
794
4646
10950
1002404
1074
715862
1942
17932
1916
250
15938
1456
7430
362364
4408
7368
3394
348
2494
6166
4138
242
522786
1192
5304
240
254
3316
1520
1400
4912
2461920
146378
254
45098
3418
2598
691440
1254
2368
51148
12962
229452
12308
2772
5198
2392680
1476
356
246
1854
248
352
1874
900
2766
40844
5332
1956
353062
302336
1396
366
394
111842
2230
236
824
959142
4766
7750
566
1208
1078
3832
2158
66
236
271748
236294
4936
4880
1754
1182836
2368
669256
376994
136862
256
1482
517534
3170
5462
2276
598
1722
277600
2142
2412
6354
744298
3466
117542
810
710
615366
2430
330666
1914
92722
802
2244
846
6210
256
4658
512304
252
244
2402
359048
4226
637774
4124
1710
3048
1858
228
5660
6704
2880
3072
1556
1362
378
256
2148
64668
734
2510
252
414
9518
1646
3572
3744
1824
942
1385318
9088
238
59254
762422
1116
4154
264
4436
2784
1716
1070
1188
478
3266
560
11884
1668
2140
68
166388
3572
494
1252
2488
1640
3434
254
1672
5518
4722
1328
226
1652
482
2280
114636
2532
4136
5698
266
602
2416
918
4388
466
5970
2148
2508
1182
268
1258
2468
1595936
402
564
808
6948
1726
11848
2080
2052
3236
478
6320
714
13540
358
3000
29410
1312
3944
236
958
2882
3956
10210
1384
1882
39782
691604
98982
250
7118
3302
2468
177112
2814
88528
2666
1530
335226
6194
568
586
2782
508948
778
5542
3778
2100886
7222
1628
1398
570
857250
4140
4548
6050
370
1304
2522
248754
290
36630
4216
1244
645010
576242
7600
1630
1236434
517426
376
260
2380
1017756
7186
257212
242
4948
16790
266
5468
494
1046
3448
1408
2278
4102
1643738
560050
751682
508200
6534
361618
1892
1728
2620
326202
3984
89102
2416
824526
727472
68
4374
4952
1914
57932
4822
224
252
708
598
3722
2540
4066
234
201280
2652
1474
5848
254
2616
2494
1044
1500
8582
2304
1763190
1144
252
2968
252
4976
2429734
350548
2084
226
3986
2920
1947458
1674
5264
1034
775770
1726
4722
2884
1630
1932
1292
1546
4160
51196
9328
242
248
2244
2586
2451794
2632
8130
6104
24854
3964
68
3608
4756
254
260
3586
8040
1304748
3164
96504
3450
260
1888
246
392
8162
3034
923356
1688
236
252
406
395910
4796
2838
406
3936
240
18278
690768
604520
254
376
2520
3106
256
1186
1924
2090
1792
68
8154
1030
1876
1032
238
9444
12404
15122
4936
2808
3612
864
6016
155442
3116
2432
828
1978
822
1692
2404
2204
3080
250
814
782786
19060
4306
1162
938
1341746
2836
954
240
4388
1108
3690
1586
68
7560
4292
4790
3126
2416
2218
244
5268
390
571258
256
258
390386
290284
1078
5982
1878
3008
1668
374
5276
1150
267192
286108
39460
2255432
682
3900
1546
242042
5184
7428
2658
4202
70896
365876
68
3110
3046
374
6746
4808
240
5082
2398
11528
404
4492502
2300
2388
42950
2306
374
1390
1348092
3848
934752
2422
2350
553380
68
2488
1364
252
7264
2550
1464
2170
834
1910
1458
2946
4066
8326
2032
694
242
4852
3664
4352
236
1936
268
1886
158004
4170
816
641370
8256
3846
2186
68
68
2524
2350
2306
2036
1050
2772
216
1212
732
933944
2429964
252
4354
10860
22580
15532
5534
11166
496
289622
1512
2246
1188
2174
252
1958
10304
256
252
28188
1846
10782
240
2048
246
592
1168
254
3050
184818
1356
246
1362
2188
600
323682
5124
1168
356
406
1560420
1616
1130
3894
3184
1720
1286
71840
2526
66
68
8194
1574
1412
5606
236
364
187288
1642
1906
356
4856
1146104
78938
396
594840
1503584
4338
2522
3108
1690
2334
2844
561948
4960
366
1528
2868
37422
569374
940
6974
3402
2660
2012
2312
4466
256
1933040
507792
5874
807308
1612
3164
1156
8522
1256
505732
415926
1330408
59634
7970
854
3638
462712
2628
818
1280
5974
240
5160
585370
5528
1654
244
1194290
35810
2022
1878
1922
2640
268
720506
238
4272
43086
358
2018
1162
66
662
3208
1124106
612
4032
1528
250
1756
266
3928
276
3530
5686
994
5310
3888
77634
1346
932
7412
5362
12198
958
1602
4720
684
678
1876
3208
2216
3234
982
69260
3248
1418
4644
918
1744
1642
1522
358
238
5966
690
1828
1846
3472
966
1280
2396
11156
268
12004
358
5252
252
4140
1626
1258
1634
5794
2850
118650
966
2534
2114
1608
3454
2424
2324
4524
7624
5564
2032
1050120
1769262
386
13796
2198
6900
3072
2824
264
4548
2164
3484
2522
3914
1058
5628
3606
306590
216544
264
7494
572
1862
254
254
4978
1972
257446
259018
260
1084
7716
2626
2078
5574
3078
2496
7316
1128
4222
1282
3162
264
466
3150
2764
1786
816
2364
145906
5778
1166184
49220
2494
2154
5460
423804
14228
5664
262
3068
1830924
2250
5314
94734
2778
1050
1606
348
374
4106
635988
1676
248
1146
45858
5904
534
2480
1616
8394
246
368
1668
2430
7532
1160
590680
1742
844
1404
1627538
654936
248
2734
3224
810
68
66
2794
376
1946
1502
908
179144
296952
8066
8644
2290
5492
4368
4238
1790
4706
2972
1394
14074
3794
3882
3520
1846
2642
998
958
1248
10512
814
1644
592602
1127536
8734
5090
2988
1006812
2436
243566
1474
148720
3186
1512
1278
610
7244
41928
4268
388
3450
12670
1848
2190
1120
238
1948
6440
3638
2872
5758
802
2458
266672
229286
242
258
872176
979230
1506
4088
2884
1520
1796082
1008
1390
2200
100954
3644
8158
254
2720
3720
868
1046
1854
236
2276
4972
68
68
254
376
1681518
1874
12784
1651274
1612
1230
7178
4050
1478
2282
3250
1140
882408
350
240
360
7396
1068436
242
1940
1664
2852
2964
6528
1294006
486
155494
352
5388
600
128394
1872
100148
244
226
1240
1496
2302
1148
1142
358
936804
267242
4318
1268568
3316
3338
2428
89158
2166524
68
68
7772
6710
1202
1785032
942
603760
1054
520
2624
89336
560296
4464
1268
486
248
716138
4806
1155784
244
250
29034
244
696
1068
3688
1486
1766
1292
1402
478946
142754
830
8422
1730
1441134
3454
2482
2566
6976
7156
594
3304
1436
30792
128438
1614
952966
1496
2460
1824
281562
4760
690
986
841284
3644
1496
972
1784824
4766
1946
250
5664
264
870792
864
1271066
570
910
48412
1242138
4318
3200
2022
2272
6102
68
68
360
3842
6820
6902
1786
3578
1606
1296
200402
1593514
2104
2612
4596
5324
2766
2400
250
3454
1068
1086912
254
382
8954
826
2064
820646
508454
1580
2434
254
1289088
3178
1354
