3ffff:0:0:0:0:0:0:0:0:0:0:0:0:0:0:0: (total 18)
0 1 2 3 Thread 0 going to cpu 0
4 Thread 1 going to cpu 1
5 Thread 4 going to cpu 4
Thread 2 going to cpu 2
Thread 3 going to cpu 3
6 Thread 5 going to cpu 5
going to barrier (cpu 1)
going to barrier (cpu 5)
going to barrier (cpu 0)
going to barrier (cpu 3)
going to barrier (cpu 4)
7 going to barrier (cpu 2)
Thread 6 going to cpu 6
8 Thread 7 going to cpu 7
9 Thread 8 going to cpu 8
going to barrier (cpu 6)
10 Thread 9 going to cpu 9
going to barrier (cpu 7)
11 Thread 10 going to cpu 10
going to barrier (cpu 8)
12 Thread 11 going to cpu 11
13 Thread 12 going to cpu 12
going to barrier (cpu 10)
14 Thread 13 going to cpu 13
going to barrier (cpu 13)
15 Thread 14 going to cpu 14
going to barrier (cpu 12)
going to barrier (cpu 11)
16 Thread 15 going to cpu 15
17 Thread 16 going to cpu 16
going to barrier (cpu 14)
Thread 17 going to cpu 17

cpu 18 cur 18
going to barrier (cpu 17)
going to barrier (cpu 15)
STARTING...
going to barrier (cpu 9)
going to barrier (cpu 16)
STOPPING...
Duration      : 10000 (ms)
Acquisitions  : 2544014
298
1554
3434
376
270
405592
568
296
6342
412
1116
4478
1744
484
18384
886
422
266
3344
9078
1258
2718
1114
1719980
368
1866
266
3732
2384
1062
2882
3472
3198
2927054
585894
12106
1102
360
2698
5418
9586
3222
16762
294
4512
3108
6656
4138
2008
434
264
1716
1092
752
606
2354
102614
12976
7464
1234
2795894
1040
3762
5808
9402
634
1656
4434386
6978
1842
648
4316
250
874
2920
274
750
730
4206
256
278
260
4392
25854
272
5900
618
296
1364
500
384
496
1126
262
762
7024
1238
262
2668
2954
262
6099766
3142
1816
6434
298
12832
1466016
15756
270
1472
4112
266
4608
149568
2864618
6608
2000
14332
2022
388
317216
294
1996
5268
6676
543572
396090
300562
4782
11342
1908
210882
378
384
1118
5988
248
250
248
14406
3546
2266
3014
11104
9788
5048
2736
1164122
277426
258
1447084
2040
640
1042730
276
5024
3582
6198568
7016
6670
27430
4124
6696
7410
3094
1116
14914
424
13760
1578
9106
2152
294
2140
260
740
1358
2246
5986
117914
642
5626
918
266
1570
9812
7188
4096
3792
750
20068
3808
11192
70
72
506
246
2378
2356
740
4620
2166
3478
688
72
2266
886
4536
973076
16368
4556
97810
2341756
388
6978
2054
1430682
8188
7852
3006
430
2054
4568
1432
2462
1606
270
9384
14600
341702
21588
1850
9716
296
256
732
1350
1928
3020
266
8934
2044
880
4014
650
4111066
12958
18424
7100
2630
5486
4932
2872
2712
1602
30870
296
1976
9858
1982
384
1415394
12414
1708556
1970
520
170594
7314
2202
25600
296
3156
1464
7076
2476
4818
294
300
3074
3288
262
268
6112
294
4508
7658
4324
2718
363662
4103828
650
11032
2030
138024
12858
10458
266
296
2430
296
1296
1580
226184
8954
486
5000
1894
4822
1000
4264
3258
11314
8756
278
646
8610
5586
1140
264
902
6334
1476
4700
3376
300
496352
1698
2808
720
1402
3130
1190
520
4434
26848
7918
19880
2438
3998
1218
1108
506
952
1010896
1754
64022
3348
7086
1518
256
8536
2514
1757518
1806868
1529534
4764
4552
6240
278
4108
2138322
14854
1646
8384
331474
294
6232
19824
384
1230
5752
4541146
664
4228
7904
2602
2216
5548
2240
2494
3348
1000
9290
296
1386
13356
3192
284
6972
1386
280
364
368
3404
5630
253868
5460
4398
1274
244266
2716
1856
894
652
9050
9736
1819930
272
2630
3804
494
3768
11002
252
2630
2102
280
1658
4412
1534
3902
5406
1872
388
11602
11826
1590
822
270
3230
3756
1365950
2428
990
4940
250
3184
296
268
2602
290
942
256
1128
4256
5838
7870
5756
5440
272
5342
1238
256
1218
232
2902
6468
848
2362
9988
1550
11660
868
1712
4615640
1652132
4602
1542
4412
5212
1058
6916
270
728
3090
4434
9436
804
1788
8482
267318
1646
7110
374
286
2478
1218
4528
2966
12716
896
3282
1864
1393858
274
2274
1550
256
2870
1906
1826
3614
3310
5824
2056
7344
10400
292
6884
4050
9406
13712
274
19528
2666
3316
3320
616
548
280
1124
1532
6016
2122
771918
3222
268
2478
436
3674
2962
252
408
2538
4438
3286
2943916
690
4578
3870
1398
1358
840
272
918
382
1866
11806
2782
11184
258
262
5630
9258
294
264
770
3690
296
7016
4900
5194
8760
5874
394
258
11632
10430
4342
2456
2282
2711064
5740
766
1208204
3380
6456
8400
493280
408
1802
3684
19368
6062
1850
1598
290
5786
698
260
2606
2284
4160
2190
1970
4096
3924
4018
2330
1462
264
268
382
2058284
296
13376
4300
4780
4062
227872
990132
11952
248
2386
4988
2604
3132
13652
3268
2120
5620
9460
264
3720
268
2628
256
4158958
644
4582
2762
384
1998
669124
618
7884
2458
3722
9554
6538
268
2666
390
420
1552
398
1858
8160
918988
2152
260
6256
236
3092
10750
3944
1204
1060272
2470
5328
512
2444
6714
1444
4334
2548
270
3896
6388
2962
539254
3384
630
3426
256
434
9676
270
3088632
7088
540
6914
4506
390
620
8694
6014
1282
666
874
282
5932
5030
3110680
1414
2306
2956
498
282392
4480
13214
1594
294
1242
2564
829838
1386
492
3164
246
2836
9904
13096
1139640
554
10376
4560
14818
4098
424924
298
986
272
1902
1874
1456
3524
7128
908
1008
2394086
1744
8832
2788
5212
15896
1348
1852
394
2442
632
2008
2524
274
28134
3276
8472
9526
6484
3454
264
266
748
728
372
1494
1012
1988
248
4346
928
169802
3584
256
1688
1350
244
4150
1690
2524
4180
4496
2382
3406
724
252
5648
278
262
4306
7332
4006
1532
2331258
4162
15480
6090
11234
1772
6184
3710
2746
66320
600
3520
298
400
5844
8240
3212
6768
374
970
8342
5282
7844
1610
10580
646
3610
5458
125330
8810
256
510
866
7780
14804
400358
1082
354
415330
1954
1976
494
1042
17698
2156468
2266
7858
1272
1756
24192
246
270
3254
4804682
1918
286
1608
9826
1718
2678
11058
5094
5266
1712
11156
114358
5914
1010
3353326
396
5432
398
4722
3818
31698
21824
398
7142
278
8122
7922
4306
2010
7050
4838
1374
646
2294
2112
532
6554
6892
2738
6872
4574
14434
3418
1388
7050
996
7846628
296
11300
7254
2222
1100
2966
3964000
266
278
6400
5040
1136
374
256
845830
18610
16594
5512
268
1024
5232
6270
4924
4238
11190
2014
270
8348
1300
2932
5998
2148214
3316
1897136
274
272
1832
1860
1192
7902
824
23480
4493094
11020
270
1054
520
2305316
3916
530
129926
4634
2696
2290
1902
6062
11376
1348
8382
638
2252
368
980
11748
3394
292
268
4796
2176
7862
280
248
534
286
1110
274
770
254
14004
5072
5164
5648
7524
1126
432
1350
266
408
1946
508
1036
3128
10042
384
1291742
17604
4188
1146
538
18828
1534
5456
278
1246
248
9864
336180
1744
392
633088
7034
744
258
298
4826
412
254
526
2565326
9148
1424500
296
1118
1374
2742654
1979312
492
396
2660
1181020
1500
3808
486
2408
739024
9750
270
14914
3160
5422
2220
284
1572
758
740818
910
7466
3440
6162
2766
2322
1678
3776
864
7924
2078
3222
1258
2778
6802
778
2190
858
2078
1980
834
4456
282250
70792
1364
1130
1582
5056
1702
392
6402
1774
2206
9674
4850
2212
1752
712
4760
7182
1524
2382
7216
9754
654
4612
1436
1052
3466
4668
1602
3314
3206
3562
862
1494
1178
4072
14488
5868
2004
921632
3672
4664
2622988
2082
244
9852
5202
6344
1748
2018
2836
3302
3624
768
8812
16640
6892
1350
3106
250
930
3960
6986
6284
242
2192
25940
6178
3158
738
2334
2124
744
2036
4896
254
766
4972
14328
430
1484
3416
10566
2344
5042
5034
2400
3950
3052
1014
3226
2988
2114
2446
276
738
3660
1596
8090
606
246
2238
1116
738
272
1062
3346
1594
6168
7022
660356
1250
420
856
830
3590
366
7490
5984
2860
2862
1054
4360
396
5886
3332
3660
6162
324044
4068
3932
13012
1128848
1186
4918
6596
6996
12388
2488
858
3494
388
4208
10670
902
294
4860
1928
296
1004
2690
1570
1114
380
2694
5066
358
9294
272
5060
516
1188
1966
722
2316
270
653114
2992
4984
5614
1728
3826
2606
1086
2974
4510
4094
5982
10248
2178
3048
268
1344
520316
936
1355044
530
6612
1610
5798
237988
5764
1114
4886
3051832
9256
774
264
99658
3968
1790
2854
802772
2993704
1346
622
676
1332
2370
2610
866
742
6816
5540
280
4872
5690
1402
1804
388
2040
528
1872
786
4210
846
1670
2970
9570
8848
2222
3780
1354
2056
3374
2758
861712
3494
2476
1564
1656
3908
6838
2226
4722
1886
1008
571166
7734
1646
702
2044
9736
1590
1414
1334
9250
6124
1992330
2482
7086
1752
2026
366
266
16248
8030
1362
262
3634
3786
664
1184234
2180
1014
3866
272
4684
2416
3418
1552562
1030
5442
1218
1890
1122
4208
2422
1312
1344
2298
1888
2094
1538
1458
2854
2818
274
2476
704
1708
660
1740
1796
4480
4738
812
3162
2516
1110774
1306
3192
1511752
1108
8830
1978
169712
3540
1854
2458
15612
2562
370
2604
5646
248
3320
872
7426
2362
5376
8422
8284
10920
3956
557056
1008
3354
1386
7104
8908
5958
1218
6206
1778
12232
3086
2860
2444
1820
2706
502
1056
1616
3714
1568
710
270
1566
9950
2884
2570
3762
3180
8874
1442
1426416
7404
856
1022
3906
718
2122
1102014
2692
3118
644
6530
6738
3832
2020
7098
1522
286
1350
2402
1152
12158
6450
2148
6812
10628
3890
3344
11552
1624
2128
1122
2038
852
9488
14696
1419152
3220
2042
3142
666
778
662
1864
524776
3660
11902
3902
1856
2626
5350
3090
2712
3584
4006
8768
7900
6198
2308
3586
964
2942
1466
388
1654
3812
268
2748
1645050
20136
1772
2726
536
1950
900
4502
11690
4020
1282
1948
1732
1942
7808
1888
6156
218460
8310
1154
7746
274
9660
710
9382
1652
10250
6864
1014
2770
1300
1104
1598
1524
2084902
516
4818
5070
5112
1582
4348
5608
656
6928
1350
264
994
3836
4066
9932
1160
1620
1802034
1242
362
3224
75332
2900
962
1260
4334
2566
646
1268
256
2420
6542
996
2830
2952
1214
8336
1026
266
3112
1544600
1368
726
7390
1386
510
3558
1262
2908
9938
7988
1234
4776
4142
3416
2218
1012
3660
2166
2318
844
3664
8446
1410
642
6962
1802
2662
264
13608
8864
1668
1210
2102
8508
276
2210
1870
1388
4554
4202
2196
5792
14026
890
6674
1834
1122
2654
2320
2328
2006
836
906
178878
1932
4376
2682
420
14322
370
620
17182
656
1978
6422
368
1498
1432
24836
4528
2156
3674
5554
3402
1312
5100
1838
778
3976
1726
4068
1360
4294
2258
3154
3094
7280
246
1630
6002
1390
2106
3992
1078
1068
6118
4704
1214
2260
868
1046
6860
5160
2978
5526
1217194
4000
7622
374
2208
7054
3637900
1102
3184
978
628534
1972
1136
599622
3836
998
646
670
392
4964
2822
6132
5784
2836
662
290
982
2996
280
972
3668
788
4936
1354
7302
2236
2020
1494
484
1142038
3800
9430
274
982
1198
624
856
286
394
5662
256750
6898
5446
854
3380
4204
1290
8238
136096
3103054
1006
2356
3412
278
4138
1238
1278
8694
4744
622
3192
5084
1498
266
284880
1720
1256724
3788
2608
574
4204
386
9928
276
5716
886
1700
284960
2934
2890
8268
254952
15314
6886
2914
4330
1570
1818
3766
6244
756
3358
80826
258
3976
2434
285718
11284
2800
3454
3810
2506
1794
6430
602288
11254
7642
1149222
325306
6284
318250
1254
752
2434
1348522
77168
248
644
1860
677058
1836
6542
8170
1558
640
4464
2694
4258
2234
2500
1800
6710
8464
1012
1006
3522
3778
5076
1998
5928
728
3576
3654
7268
1292
260244
718842
5268
1122
280
3076
1208
7408
3558
522618
258
7038
8110
13798
1570
982
4778
296
2066
1354
3188
2004
4480
862
1678
3238
2226
880
260
1014
2880
1016
464944
6348
599386
522
1606
762
1540
4360
2400
1814
2618
4340
856
958
2066
3034
7324
2048
2476
1930
677386
660
542
1720
264
6808
2520
908
3628
874
2200
870
1876
1396
1362
4140
3040
5242
1092
3124
3240
2294
59992
406934
3388
3312
5648
5692
3776
215272
8308
2116
1616
246
6920
521070
7434
838
2248
2888
28064
270
360048
2852
790
270
7108
984
2314
20352
1416
2130
4436
6596
6170
1244
826
7628
1128
3172
3924
7336
754
4434
1008
1546
9718
5362
1750
378
2762
1982
2456
6830
12954
296
2018
406
185940
2088
774150
2698
3366
5982
3010
860
1416
2820
1608
7152
6986
298
4358
7198
10120
1236
1452
510
2708
982
2340
2046
2796
3658
3516
3498
372
740
2786710
4498
2370
2578
998
6866
1232
1330
1740
47866
2644
1224
372
2218
6446
2604
8126
2708
2674
392
982380
1056
2914
492
2668
13706
846
11344
1254
3436
3536
992
2018
386
434
2088
12882
402
626
4798
1628
25652
3816
1496
10528
750
4068
5730
3714
1082
7154
1012
390
2620
7800
1362
262
1234592
280
1928
9282
3997426
9298
4266
6238
3224
2348
6292
2912
254
2396
7570
1168
632
4320
5342
2370
11042
2296
2154
5432
2926
4050
282
8426
754
2540
19726
5716
3270
268
2286
2968
792
502
1116
2768
5136
396
6742
1962
2548
8264
4716
4976154
4812
3924
5104
17782
6122
7198
2494
1604702
5792
266
894
13398
282
7160
2572
2682
3146
2326546
2982
3248
406
382
443672
4426
68
1264
9266
266
960
1120722
9278
3944
12404
6630
1466
3292
10404
1494
10040
264
420
1114
2745114
15516
15656
1026
378
400
535774
14116
10808
3670
2142
864
1544
2388
860
1320
5924
1522
70
624
4980
288
2413330
2372
846
388
5976
14984
17240
2604
6230
1264
9878
6886
4004
2386
272
6406
3872
266
828
372
1384
70
6486
3028858
54686
262
9428
794332
262
3134
9060
942
260
1920
3518
4858
1546
4642
272
4534
2072
2878
6566
542
2102
5118
3178
941100
2196
252
7694
2542
68
70
3246
862
8636
3706
274
951248
14086
2422
1238
8724
288
3826
644
1652324
5674
250962
2878
2083928
1305082
4220
414
1682
2766
1400
5436
1740
394
983690
2466
21096
5784
1976
420
1868
3634870
404
9420
256
1708
512
452876
4780
2480
2082
5264
974
462026
3618
1126
494
1488
1949346
2436
10782
5176
1402
1352
12038
266
4610
736
786
2142
24432
1870
6058
1642
418848
298220
3442
5884
210704
9380
1093912
12574
22412
4296
286
1312
258
874
380
3684
8858
3330
1368
1352
250
2112
2052
1478
5894
2494
1630
5282
3778
6192
5046
5452
278
268
516
258
3042
1766
4024
79300
433116
258
2455518
1146
266
1678
614
7444
2128398
2068
1099178
4022
4540
6468
5462
1484
9426
4232
4978
4300
2932
948
4716
3714
380
8500
3390
1488
15700
1251960
6136
9690
2440
14328
1496
284
280
6208
1714
518
958
782
258
3444
306742
2866
6748
266
1300
1122
5840
524
5490
2206
7756
3448
2244
3596
4074
9642
12388
5300
296
632
1330
1018
11992
3664
1202
10420
362
272
1629076
4036
2348
3208
4304
286744
386
2399936
532
1714
10814
4308
2316
3382
5238114
726
414
2630
2024
7328
1818
278
276
1792
1640
750
3706
1376
2162
268
796
1250
1768
92336
270
630572
9080
778
5030
3176
4338
3398
516
514
408
284
1226
274
654
8228
1280
1484
258
1732
2464
2228
5060
3910
4398
2456
22164
17640
7846
3360
1714
3780
2150
4384
390
782
276
2016
2634
4440
1334
4128
1908
2110
4324
6018
100620
5746
2580
70
70
3854
1860
992
1496
5512
4350
752
780
6496
4592
1216
1328
242
3458
7162
4638
1036904
1232
7520
9470
264
2388
16364
1974
12860
1158
1578
8396
7874
3758
1468
388
1430
1032
4310
5006
646
4392
6088
22396
4234
2956
1482
402
4284
3320
3384
186374
250
3726
1156
6148
4758
260
5596
2196
6836
260
412
6412
7466
5152
2598
278
4574
794
5542
1162
3178
428
6834
2932
4563160
3438
276
280
902694
3644
4894
378
1456
2724
282
2844
2954
2898
628
364
72044
676700
252
921276
372
11998
408
344
3950
1424
910
256
1912
2480
296
794
876
1398
2378
306
1716
5022
2200
3058
12458
3842
5001048
2946
646800
1851574
7202
6196
5348
13860
4032
3992
394
3784
3148
5732
1982102
526
10698
10804
1174974
9010
274
258
2074
4842
16914
410
534
396
3804146
754
2852
9536
3698
9774
3454
4986
274
1832228
6004
254
2296
20632
5022
8352
9480
780
4912
852
3906
2099626
1350
3308
4486
5544
3772
3532
5536
872
7064
1746
10852
1968
12452
4646
1590
1586
1980
732800
658
272
4220
278
4236
1364
70
70
352610
3394
268
1396
2116
6886
4730
3046602
4934
13584
5056
658
2702
2526
2216
752
4068
5570
914
2626308
5330
5768
2120
1388
1118
256
6656
623720
3226
1480
1898
756
392
494
400062
1138
6368
3912
2292044
2700
9858
5560
1506
980
398
5786
5314
2344
502
850
5300
1229790
288
258
1410960
2354
382
2238
6656
7116
526
3006
292
3054
394
5068
2024
748
264
1986
6350
19510
1122
4578
2664778
1952
13360
13508
280
4692
1762
2010
169828
3096
10476
1986
3544
5016
284
4803110
638
4256
2468
15362
462996
1508
2980
675116
1588
262
388
1336
1806
4524
1582
2510
4456
3038
1576
1108
3744
1468
3930
300
266
6062
3996
418
1392
420
282
2774
15852
2318
8560
4452
573460
274964
4754
6650
1120
709220
2658
3938
986
1932
3246
3358
1264
6370
2384
3622
2658
2382
1852
3222
6548
5926
4282
888
1194
885352
980
386
3246
3143690
1118
8400
1040
3682
3370
288
366
2304
4714
4312
1653696
2250
10854
2244
290
290
3856
1046
1456
2648
2942
1110
16152
3896
294
5704
3090
3684
3540
8832
520
1612
3620
4760
648
268
846
8336
3976
294
1037632
13126
4082
4290
876
734
9266
394
13804
3394
260
558
544838
844
3848
1066
3215080
5356
272
1654
7054
1012
2366
996
242
614
5154
1882
5386
7060
3158
268
7918
1694
960
266
278
7518
5148
270
2268
2098
1376
2080
4568
6520
384
752
1174
262
2070
2570
5392
3076
1866
28544
2612
10828
384
3848
937656
5684
2696
4972
3954
1646
630
4911108
274
246
1130
1646
4326
1806
222950
2698
6474
510
2052
3342
3306
292
880
3910
1614
3622
1732
2738
9440
3008
275490
2130
250
2604
400
18848
4430
70
7228
5666
7534
1724
10100
8626
408
894
4582
5270
876
1570
12666
3732
520
8460
6494
4756
3808
1230
728
890
7384
178744
530
6712
2766
4524
152210
1520
7264
1669214
2790
7156
1766
2126
2446
9980
1888
6792
461228
1808
264
630
10066
3216
2976
791274
14050
2438
1126
1724
2022832
1262
8266
2458
6166
3686
398
3422
2698
1132
976
8766
980
3370158
2538
8196
4860
3926
4636
68
724
3230
410
250
643906
1340
2202
962
266
4568620
70
4656
2694
2448
4188
4852
1378
4994022
3070
294
2490
3232
580848
3592
402
3264
4426
6686
12424
1860
6462
280
5354
4468
276
3014
12696
5288
10164
5894
5126
274
8526
5146
512
872
2024
2269660
5618
862
760
244
522
426
9272
3598
250
3634
3736
250
10406
2311344
5716
3818
268
4202
1228
3286
2780
178318
712
5844
2508
6954
3942
4518
4790
258
614
1238
38668
149750
1982
896
258
4976
2118
182874
6326
12508
752
5760
4076
70
2954
16436
8508
14640
242
4940
1003392
7440
70
6634
294
834
5854
7858
1598
550960
3712
666
3680
8066
394
2506
430
2450
294
21472
636
1716
708
2080
818
722
3074
2564752
2064
1630
3276
1972
6930
490
1478
3072
9726
278
1700
11624
3270
256
11258
652
3396
1016792
8446
536
268
6882
3582
68
6186770
14430
12146
6214
6016
4626
70
15458
1641920
2866
10376
2562
118676
4002
2124
1770
3376
4178
982
8402
698
7834
70
382
1578
2588
4905080
22302
1034
10124042
4326370
6942
11868
4574
68
3140
4854
2252434
410
3708
5100
4486
1120
1318
5352
2742
252
3804
6634
1200
210804
9768
516
11818
280
1798
378
7100
2352144
844
588
10660
3038
7400
1336
1924
694
636
262
5202
286
6118
10046
258
15900
4890
1352
1960
284
14672
10004
2950
1224
970550
3003642
3662
5804
262
418
3636
11868
3690
3606
1441158
6582
7132
918
1198
11016
262
5232
7544
70
3096
12154
25156
7728
6002
266
6734
2306
2316
3738
1262
3863886
72
2541438
2434
5030
1100
1194
540064
2096
2712
524
1958
4055946
1200184
270
41446
4202
3434758
4782
1123546
5666
3722
262
7674
2030
1974
6616
13582
22124
3276
294
14872
5142
6272
1680
1860
4550
4358822
3392
606
4872
254
7078
8144954
3128
3974
816
3522
207782
10150
1324
9754
13586
1638
832
494
1234
70
4688178
5208
1118
272
2056
13012
2005934
5556
3564
8090
496
5276
3884
282
2926
11406
153378
4094
284
1946
752
6576
1762
8758
2444
72
70
5652584
4026
21794
70
70
708
3060
3102262
2634
8844
4316
68
14160
512
3630
3822
3868
3700
294
10424
280
7892
1102
2724
4128
6394
4742
888
386
2158
836
388
860
1566
23470
2086
6458
4758
252
1668320
7226
432
1014
1216
5238
4212
7230
1954
474
514
1542
2862
5490
802
4490
3748
272
3176
2122970
1564
3278
8686
982
2474
70
7672
454562
1254
7688
1796
3594
2406
280
478830
2344
5586
14634
2480
1580
1438
12744
1793332
8582
3368
19600
11180
4128
408
872
6910
11274
2054
950
702
1884
478
2462
2628
2850
2930
516
1350
390
7192
5208
2136
1802
70
70
1020
7488
1582
3038
3418
508
1257208
2122
402
6580
3876
3015104
2120
296
2676144
298
9190
74
70
256
6570
4167014
2862
1640772
2176
12500
11072
5472
1948
1022002
5824
284
1346
565816
6500
2035906
2680
1652
70
70
5874
10602
900642
2629220
4174
70
72
3438
5678
382
884
2540
7978
3632
281054
4220
534548
4688
752
4830
7060
4718
2936210
1226
3174
276
5567194
8918
1550
518
3984
2154
5962
70
70
1412
68
6888
4898
6330
4394
286
7156
5030
726
270
554
392
278
16782
641390
1650
2648
8350
5170
282
9890
1102
3540
3088
9384
266
10760
4516
400
1110
1572084
614
1170
39744
3656
4482
6968
3146
3924
2628
9454
27038
2454
2104496
12776
8988
3608
3316
7260
1141992
10764
994
7238
770908
3460
952
1208
272
246
565842
5150
1954858
1869956
7838
1426
2562
2498
6164
272740
1240
368
6048
5376
2772
2470
402
260
4916
384
3406
828
5390
6794
6828
4982
8286080
5700
8576
2186
8448
984
3358
12818
256
4402
3310
378
956
4490142
13048
2902
2954
3066
858
17418
7394
1830
9238
2344
2766
7422
84
248
942
6978
1204
5849804
1168
3040
6010
4810
1878
2924
3330
3412
12028
6114
2166
8380
732
8344
1210
1572
368
382
2180
390
282
6896
1434
1946
8836
482
1268
7128
1104
400
1589046
960860
2630
1118330
14060
1792
392
9110
1176
5654
8382
5236
17628
11384
2778
2110
1173330
309528
932
260
471140
18280
873012
994
394
5362
4062
6104
1204
5572
8698
1094
9394
4312
1324
5528
9856
8846
1836
17512
386
3346
2764
976
272
18064
1572
2064
1394622
278
5142
242
13846
6466
724
506
246506
530
2850
1260
1194
2700
3854
1690850
254
14828
1374
1712
1768
404014
3914
3024
506
6417912
3594
2768
224
6764
282
1746
9132
756
5298
889306
4410
1570
6655730
372
69814
266
964
2364
10434
425378
3450
4692
1256
982
777222
7122
244
988
3137760
9366
8464
4708
1079104
3566
402
18984
8428
596
748
410
272
284650
4466
24406
2290
1266
2632
1204
6746
2046
6138
3599810
9850
1263704
86690
2806
5990
3640
984
16512
7428
248
1402356
3676
1252
6482
6316
68
70
675026
4140
854628
512
10234
526
270
8202
6544
70
70
14912
5258
4684
2556
478
292
3074
23836
280
266
1774
2784
3766
10426
3460
600
8856
4998
1070
948
2216
4644
1768
612
5846
9794
6702
4256
5924
3826
1200
4606
4225008
985200
982
4736
3316
401448
4372
260
4368
11822
7942
278
2014148
1007832
2542
8664
9104
1938
7406
7256
958
4162
7794
3110
5286
432
1636
8584
3432402
9996
7834
3382
6538
7938
10764
438
268
12138
4396
1530
66774
1024
728
7494
70
70
9506
1309152
286
268
10346
7494
11062
1214
366
4138
4450
152544
232
286
5528
920
13250
83880
266
2010
5510
13686
3890
1520
5964
5708
1104
7558
264
9748
830
4824
4968
300
2672
5228
83744
4860
3370
1876012
1902
5616
4916
10276
15098
4246
10874
6592
2786610
1710
2756
8930
288
9520
2904
750
9090
70
272572
4028
6484
870
12872
5543008
70
68
1692
2840
348
4762
1448
3498
2632
4698
2220
1576
856
711806
286
13834
10138
8094
278
8010
2982
1182888
70
637278
6746
7832
70
1428
730
5872
5246
4302
1870
2126
236
3598
4756
3068
5446
4554
1822
3964
1484
3956
1494
5446
70
2540
17898
13610
7836
15778
5866
1216
5338
6222
256
2700
8014
70
1442742
70
1807122
7924
8048
278
4002508
830
12496
14858
5176
4534
21196
8222
70
2674
1116
284
2862
5458
386
544
2870
3342
9034
4934
4094
282
5322
3860
1280
504520
3380
1030
268
7180
21502
2847956
906
1044
368
1830
15168
780
2037882
4314
5924
2129922
772678
3574
3378
384
360
1259156
5536
890
260
7144
141278
3698
15184
2336
9408
2426
232
2252
998354
2828
8424
2092
1190
3226
6644
8396
6950
768
16414
2494
1018
104634
6522
250
232
3706
256
728
250
884
3238
596248
1312886
11154
804
7366
5232
2433510
4466
1274
11450
280
38950
1450
1196
3280
2185806
1680
3868904
2484
3850
428
376
2114
3739750
4554
554
9458
2214
618
9424
17926
3406494
3624
2294
3703866
12898
1942
2208
1440
1608
252
366
4230
736
3644
1394
3304514
374
230
2951626
354
13622
3836
3972
376
232
242
3316
2718
2616
3942950
9442
24910
4832
496
505636
1562
2116
1842
1220
13612
3160064
3110
1904
1884
1048
2630
2767462
4964
2036
3818
4340
1286
258
4512
1093338
3816
1654402
1616
540
2772
4222
3208
594
496
5836
3996
712
7136
5684
1328
246
2704
6474
276
18916
3684
5124
402
3592
364
18824
6438
2164
2860894
2428
3424
376
1850
366
8206
26850
11816
4736
8020
1390
1222
266
2500338
964
250
12904
386
938
1020
254
1174
890
2768
7786
264
3864
496
1196
7586
4452
522
936
2382
4126
3316
976
738
762
1254
2616
11336
148052
254
2048
382
2244
12016
6498
537320
402
468
360
2890
862
3466
8830
723404
3382
18434
10288
232062
2126576
90230
4120
1700
11658
2746596
1378
370
2730
2648030
829656
16156
4998
6990
274
13392
5957666
8176
1210
244
498
2904
254674
256
24040
1888894
411278
10894
2598
4884
2041862
244
594674
362
498
5016
4856
1100
507574
2142
3686
1528
19824
356
3334
3566454
2084
248
2150
649898
3848
2174
298334
1104
1443244
2580
7850
256
520
15600
256
12374
2688
834
2194
6927716
1426
246
248
406
756
232
3088
8678
13522
6468
5042
1346
1612
1418
358
10834
6412
1584766
14190
378
390
6842
1364
4546
230262
155422
256
5536
1002
5002
3802
884
1006
15760
3332
252
260
1504
8162
4640
2600
1496650
397598
364
2138
4048648
4590248
595510
2994
1115350
2806
9976
3280
2489626
302718
17492
254
2619054
526
7124
1934
2488880
2190
544
4078044
4276
3178
782068
963138
23056
3866
3074
1968
620
378
5856
10618
68146
2274994
2598
3582
4250
3038
252
2578
6830
1430
266
258
3002
356
2006
1366
4766
2048
2470
1436
3334
1106
344
11566
1396
264
998
9884
9146
4090
496
1596
242
404
253740
14016
17224
9082
7492
179218
10616
6502
8276
268
4070
4124
7806
626
4194
3014
4842
3594
214504
11678
1812
370
948
252
113802
400
826
2682
616
1311320
244
4730
242
996
8646
232
5806
2112
546
1942
2660
248
7328
766
2218
7584
1594
986
3048
242
532286
354
1092
1142
5116
4498
856
14164
3582
721800
1676
12890
1648
2886
6650
2414
13156
386
432810
242
8602
2850
344198
2928
9828
384
9496
1374
2768
5138
317290
7500
252
6674
1056
4000
904424
6288
744
362
10700
2038
252
9262
4287356
752
397838
2818
9790
4520
10722
2380
262
5296280
5200626
246
612694
1446
1525080
3180
4446
6504
246
10238
11276
70
2188
1214
4224
2470
282
2372430
1262
392
394
6538
3014
902
252
2452
260
876
716
614
760
4984
1542
1675980
390944
862
2872
5986
5598
274220
246
1492
3004
246
6494
128706
1944
5452
4450
4870
382
2906
6164
14230
494
244
1744
256
258
9758
388
3574
4048
4454
1538
14526
4130
2136858
1514
7091304
252
2752
2100
1964
3058
240
16572
10280
8642
988704
2844
242
656
4124
2116
1034
254
940
3418
2404
1432
250
3418
1816
242
2004
246
2490
1290
1376
1640
616
2630
726
9644
1184652
418
872
7056
5398
250
1258
21408
3943092
1264
884
5044
2000
104074
6396
1411694
2770
3242
352
11700
882
2212
2466
260
297628
986
792142
1318
46628
232
1924
338
274
1420
1822
236
252
258
7044
266
2161774
10310
1554
1285172
2400
575704
7730
4092
4958
6502
1336416
5380
3948
1612
244
404
11996
242
1904
354
3198
264
264
21270
5966
4906
812
1344
14268
250
6156
2898
3196
2466
5698
1120
8478
252
2444
6612
622
4340
1968
1781458
3830
9712
3382
3550
3198
516
864
6046
4320
1850
3346
5317088
6042
3882
1256
1786
4650
2550
101900
2510942
1096
6318
437984
680
5724
514
13112
544422
7288
1467702
2200818
5342
8006
248
934
3755584
3682
4238360
618
1534120
278
1564056
6322736
1232
6770
8680
506
11826
362
7056
8006
9468
984
252
6044
11622
2230
1474
3834
404
2016
7932
1500
236
1484974
260
7294
1990
13260
380
632174
2930
3096
476
796274
8512
2035858
2114316
3220
2864
10576
170204
8958
274
2662
896
1966098
8554
2026472
2912684
3596
258
1386
2328
1566
2279150
11952
5538
3272
238
248
3862
2615550
3530
252
12526
2302
7482
9344
6136
6730
11914
4932
240
5908
305038
12402
416
430
624
161154
250
5410
11344
270
5678
5750
4936
2420
2274
988
6558
1982
4964
7930
366
1120218
6497514
422
2938
1802
7966
784156
250
874
510
358378
378
3352
1384
276
7962
4592
5060
1014
1256
508
666
8024
6182
238
1326720
3060
12010
3988
8038
92880
602
7566
6656
2256092
2010
1362
1428246
626
8378
5262
2281828
5870
518
3402
105818
3534
5986
2567936
2768
358
3998
187130
260
1592
3600
5198
2866
930758
8968
195980
544
1650
294
1094906
260108
5508
2016
8830
980
3188
396
1684
1730
390
4414318
6814
9998
628
250
2262
1084
986
11966
352
3862
2218
14320
4992
520
6716
708948
3754
2862
614698
6235054
1644
1614
888
6772
1874
1146
175256
56290
1864780
484
7980
1850
693934
1252
402
2762
2026
2130
2708
484
870
228
242
3786
1716
6690
368
240
209028
816
4698
3676
6256
1932
109502
1244
236
4126
1308
262
14930
3792
264
5212
2512
378
1754
1438
2736
3712
1520
2382
7185050
9380
3112
3848
262
252
466660
238
158694
21490
982
254
9152
9822
317520
4284
927682
2240
784
17028
2628
3424
8696
36236
1800794
5310
6092
79774
794
9352
2114
5714818
1820
18824
516
6270
1432
6348
1110
6050
15224
2450
8620
1304
1066
1692
2866
2010
3102
722
1858
5974
2826
844
362
1460
1886
3634
2094
1088
866
818
958
1848
5060
1858
1807710
111304
1914
2256
1352
271448
1232
2722
2246
880
3446
1434
1794
4132
2354
5444
3174
3096
1078
7244
5030
7154
1710
372
2426
15950
748
2646
2252
256
1324
234
1018
856
2401020
4022
11512
3386
1078946
986
945974
1648
5454
252
3438
6748
4314
3182
2666
244
7972
4866
3646
388660
1674
2436
2170
773768
2644
28150
1136
5400
742
3766
2810
5542
1440
2938
10500
248
2690
3460
97094
1288
6250
349668
8328
266
1228
3587786
1850
850
242
1092
1084
1274
1806
2174
1724
372
2319988
834
1866
3672
1352
1152
564754
1584
3568
5786
2200
1382
1554
1144
1466
3892582
8840
5968
2770
2144
9292
1694
4138
3288
1972
1344
238
2590
975748
6446
5824
26652
5396
9110
970
994
1628
6694
874
226
4352
376
740
1466
234
3806
1544264
3040
2924
322572
1348
876
1714
12512
674
2232
2986
5188
1350
244
5598
858
990
3182
392344
232
2774
6124
2740
2812
4742
1422
1226
854
915766
12418
2730
1742
2628
8524
244
6814
4006
974
960
2732
4516948
740
76908
740
11136
4502
1466052
876
5466
10860
2002
238
1764
482884
5556
11518
3128
2572
665810
8582
604
3386
3686
3360
535472
5400
993022
2962
2618
1552
2190
11568
754
6438
2870
968
2384
234
398
3044
242
2692
6742
4336
1470
2768
2820
558972
1708
3622
9512
5308
8492
1564
9498
4282
5430
1942
3254
1364
1158588
11076
1420
598
260
3780
699202
1704
3362
9240
4966
1978
958678
3382
9894
17352
2006
1034
1836
4508
1802
305558
244
2714
3858
4052
2578
1960094
3424
2116
5272
4806
224
2012
874
1116
246
216
2220
882
1854
388674
2118
8810
2424
992
4532
6624
1748
2306214
240
1554
2216
1600
501360
2486
4934
1576
3178
206
10740
5884
386
7596
4340
3674
1322
3676
382
2522
998
2076
6336
2736
9662
1816
920
2386
246
812
4718
4906
9686
5584
1498
366
16348
808522
10228
903204
2458
12004
7332
7674
876
730
552644
7850
966
2376
2572
2268
1304
5540
1430
250
1356
1128682
270
836
244
3618
370
649632
5232
7932
22394
2391124
1590
2696
2584
5276
1262
3040
371918
4642
2368
246
982
742
6552
3604
8018
6468
2250
9782
2864
7434
4328
1308
7464
5064
2764
4358
1718
970
2766
2080
2384
1638
687306
4236
3000
570
1642
3196
6764
850
494260
1506
4760
1390
6422
2084
938
2308
7464
736
1687974
13396
2218
11702
2390
1086650
2880
2358
2096
608
360
4930
5944
242
1196
1474
230
3844
6746
2174
12396
882
1567958
5572
2274
5822
632
1320
2730
2318
828
1120
1036
2054
1944
3134
262
4004
1394
2386
1762428
5788
7026
4416
852
384
3626
1466098
490042
4734
813242
760
1698
1496
2492
1248
3452
502
5298
776
3062
3466
292204
1930
800
33824
6412
1874
171544
838
7234
3148
730
7032
708
1966
230
5476
9098
1588
2314
1784
4823112
1916
3444
4840
230
5390
303550
62202
1503634
878
914
3794
716
2754
234
714
10842
2222
379990
2850
5814
5574
2602
738
376
12048
1006
7898
7766
3698
242
1618
9034
3196
8422
4896
1228
1806
744
641910
278452
326198
4402
3164
4514
2044
220
2972
6994
6442
3430
242
2520
6384
6320
2486
281310
672
14084
808
1282
1400
1728
10618
244
561216
228
732
5308
6988
3390
2338
4308
2282
1146
519988
2084
1566
6520
5284
7602
1094
688
3778
2034
3032
4226
2150
2252
493740
2248
2530
244
2106
5088
250
4580
5086
7856
2126898
232
1704
2808
6094
4548
1572
1248
1118
5574
4758
730
1396
720
5218
364
1882
868
976098
937008
2910
1262
12090
6962
5314
7724
12682
8608
2718
636884
1874
1528
845532
6350
4548
732
1488
876
3800
1282
1290
8286
706
7152
666074
5542
4484
2632
706
4306
3182
488
2590
1888
2562
3570
4146
2920
5426
4694
1336
8392
998
6678
1258
7514
236
7234
4570
6652
2988834
2770
3806
841930
10718
740
138410
704
3172
258
1003516
3566
1828
1814
129890
980
1774
8916
9768
6780
2572
1931656
1726
3718
2400
1016142
1306
374
8288
4392
224
4632
2890
462372
4830
240
802
1586
2584
2100
1796104
990
1311006
7250
3464
2794
2696
1602
4752
11308
986
1572
1560306
4538
2570
599468
3688
3275474
244
2676
816638
1108
992
4484
2150
1999110
290
876
7398
17054
2072
5952
1878
780
2348
126654
2466
1430
2986
372852
3386
4608
1464
3362
2360
11386
458
3784
2424
4246
1380
2224
2604
2264
2262
6040
2382
4438
2968
390
3130
992
3164
1018
1040
4462
21544
2948
872
7482
476
7718
405236
7254
12010
3068518
2274
1876
1764
1478
3012
5400
1534
2004
8968
2416
2268
2430
647018
3968936
260
2756
2732
242
1663846
3472
2134
1906
1234
1670
12180
259406
2822
3912
1614
2108
2174
4048
9922
3768
978
2830
3032
6426
4534
4900
248
1072286
9132
9180
9510
2656
2480
3546
2916
935890
7824
1972
8254
898
5112
3071238
5878
2400
4020
1096
3496
8662
2680
8156
1722
350
1178
380
564
7434
9668
948
6328
3964
1624
1290596
2070
380
7328
1346942
3830
690
1712
3498
866
8598
3002
6826
3376
3252
7450
244
876
1544
876
758
232
858
4426
704
368
1607006
1470
1456
1980796
425424
976
1116
238
1012
8140
1022522
3180
2704
658
911126
1990
244
4952
2553184
3634
232
1832
8354
610
896
1728
3252
816
3734
2176572
1388
1630
882
2144
3256
858
1720
622
912362
3946
2564
224
354
4640
1840
5684
4630
16782
3088
9132
2322
1024
242
2904
2610
3482
292882
362
5248
4814
3962
494
232
1938
278
662
11946
1754
940
7158
1550
935908
1250
5048
226
6692
3948
682
425668
608
1142
6306
1044
3700
136770
3162
5910
964
2114
362
316324
4542
4698
1829852
5088
2672968
2831674
1354
8252
1908
2548
203666
522654
1208
386
2012
7694
516888
5460
3498
256
1414
1496896
1256
2020164
2773614
5092
1132214
1358
2452
210
7500284
7130
1023646
854550
773316
4338
390
946
2538
5120
2514
272
16108
3898
1552350
1054824
4602
254
7412
5868
1441846
6368
7366
834
232
625010
246
1418
4362
411912
3341444
1954
1095694
4682268
2418
1398
63940
250
254
1316
3148
2992
5874
2326
3744
1866
2788550
228
2280
5024
248
1254
1120
2866828
70
7604
384
236378
2758
1428
2816
308510
153158
7046
602
1150
12430
2994286
264
5610
1396
1396050
5236
380
5026
254
1754
2056
5910
276
4228
3335772
2544
262
7654
4718
2530
1554
2998
766
2650212
3155158
2544
9496
4960
6332
3276
228
1990
5290
11306
4451268
3268
516
334648
252
248
14298
254
766
1158
228
215524
1339702
260
260068
1132514
8420
2080
2517762
872
375862
16016
238
284
1356
3540
376552
1148
2698
463800
894400
288
4186
1224
352
7018
7844
266
258
250
1116
414
8242
224
988
1868698
3576
276
2200
2558
4350
400
254
2172
1096
228
4424
14772
10600
2352
1168
3118
1130
1614
2496
6662
852
228
1740
2010
72
72
364
1398
2606
5422
5112340
370
526
1095986
266
834
3552
7776
254
284500
330316
3132
2552
6718
2647988
1472
2518
1434
3120
258
5168
2364908
5511208
2302484
4966
1616
1640
13830
2462
2470
7752
7466
11618
3176
494
3502
16760
476
228
220236
669146
369504
604750
4738
3646
244
2840
13838
1100
3184
106850
280
2480
5408
2775554
4646
6394
2344224
2202
4048
228
2238
47372
362
1322
9574
390
2546
484
516
4570
4982
8036278
3260
2256
6338
252
138182
629308
1882
4298
3148
240
26686
228
7260
37444
1512
6396
3738
6000
8034
1784
488
4618
2334
2044
5228
1959964
416
6096
360
3500
4566
874
1010
719884
3678
3832
6198
3600
3318
10498
240
772786
9006
8958
5452
5984
1348
2046
2460
3150
490
500
526
3388
4258
258
2496
1500572
4438
125412
1122
4542
1578
8980
4736
1006
5480
1836
11910
4432
846
2170
3746
6612
404
8662
768
1302
4826
2298
1016
4712
402
1161432
2244
3108
743892
7922
2876
1726
252
1338
1030
3384
248
246
16028
1362
2348
4346094
12972
9900
1922
4108
9164
602
4808
986
1296
4052
244
748
502
252
5292
270
244
6736
6278
2084
1810
4776
3480
533166
4130
5566
2210798
6704
1828
4690
246
374
2552
7742
5430
317572
3032
2324
68
70
772
6790
8028
208
3418
252
5738
3132222
12148
14888
4700
1667470
1638
4528
7030
1284
1878
512
423216
254794
183124
854
2354
4304
7464
3000
2286732
9924
5440
2862850
624
394
2302
2040324
119860
7794
3628
10258
3408
1620670
1158
5604
500
8430
7210
8524
1224
994
2630
1565830
262
109092
1600
1512
372
1838
274
472
10502
1506976
252
4256216
5522
2356
4494
3252
1730
244
6746
2200162
1194
1340
3460
674014
3118
4016
3450
266
5786
1160
2596
3793690
3532
368
7626
4232
1880
4060
1668
9288
9576
286
15732
556304
3130
8582
10480
2738
958
5918
5964
5936
258
878
860
2604
1039006
2160
620
9624
14006
1988
350
2266
13472
6610
844
88
70
6786
1948
404
1872
3680
1856
2340
1371676
9368
1814
1010
2778
731322
2022
2632
227638
1006
11576
3594
260
1444
486
7756
2190
1618
376
5864794
420074
262
5676
3640
1820
3088
392
994
10046
644
6332
3886
3398
10822
246
894
84
70
9212
2726
1210
2438702
181140
398
5348
4402146
3080
3074
2154
8696
7462
1174
266
10824
254
10328
258
12780
5484
6748
197586
10626
2748268
1220904
1410
1712
1404430
1246
1028
1196
18216
8718
2768
726
260
206
3274
3328
240
1123636
3454
6812
2376
1126
4168
3286
1234
5786
2314
8672
256
6794
4524
1628
3572
3918
6148
6428
1996
3066
236
274
12478
11032
732
6492
1798
3176
10480
68
6136
3436
240
766
888
13872
3410
238
9928
5810
1326
10314
1550
512
14558
882818
659026
1210
378
1196
2678
2460
258
2343598
1150
5224
2078
5862
1710
2838
18470
264
5002
270
568
3258
374
268
7636
13624
262
6216484
2778
1432
10760
248
2558
6446
252
2304
1968
244
9378
274
2434
2044
494
2570
6386
4884
8846
19390
2604
258
3306
624
2802
266
246748
9620
2776
26478
3570
2466236
2146112
4849380
5250
489504
240
1122
2555184
1360
17814
2746
4252
7296
3974
1434
616
8530
4768
486
1116
1838
3738498
982
6863216
5084
6014
1130
2128
119406
1662
2086
4544
1010
5796
6862
5366
532
356
758
2938
5998
724
1138
1384
3962
106094
10564
1896
824
266
1887594
2392
63064
696
5170
392
4856
362
6140
1224
4748
3186
18636
2080
870
11272
1020
246
4272
6880
2910
2684
1546
3894
1584
2586
240
738
516
2042
254
4996
12284
2952094
4600
1489206
1102
876
470
1210
484
2382
6696838
3276
2022
6160
1448
2734
492
13386
1336
10490
5562
278
2874584
246
2124
874644
2680
2432
3900
16708
270
10230
876566
626
1298
2224
896258
1276
268
9686
876
262062
5048
33918
254
2314
2602
4150
366
5786
4490
5000
6610
1824
268
498
264950
5242
1266
2516
2562
4176
248
1234
2584
14924
258
13334
3374
980
1742
1680
1932
11620
276096
5254
3562
170462
1542
1332
488
1188
1644
3298
3402
3648
516
5098
664
1401238
2494
5372
10424
240
4680
5350
2196
248
993106
70
813780
40670
7024
3180
2470
1538
1427676
506
5080
254
130766
5160
1492
250
222
9562
7946
242
1348
980
3924
842
6702
70
68
4940
404
3080
8748
2438
240
630
3046
3386
1674
7438
2588
358
2672
300598
5470432
2646184
372
2762
372
2974
534
1806878
268
7840
242
748
9742502
266
3858
2382
2964
4036
2578
3008
820090
12358
4084
248
5078
1124
3628
4431526
74
484556
2032
9368
846008
70
4570
2680
4032108
2906
1204
246
246
5874
10122
147692
10770
2130928
5376
3790
242
3052
230
7430
4282
1714
258
354666
5762
6768
7330
1648
2648
246
246
404
4914
4654
4446
3908
236
388
242
2792
1667878
4452
252
4584
6080
2696598
70
116276
5962
258
8672
3026
7870
1159046
1191034
70
251574
2902
5244
986
3176
224
532
4092
1378
4868
2020
1362
266
1920
238
5076
248
6416
4268
262
1760
70
643428
278
976
70
964
656
724
70
68
242
8450
1322
7429878
68
818
6432
4509024
199938
1802
2426
4252
4140
842
1853226
942
22182
260
2808
4502
2916
68
618
7882
2242
1508
1954
2808
956
2098
728
5558
5022
895966
264
976
386
2980574
4576
3118
574
5488
9540
594
238
2054
5650
10140
3554
314736
1778
1178
830
1938
810
1094
70
8706
250
1820
4954588
6928578
1078
5720
11372
1120
3242
2076
996
1946
70
4342214
246
3848
586
1450
3824
12530
2956
4310
10960
11568
4220
544636
149686
1419202
2730
2080
1308124
384
714
4316
8688
3456
1702
736
2222
384
234
2384
6322
1196
7256
700
268
396
3846
21490
1080
5142
2622
3120
70
4270
864
1582
4126
1102
384
1158
2503796
601758
1162366
3044956
1995626
3434
11222
5392
2886
3038
14752
1452
252
4600
704
13480
228
4574
4660
4080
4986
1672
1330
396
1950
5908
6816
1342
836
5738
266
6832
3588
1898
860
256
2708
3418
1366
846
5516
1820
72
12334
10054
1012
7960
1768
6704
1702
226
3396
38964
8668
5754
3814
786
2654
5596
13614
7632
519066
2028
145642
2736
3386
12796
392
2822
1448
4400
490
4680
3310
240
238
8294
1540
1932616
930190
3844
376
4004
8830
12518
3086
2780
2474870
3282
2484
392
386
5922
2584
1026962
656
12322
16478
236
370
226
1859298
1344400
11472
1548
7344
226
382
285336
10720
70
9862
3842
2618
2459770
228
1830
1346082
2820
1482
2268
2900
5638
7708
93920
248608
70
252
1004
710
911936
3588
3540
89270
823410
274
2032
4574
457516
238
3166
968
4484
3264
836
14298
254
8030
1826
6648624
13278
3206
578710
262
248
3402
942
6651504
11688
2848
1534
3178
209300
13764
2062128
1602
2478
3876
70
5204
6116
10560
712
4288
5932
17554
2580
18640
226
1806
6720
4227174
8652
248
8670
13440
6752
242
5028
4934
2063852
7682
3654
1432
1513292
368
289834
3302
254
1206
2042
13474
664668
2768162
9108
1936
70
2398
1271776
4300
7292
922
6290
4708
2308
2666
14162
260
5398
1540
1908
2720
1146
268
5062
4440034
6956
1984
610
8302
2656
880794
5454
13740
408
16334
1456120
4034
1470
4722
1516
384
3058
246
2286
838
9052
834
18362
806816
2730286
728
4818
5398
6076
5378
1192
492
5164
392
398
240
3386296
3084194
819468
10716
266
8888
2426
248
7826
70
5574
3073284
1922
1037676
4116
4418
420992
5108
388
9096
1916
6962
280
9692
8182
838
847932
1876
4436
1499506
6410
5454
494120
4700
14145882
6280
1546
264
72
72
5170
3484
1862200
5270
6452
1464
7108
8294
226
1631138
11362
1663106
250
372
5008
3016
4096
8624
3262
6640
2844
34422
14178
70
2392
9946
2906
2567028
5562
22392
12964
2084
260
3492
262
5922
368
3466
3132
956
6190
726
1248
2245050
380
6436
248
14098
62928
4894
8232
4264
1912
22800
469498
2900
16994
888
7364
913722
1742
1298
68
1125080
6792
3028044
1068
2776
2507500
350
266
7550
3702
2790
4262
70
3228
3416
6048
5290
6210
8398
2136
5224
410
7406
457822
11524
580
12264
4034
246
262
1118
1210504
1764
1356
1902
2582
240
532
27058
236
11944
10460
1609922
7080
11108
14438
1266658
6330966
6016
11380
7614420
6256
248
240
4486
4240
3238
14908
14268
707126
3322
3618696
2768
4550538
1122366
14980
8244
10238
550
3601422
486
3424
3708
12050
252
538
982
1282
5864
5798
4826
3896
254
1092
1638
4792
262
2110
4088
4754
2606
848
868
4448
254
5374
7746
1533424
2088
1313282
2216
6328
70
70
252
3130
17224
2230
2494
422
1530
264
4752
258
7900
10268
4438394
1332
5040
4394648
250
1376
226
1684068
9468
6070
761518
12104
7172
116542
940
16992
86
3346
2000
1120
2330
6580
8190
840
3500
2398
3062
4638
5144
7048
6710
8256
3014
2642
7184
4424
12864
10210
588
1938
3191616
1162
246
708
2626
244
236
377294
15584
474
590
2868
6070
14164
242
70
2434982
1476
850
25100
8352
3414
380
5012
3598
3800
240
970148
946822
1947604
246
3894
3902
4442
3500
8592
17754
5986
2062
6210
7262
2850
941664
3186
2298
70
68
15862
5564
291790
1782
5618
1680
2120
850
1280
2054
4040
990
20880
7690
4034
6978
2698
17276
5572
12590
522
1542
230
408
2480
1622
6476
6748
9956
4534
4522
360
2330
5202
2818
246
254
2858746
5852
5492
392
1713586
11086
7754
256
226
308430
4002
5600
4026
5578370
1486
590
6078
2254
378
248
11088
1210
9066
11050
4192
7580
9296
289196
1202394
242
1538
708
12470
2758
732
280
542
19340
4146
1418
248
137154
3244
1250
9314
952
4500
5224
1118
70
1462
4642
3862
1872074
5066
3390
808
3520
68
70
2624
2776
70
68
5242
352
3742
372
596
1618
5148
968
7098
2032
16016
4822
4158
2318
10246
246
1410
2584
7024
6506
5640
1350
386
2520
4728
256
5770
674
234
791616
2866
5102
5108
1842
2041738
7044
70
70
258
518820
1256658
1944
2385888
2321572
6574
284
2470
3658
3649854
8192
1694
5314
5054
988
9220
244
175604
712
1052
248
4230
4510
774
2534
8302
8020
732
526
4878
3454
4982
3388
808
13110
372
13302
3088
234
2902
3040
3512
3194
1896
3374
1436
5196
1160
674
10414
2744
692
7820
70
690
2844
2058
924
242
70
70
256
8544
1860
5226
19084
5770
17732
777700
488
8360
74
220
3968
2638
3418
1846
3912
6146
268
4384944
262
11224
1897458
2802
2168
3856
250
240
796830
3932
574
5386
1710
6326
12656
256
630356
923180
6098
1940218
3040
4408
3172
1216
372
254
388
2231982
3506
1082
8872
2695578
31448
3572
328544
600
2345208
4228
3022
3714
392
2500
2996
2494
6812
5654
934
1436
1186928
8526
4402526
1670
1728
3573398
1438
13322
4676354
3354
9412
4248
2344
232
4198
494726
1426646
7756
4054
384
5150
6990
234
230
9652
2988
9950
9504
6624
15558
8366
1077270
19138
260
4552
2154
14858
3486182
2080
2286
366
1200
8252
1940348
1511598
1936
2638
536
714
1978
14346
2398
1288562
15686
14834
366
254
1431198
792754
2887228
10636
3068
1590
2227386
2490
2550
904924
1122
948
277202
1486584
6112
1620
294
9940
1562
1234
16406
359860
4738
8480
6302
4249704
634
2082
4010
814030
5798
2947410
5008
6192
6534
3210
4080
2220
420280
6976
3242
5164260
3412
3962
968040
6120
12176
2222
240172
9168
181804
2518198
294
2442
13996
5898
270
3906
684
2606
1328636
396
382
1848
6976
56690
3318
1716
1789656
24848
3940
632
812
2938
5276
1624
352
986
38294
2392
6096
3560
2866
4422
1218966
8030
268
6530
632
892
372
2888
254
362
659194
498
4240
3406
1722
4626
10588
2770
4741932
1740
1610
24340
740
1484
4392
2782
2362
2204
3103542
1118
266
641794
1270
298
3038
9576
1420
1292
2734718
266
248
270
1656
1520
298
376
1728
8066
1846
2686
410
1234
3240
5260
2120528
4228
308942
8064
1256
287680
348402
256
390
6698
1680
258
3916
500
1210
1798
10314
1642
4684
1082
2590
6484
506
366
5238
348
9152
5086
63088
1564
1760
846
3400
7550
2240420
366
16402
8418320
248
6390
4246
10790
280
4566
587230
10070
1209752
1732
145594
3622
264
7654
1878
768
2528
3126
7814
2412288
264
10534
380
2564
3176
252
612
10086
3986
1919618
18822
3096474
13670
526
532
6406
5544488
570
1456
2819458
2178232
568
976
300
4628
270
5832
2862202
366
434
2292
294
6402
268
2656062
4662
1358
2668556
516
912296
5626
7422
334514
4552
21524
1660
2244
4532622
6078
4504
5662516
8346
2848
2516
3346
2986
752
3662
7976
9334
2396
898
11396
294
260
6354
282
2324
1577740
1742
5670
880
933978
266
210970
1084
10692
6854
566
2432
4256
2448
2418
1778
5096
376
3620
2928
3608
1279278
1600788
2552
1516
244
9798
18218
1120
522
264
266
284
9782
296
2470
5020
2156
3832
552
3356
4052
5046
15126
296
4976
280
650
4702
5234
9790
5940
8600
2680
274
4816
1747928
10472
1940606
7042
1690
4210
2668
2730
886
262
2394040
1564
6456
6198
886
2046
1327634
270
758
12510
5603364
3069152
3360
2724
388
1422678
2644
566
2904
6624
288
8394
1248
2826
2194
5870
3250
3974
1334
3250
4909252
3318
768
8740882
1024
10100
1738
324954
2201182
297754
3070
492
3200938
74
70
2188
264
1512
5294
12006
190710
278
2470
14710
7068
2392
884
940
2926
17486
402
2404
540
262
18546
2350
2752
6970
10606
270
270
632994
1786
2038
10932
256
1256
2556
2692
266
2580
1362
286
1008
2400
268
4884
2034
600
4674
7072
2754168
899986
1082
1077946
8204
922
2206
309968
4362
1328
6368
216
384
9386
13488
1926
1126
664
264
2864
3404
3256
11340
3948666
4922
3020
494
1529072
504412
272
570
3368
1120
8960
270
290
368084
1676
634
690
18412
1114
8486
8284
272
13346
1012
110484
9798
639740
268
3122
428
1378
3708
260
1256
12336
1002
3534
636
2419886
380
514
43178
13614
1240
3154
2296
1506
666230
3672
652
766
376
392
5684
9608
4412
754
2336
266
752
740
6796
4102
10200
549830
246
5768
1408
552
7492
400
646
996
593092
4142
15182
2764
906
3168
5950
390
1099384
10388
1064
532
5436
2594
116566
504
3303352
3320
2670
262
1118764
1152
764
2710
112682
6164
2478
9168
270
982
5570
965374
1132026
22470
1414
1123036
2360
5100
2116
290
7744
392
1742
68658
3672
272
96416
640
654
940
1004804
388
6743084
8428
598
2378
1308
14790
9770
2170
5372
1984
6136
2120
23440
1354
22122
4006
1950
4856
6472
14260
1108410
482
3004
53742
360
4463964
7894
2756
5596
4374
2418
272
2392
7054
1816
5698
3070698
721138
2926
864
4064
386
2576
266
1146
792
9976
2099692
280
1560
44952
242
1346
5746
3578
1256
995134
278
5712
860
207408
6634896
11000
1398
13472
2042
872
418
3718
3844
10152
392
6194
258
4852
1955904
258
2184
443814
358226
270
2070
278
4794
860
4296
102734
1420
2264526
5388
886
11032
1800
1252
4652
822460
1846
1228
658
6180
3448
1468
4400
736
3768
3362
900
7434
2244
546530
1794
6064
1358
264
3356
970
4177016
2138
1712
14636
298
1174
755304
999704
8194
7040
6036
632894
6728
382
5070
1026
3231396
8256
1624
1948
1075670
13610
374
630
854
17384
1828
4060286
1784770
2254
434
8250
266
5128
8578
1716
1770
474
251100
25440
1026
1129406
1965442
4086
4036
4198948
1395542
614
1756
328592
332332
1126
105490
10016
10246
2892
3714
17968
499550
4062
6534
426
4830
5192
9470
620
13614
7044
384
900
5534
4344
2480
4050360
572
11786
923546
534
1485242
10200
5736
5730
963554
2628
21460
386
10284
2512
252
189402
1120
2748194
504
2766
2988
268
11090
1876
2324
282
503176
2328
1098474
1559462
7656
282
316550
11072
262
286
388
3428
5050
7458
1244
2472
270
2834
1410
188722
3758
290
3454
1252
280
10648
440
1874
1186246
7726
918
920
2264
270
2649638
1948
266
2518
13762
7436
278
2820
750636
2268
254
3956
516
2630672
1296
2840
8868
1010
278
1410412
7872
10730
9538
6978
260
269578
6614
474
6602
10882
1444
1923354
2072
931368
904584
3190
6596
268
10160
394
4838
258
11526
1760
248
1162
6040
518
11986
266
580
1010
8838
254
7194
5090
11154
1297094
762
6976
3126
1420
12726
4714
1097280
3486
4377984
2460
252
302494
1854
1878
894
5160
375772
1566
5746
393688
386
1942
3977998
1762
3042756
262
388824
623064
3144
127940
3772
8458
594
3949350
2572
348002
3592
260
1616
2350
4386
2694422
626
1832
1918346
294
8192
378
1100
380
1790
1102
686430
11464
2737168
6110
1227560
398
5304
1864
578
9014
280
384
10068
22850
7232
1142634
357320
7368
244
1118
5502
2996
4712
694
2336
268
400
1138
128224
750538
5616
4922
2002
290
252
820908
2962
4318
675340
846
248
2638
6282
6420
2396
526
122492
264
1596
270
1040608
382290
593224
7828
272
243316
7252218
744
1040218
6482
1312
3454
782
3064
3456
4856
1478464
392
5114
14238
2266194
5014
2228
1182
6492
3914026
2236
2214
3242
266
2314
2164
2362
4414
3898
8032
1142
1379294
1756
992476
302
344348
1878
10018
6032
3118
1272
292
1194
539904
1354
5462
246
3506
14118
5390
2454
7194
2942
4020
3214
270
2846
4176
2430
3668
246
1506
508
2664
1480
2704
2936
1250
4904
258472
282
732
2986
1412
1023306
3430
3118
640
5584
5804
5896
736
10626
8318
248
270
1910
1406
518
4962
1576
1834
345848
4754
8454
1962
16732
1258
1862
6090
4714
3140
4976
468650
405814
1120
1608
6388
987918
260
2310
2682
3250
2504
710
9466
4498
732
3310
489940
6818
2666
282
13218
4064
1448
1750
1092
780
4510
1880
722838
3294
1938
242
1624
832
2038
3572
1316
4384
4910
3298
1848
246
7560
5550
2694
1364578
4960
1440
6750
6446
802820
2530
3008
1772
400
1170078
274
2836
2890918
2362
3688
1284
9742
11324
1786378
2964
60024
846
2074
4042
2088090
1398
2702
4964
610
1300
2444
2214
286486
5840
480832
9782
2980
5374
4758
4146
4100
1222
1750
1417648
1738
1146
9212
1394
274
4336
3366
644
882
10600
656
6020
2192
5424
6434
1864
7330
1362
866
1076
2252
251100
4388
6012
3372
3360
4346
1666986
17974
1192
1362
860
882
4216
1990
1364
1220
3470
66616
4892
4336
268
1320
2584
274
560352
2202
2138
11144
2300
254
10002
343118
1844292
5346
744
10490
1490
4916
3042
264
2102
7812
248
1330
7406
1456
5568
1974
751436
2028
636
9212
5888
1392262
274
11456
935364
734
2728
781990
658574
854
2260
957634
282
1586
4404
9258
740
3494
3938
986990
3376
2356
8190
936
1824
848
414
8726
392
4554
5526
2229662
7040
2920
2562
6186
8616
4092
2652
4388
3454
3714
286
2718
266
2138
1436
1870
284
3394
960
750
10308
8516
634
261012
264
3446
364
286
2494
1226
3073112
918
1760
1222
1762
8166
4928
2276
7698
419430
2936958
3948
882
9364
1986
778
5590
1574
300
1944
278
2058
5328
4180996
1938
436650
2354
1032
4728
5690
3596
1346
8408
1382
3178
3142
4310
772
1194
163428
3010
7168
4370
3042
2336
7940
9778
1338266
958368
116192
8590
854
246
6676
2540
1732
270
9612
2010
1634
10760
1118
958018
4536
4314
242
2776
241874
6852
3058
3642
530494
29546
12498
3680
8478
3214
2826054
2150
3700
1938
1220
3528
748
69512
2949488
7962
976
2588
3498
5860
2532
1465502
4910
4494
2096
2216
2378
4026
1694426
329518
1724
3190
6396
742
2846
672
1512
2931636
2836
1566
4216
11466
446
5010
2586
886
8582
2636
3866
116816
1230
276862
5654
294496
402
5936
4510
2344
566780
1894
1799244
7008
4248
240
1760202
5405158
2588
1164
3240
1334
2670
996
1104
3364
986
523252
1564
3486
1312
2074
3180
1132
2536
1702
1060
8532
256
5136
3068362
2404
471960
3121136
978
5344
1138
5518
650
2041882
504
6534
1950
3544
878
1242
8364
2294
268
9558
2826
8184
156818
1888
642
1210
11098
1222
638
954480
1988
5265788
2152
574
1786412
902086
12804
1944
1773100
6770
1788
1766
2302
996
2592
8254
1508
5932
1846
390
5866
7306
3624
13364
2004
2898
1044
268
2296
6042
2138
2128
2936
4684
1398
290
1304
1852
1146
270
2984
752
2658
3764
744
7338
167724
1575264
1968
1438
1726
1458
5122
3238
268
3866
368
596
2220
258
2012
13818
3160
2496
4000
8422
6064
1516
270
2510338
2848
2324
407018
5890
612970
114988
6488
244
4894
394
3432
1372
2674
4680
1410
1568
1366
298
886
296
4218
5376
252
6538
1318
1305960
3870
3910
1652
429176
3040
2516
710
1854
1628
262
7806
5658
780
856
432464
2058
2974452
5216
2740
1632
264
7276
8660
2940
2400
4286
3446
368
268
6496
1074
3724
4392
1674
730
4204
2474
2160
298
3808
3104
2718
1904
2021264
684780
14148
1788
374
1546
4682
760
7858
386
392
2444
1027854
248
262
3882
1968
1740
1024
1318
1626
7472
3542
3352
4718
1636
3034
6572
284
380
856
1812
1267854
3126950
2077198
6050
2250
684832
5622
5076
886
4552
973372
5796
5414
2484410
4844
6084
12474
2460
818
886
541866
1238
4948
1592
1340
3274
970
1878
242
3098
2196
1478
4978
4508
957132
2458
7500
18824
5408
2008
2050
3170
5066
374
5674
2790
10110
14380
11024
5764
8044
1638
394
764
4190
197054
3474
678100
3314
2746
1164
854
7276
279734
71550
1178
2224
17266
2646
734
254
1462
1258
294
816
1638
5398
10648
1388
654
276
5184
128610
880
2774
2570
5068
3868
5714
782
765794
1620
3682
2062
2434
980
391464
874
2022
776
276
9686
5116
4452
666
264
996
5060
278
2572
385366
3950
224
856
4868
238
2242
5630
2842
908
3680
2202
282
2479432
2414
2794
3110
3072
3662
7778
327342
2506
3040
1392
3876
778
7270
2948
6660
4378
298
2392
2138
3762
4996
7160
1128
851608
2020
2092
417736
6536
7836
270
1581146
368
1022786
650
8720
214216
2210
1924
1830
272
3494
5410
3806
1452
2356
766
14984
6184
2822
1666
286
2996
3984
250
147700
286
778
19672
2630
1120
2176932
4330
5212
998
5038
6178
5260604
868
1046
4590
3428
2532
328996
6058
851098
3552
3652
5814
504
5284
3970
4212
270
3176
1978
4166
3022
553432
5082
720
864
258
1034
2528222
4578
1732
2792
3656
69506
5424
1834
950
1132
4784122
7940
4196
4140
255454
4954
951162
7272
5336
796
3262
4004
4038
1116
1190
1258
4042
3316
1502
17708
9174
2170
4112
10762
884
7158
5598
1882
2168
900
948
736
2456
2860
366
2238
280
2766
1652
1678
1686
6678
3202
5676
648
10384
6478
254
10706
1134
1002
2834
2636
1242
143510
436
2862
866
7388
9530
738
1962
6448
2144
1742
268
366
804832
3654
7866
1974
492638
6090
1254
903284
6252
12734
738
2508
1354172
2127400
707184
1438
6158
4054
1306646
2812
7082
291254
3266
2076
1376778
1884
1002
9130
8536
1759940
738
1124
1398
4072
516
2388
850088
282
756
1208762
4166
2904
1624
1026
1544
4112
256
2602
2616
12598
3902
414
2534
656
12054
574
8836
1436
7678
1854
884
866
1878
2783354
1256
4113710
69504
1768608
1330
4204
1482568
4768
2312
2622
12574
3392
5654
1810
14688
422
1176
896
3550
4938
1412
530
1220
418322
106702
5670
1396
730
274
1580080
12600
3078
5304
4494
2262
2598
286
1830
292
1476
980
676
5276
1504
382
4650
376
182318
1158364
616
1208
4094
992
290
671598
434
3778
291812
5510
1460
2598
910
388
268
8260
1500166
4230
2554
4166
11010
2308
254
1844
9844
746
1097400
11346
778
4302
10716
2618
8734
4322
5666
6794
4488
2222
1936
6274
6190
9738
4369282
16368
1010
4674
268
1930
5100
6114
1007394
754
996
350
9640
7576
2448
1952
11504
274
10916
11520
2166
1472
278
2060
4784
1049498
3370
2612
2376
4750
4790
7020
876
254
986
2294
5076
1614
2862
372
1656
1144
1476328
1632
710
398
6582
3406
2090
7932
3394
10920
264
1003748
2698
2328
6494
2542
1460
3484
1128
2519144
1114914
1532
5314
200146
6548
986
8720
864
5122
5078
1308
2270
266
768
2000
6270
3450
2896
4694
5556
368
2872
8404
1088
270
5180
8522
1556
352
1970
404
1950
296
402
732
4160
7496
10580
5140
2752
8562
2528
8896
7520
6228
3530
502
2360
2724
4364
10776
1718
7506
4487476
264
3256
6044
1694
598
440028
746
3288
9832
70
4204
6392
420
7714
3770
3272
6298
8490
1952
498
6304
1652
11648
773568
8532
4634
8846
4184
2286
2209276
2270
4234
7082
1466
889004
9374
158444
47754
1982
130658
1450
1358
189858
4802
2088
6790
5908
5684
3056
1360
508
1294324
892
7224
624748
358
1078
2052
898
4846
3388
2865798
932
551618
2220
280
2416
2160
5132
286
8300400
5688
2620
562
2042
12306
442
2768
1564
6624
426
4902
3692
266
1786
6448
155300
5624
292
3422
1710020
1964
1622
1952
9472
5976
5320
2214
1828
4390
2194
1607562
2751572
3250
7390
1256
673050
276
3796
966
8490
3812
5832
3992
1158
16568
1942
2490
20472
8194
892050
276
3726
1516
8978
242
6172
4628
5908
17014
3484232
2092
6040
282
3489856
2172
3126
1860
15260
182664
1550
1812
2440
994
1946
1080
434
900
3570
374
1234
750
3038
738
1124
3012
170260
6069444
457610
9180
8428
398
2738
8700
6176
1124
1546
16004
151570
3112
5366
3106
748
5320
2850
3152
256
3940
3870
292
2880
5848
258
2398
1542
4192
6280
1586
390
4758
18962
732
6702
8640
294
3970
8916
740
4200
10330
11032
9646
2080
8244
272
418
1472466
3350
5416
270
3432
4690
10696
5614
4406
4422768
1262
976
4674
10344
6992
1322
770
5908
4954
1372
11174
2929732
4660
969924
4080
6584
13656
2824
76826
2059060
1754
4490
1666
4084
882
744
5424
2990
4664
284
3850
3116
6012
9506
1762
2252
392
5732
3984
15750
1212
4594
8038
4428
254
1006
9728
244
1066
574
14142
3000
2021090
2096
4176
1150
3806
1194
780
3262
8886
282
5064
4896
3660
2344
3480
2272
3378
11116
1026
1494
6322
1230
1376
392
3650
2382
16194
860
1838
1158
2996
3406
71226
15392
1206
4866
2060
1126
10738
1778
9324
5192
1532
768
278
4794
554
282
7932
6442
7128
3038
276
4768
4762432
1800
9440
4370
3286
3614
1078
3442
5160
396
7164
244
3804
5266
260
493128
290
368
4540
7540
19692
16450
1712
3314
2862
257408
268
248
12246
8642
1150778
1852
262
9806
129710
260
1310
226
1588
2830
4158
3838
70
70
4832
354
182424
9472
1666
5554
594598
6060
4088
1049396
6758
1766
260
5000
2912
1092
3532
756
8716
1412310
1794
254
819868
6072
7344
5531768
1664
298
736
8580
2130
2648
2240
5464
6882
1906
1462
1844
4720096
246
5470
87128
780
2048
3126
14284
7014
1450
5146
414
1390
1930
709108
3570
1416
1996
2400
628
10214
1000
740
256
4424
250
414718
412
5784
5072
250
3244
280
3238
1098
11748
2936
200052
3502
1018
1966
3102
3474
524
104846
968
3592
6394
2110
262366
882
1488
282
1616
242
552
4396418
3716
314
7764
21260
7902
3436
380
4102
780
3544
944
5374
1142
1772
436
2857378
5426
3530
430708
5414114
70
70
5216
274
274
991384
3450
256
5198
4206
3138
4910
772
400
3946
628
11162
396
12336
49636
8138
2584
2052
18592
1326
2656
2106
396
7286
4370
2660
2794
1592
3850
3590
3216
3364
270
11374
2230
22550
716176
167550
3240
1003406
1410
4280
7538
2654
3850
477972
1278
1378
994
636
800
282
1956
8999716
3690
13096
4652
35318
13428
266
1420
7826
12998
4662
12922
298
1652
2910
2824
402
923900
400
2512
666
376
3004
742
414
274
3754
3650
3094
9172
5098
304
2648
6264
1616
2330
8272
296
2026134
8108
402
1804
244
246
8898
4992
1450
2466
1068
880
872
1596
9490
11278
5232032
1373244
2445434
486
2972
5972
1556
298
292
10896
486
1458
1054
5648
5650
794
5074
1744
1620
1858
6160
1922156
1878086
1478
4540
1392
2222
1834
8682
5407898
1358570
453608
34428
276
520
8416
5626
7978
309526
13730
248
1348
418
4886
1704
5320
2244
400
244
260
2414
9878
2140
2490
4998
1991760
3702
11188
5704
1152540
280
402
2642
15874
1258
2192
258
8378
7640
10530
6080
8700
2560
12490
2644
3150
4992
1252
1086
1746
2686
6186
3542
278
10280
9350
7092
2478
2340
380
2354
3418
274
530
278
6610
9332
914
6992
4820
4162
3088
2492
2430
754318
4050
2632
1274
634
8248
8696
5084
9030
2320
1146
3274
1759258
7498
2950
278
288
9544
1250
288
1878
4169902
5970
1639214
68
70
2784
214724
2262
5442
778
956
6978
5752
2160
3454
750
1798
2336
1658
748
3274
290
3984
764
1063820
6062
2212
1930
640
782
262
3240
5426
13172
1210
3346
2094
5754
393602
3104862
1316
252
10762
2728
6632
654380
282
10968
1698
3906
3840
7462
2666
2924
2480
3346
7236
1408062
822
10618
1706648
1878
4562
8670
1760
3320
1035368
5732
884
2178456
1966
2804
988
290
5980
1168
4854
3600
2150
2186
3368
5000
4774
3482
5766
3742
4920
636
270
1262
2618
1138
1378
1538786
8494
3154
4360
70
68
2420
10322
7292
1507864
2120
222
1460
300
3256
2264
256
1672
621234
1538
7866
248
988
864
110668
1600
3386
7216
70
68
294
10478
880
10728
7074
5634
9684
70
70
68
4714
4598
4584
13112
4368
5290
1208
9328
1663666
2376
2825180
4382
2001266
6154
6706
6908
2690
8006
268
9390
2256
3520
184074
298
2120
1243348
1896878
2327702
2372
3082
1344
2672
18494
6564
1495522
4316
1143932
436120
3094
1708
1368
70
3862
26208
282
2614
4530
3096
274
4330
5072
3641990
386
2544204
2076756
23360
2346
9008
2892070
2746
242
1614
10870
6908
3604
1382
3902
276
376
5694
5302
1954736
610
5048
1832
280
960
954
9292
4726
4548
3790
1122
5336
547922
4405270
860
1655364
5376
770
870
2298
6738
272
4340
3840
2127214
9112
5066
18182
7167362
4480
1832
4226
7250
3722
244
7432
1028234
2046
372
3958
2422
11488
284
15560
4096
1214
1246
644
256
3895844
2472
158260
12812
1416
712
4750450
832
4138222
284
5002
274712
266
3720
1828
4302
15432
2040442
506
7920
258
3236
10734
8352
6328
2853388
274
3992
4758
15768
12620
4472
264
256
9448
7166
8432
70
2926
984
4172
678696
282
16752
244
984
4922
4410680
151622
2684
7926
1204
754
3000
1346
392
366
16538
12970
660232
6144
512
820
822
11782
4630680
8352
10740
5994
260
1666
3754
4492
9596
2678
8504
2483344
850
260
14608
3234
876
2422
1804
176582
22118
7906
3252
404
1402
8578
4520
2562
2272
1512672
4066
1708150
5188
3168
1759962
4386
5346
6326
2950
6060
8582
15372
8010
9196
2056958
1586
1214
386
3082
1820
8524
2164
710
1454
12936
5790
1598
248
6906
14128
2284
1178
9968
1412
14130
4212386
1810
1766
7394
3498
4300
5372
8421106
2469722
812
10134
4128
418
9790
876
1694
844
13366
5092
3126
70
3546
235678
2028
2936
2668756
7320
3990612
5644
7966
410
141576
3818
5510
956
6116
4575398
822
262
1576
402
270
1478
8418
2002
1358
7118
730
2713722
9150
193300
8944
162298
9356
3302
3230
2942
5510
2080422
3248
6110
1860
424538
5826
1491266
1256
6402
264
70
70
574
1370
62008
1946
866
37402
404
329132
2596
2088
3682
5322
6989750
545346
9174
3094
2078
10314
7400
2748012
7296
19302
6758
752
6260
20534
9800
11386
1184
8574
4630
2928
5284
2406
968
580
6045488
7878
6316
3654
5826
68
964
3986
4200
1352
6288
2236
1386
4064
2924
654
8012
18444
1985900
300390
5504
1510
238
973748
386
4154
19512
13592
11786
5374
4676
20282
2434
359938
11630
551024
375950
3862
2428
5254
2414
18556
4500
3434
1316
2526
1542
3880
1836
280
3146
10680
1588
70
3426814
5848
2578
26894
5744738
3480
856
3457608
4853802
2750
418
112262
5854
4368
2304
3344
17158
268
78
750198
4944
2502
2818
2984
170808
296
518
1098
68
7822
837178
7788
70
260
10282
4976
386460
157514
994304
1344
28662
500
15164
4738
7408
11764
4240
2612
5638
4912
12096
276
292
878
5768
3614
976
3316
9270
858
7662
2426
9996
2636
61562
20332
1176848
1899584
2660
3336
1092
2028850
9016
571782
340
2558704
7354
3558
9037624
78
26434
4246
9178
494
8676
4768
8398
10220
492
1222
9096
4055776
2176
1220
2516
1710
7098
1968
1458
11420
266104
7178454
6048
1080
740
264
26564
7648
2384
21678
8010
272
3790
248826
2032836
7000
282
5292
998
1004
350
1604
11240
70
70
3214
756100
278
380
258
268
6318
887184
31456
5446
1062
2100
8982
1638
9432
1630
5080
1772
390
2798
518
2148
310
612
1494
1432
3452
235776
1664
728
9048
952
286
191894
1682
4292
3980518
408
5506
3748
72
6016
7110
260
1198
580
508
244
2538094
3084150
726
14944
274
852
266
4290
4560
70
70
2132
4264
1344
416
964
262
2908
7830
48376
70
3140
760
406
354
991622
3676
502
1440142
8518694
90268
4708
5896
15026
3918
4142
4490
5368
3262
11694
18130
2900
5466676
296
858
72
70
2802
1690
1784
6056
13608
70
1254520
248
553232
82374
7344
6150
2582
3584
566
1122328
3372
2782
6082
472
8028
258
5056
1648
72
1438
3874
78
70
421816
1185106
3512
10052
292
514
240
3000
592488
12660
55504
3082
2238
1560980
3792
3174
412
9676
70
502
13772
776182
1008
1690
1534
1952
474672
1188
830528
644004
70
70
3418322
3006
840
7648
1178
590
3318
10490
1766
246
6902
252364
9660
1484
1270838
5220
1339680
1328
2088
624
4558
1170
11960
537880
1629220
14180300
2258
11124
278
3800
1564
1158596
1090
1426
264
2970
1116
502
7750
1776
258
4460
1406716
11786
950
6716
366
11104
10432
1256
1462
10102
288
6002
284
1860
3442
6422
11620
5388
3820
6684
5790
4002
270
8454
1266
3776
1818
12238
7894
2439504
629838
70
1822
3830
286
1202
5612
4712
270
1684
266
2562
6436
10128
12708
2976
7924
78
364848
376
5764
14332
8186
8168
1946
720
6694
2082
246
13886
4046
13008
5254
8742
770
1206
691316
274
4412
1084
2724754
7328
3376
8188
2996
5542
2120
268
4492
242
4678
10442
6286
5402
13558
1596
4014
13432
270
2420
4608
3158
70
292
512
2816
1294
638852
3214
6340
268
1542
6328
10118
333764
9818
7536
7404
836
2905656
2588
372
856
2835264
2266
2286
1878
280
270
624
1204
70
18998
3341656
84866
986
70
7342
15486
280
11074
258
948
492
2739690
248
7268
738
3174
10836
6174
8784
1244
3236
2466
818
6966
11926
2144
2395444
12538
17902
986
394
1324
384
1134
2702
190078
882
4190
1632
4200
6214
2854
7324
260
1384984
4354
1836
5492
1225934
127002
1726164
3144
362
266
9354
3838
362
2630
7122
3558
6476
7052
288
1832
3958
1932
9386
404
1358
862
4142
8712
786
6900
1910
7906
556
1516
2860
8256
8916
2108
6058
18012
465682
410
13712
12088
608
21148
2346
3074
274
5020
818
636
1459660
1226
7216822
5390
6248
968
76
72
5076
248
4285104
19836
12354
2104
5636
8018
270
646554
240
10934
3837884
1530
3445390
1728
258438
4796
2610
3294
1210604
4792
250
2646
2412
16084
2211372
16588
3554
6332
501010
404
3152
6426
7846
8848
738
1946
12112
10476
1878
870
538
6422
1930376
266
2424
1116
232
13506
1662
726
604794
2660
256
8950
2780
742
230
16790
1120
490
3858
7854
8954
12314
382
7372
2794
424
3602
254
5904
4312
268
3816
394
3730300
7584
1074
5696
8656
1576
3002
884
974
3148
5318
5508
2584
506646
5600
8112
384
7050
5934
494
250
250
746
525974
368
2978
274
1096998
3452
248
1376
1164560
4686
1540
68
70
14570
256
2524
6420
566
17980
59692
4024
4984
1794
636
6444
2064
3290
10158
7276
5304
5030
370
258
1286
3070
288
6128
9934
2024
3378
3418
7970
1668
366
254
12534
2298
1732
362
3192
276
3202
7440
2922
262
175894
206994
3528700
518
3930
2034
5398
1750
258
902
266
2464
2934
2218
3068
278
2840
3100
3940
4002
516
10130
531442
1492
4894
5160
1008
1842
4762
2712
2464
6382
8422
472
2818
1864
790
260
368
1240
2998
1478
2024
4852
376
3864
1326
1700
1706182
260
514
5262
2952
3800
9094
254
232
494
616
10364
252
4138
4268
9738
285458
1192
652
2976
282
256
2772
7433804
3998
4088
7366
6034
884
412
13912
4894
395824
4404
1518
912670
238
620
2298
4165288
7858
380
1647880
404
246
106224
616
1586
2262
262
260
726
532
386
1808
14334
8386
2194
244
3198
4770184
364
3154
12396
246
352
723546
7528
712464
4146
616
8300
1002
4006
272
9904
5666
5084
5262
260
366668
2072
1658
1312
1760
568
1034
264
2800
3472
1736
4624
258
3124
7074
796
3846
2352
2778
884
4436
4122
6978
2164
274
5302
1736
268
274
158930
3982
2898
256
374
25812
246
594
266
1774
884
5624
4940
600
2462
8624
614
7020
1614
6380
1432
5558552
3788
558
1994
2382
2030
4818
6276
4940
7996
366
232
1702
5436
2257846
2372
342
4768
4364
2298
1046
11284
2950
1956
1080
9338
1730
596
3178
2552
3818
843010
1102
10526
3512
404
1276
9748
1142
10618
4830
3360
9282
1240828
1220
1660
258
11062
3132
5138
662
416
874
382
3854
510
4176
2026
651154
2916
494
724
3980
6242
3182
530
2084
486
2518
256
988
3166
526
1844
1276
258
524
7936
272
5836
26870
900
1562
12586
266
16762
10484
6816
818
3040
236
3668
13130
6165834
13814
7582
632
9712
7296
7056
1968
230
3748
252
262
10736
522
980
5926
9234
15206
284
17914
2207260
250
2618
828
374
260
3464
248
1122
1758
10360
278
1028
9214
4748
17474
2440
8068
748
1092
3394
14154
1320
8928
2494
4278
394
4082
266
1986
378
1808
2754
12280
4006
11046
5560
238
5940
9844
2772
11380
254
7672
246
8884
974
3246
6006090
6844
628
8434
1394
508
4154
246
3898
866
2356566
1886
10540
1086
3668
4296
2318262
7166
272
258
11820
2773712
260
718
232
2670
266
1246
252
6378
70
590
252
740
3554
240
4730
2988
1492
252
1556
244
622
5224
4708
5188
5220
10030
2606
3940
8628
3368
10656
1330
506
3944
3366
7614
386
378
4520
913218
236
10928
258
6858
2790
12878
7812
2814
610
618
258
632
908
2370
7402
2718
6178
1240302
288
354
2280
1872
5510
121686
1822
5130
4536
650510
4404
2742
632
1641656
1360
236
1996
6058
538
18032
1376328
3180
1352
1280
4612
988
250972
884
3264
1144
1720
193176
1064
14562
256
4122
2208
3142
976
2730
2074
3252498
2618
7006
19594
996
5268
246
370
270
1650
4604
1240
5582078
2667240
260
1202
352
322836
1140
256
13316
53912
248
2322
1698
512
2785926
1464
1095114
7752
1030
14488
628
236
538012
3180
1111134
2023344
6034
1450
2145116
5472
1014
6636
232
260
732
5566
1672
4136
5776
2040
1652
2956
412
5610
3514
1422
8388
11272
1782106
4970
994
6852
7248
276
4954
2074
5720
1668
5774
384
6507698
3650
368
12926
232
4252
408
17200
3846
4485890
3202
4898
3262682
1270
181918
1120
114820
10166
2218
834
1126
364
1718
408
278
374
2212
4732
8114
3768
252
256
3488
4408
6336
1836
2682
2292
752
1299642
274
272
6224
398
5282
256
5770
268
7216
8422
4048
3476
1118
360
2264
1214
1378
11514
11080
384
252
5712
3178
1800
4842
1118
1518
608
2134
17510
3670
6676
412
7678
3018
1482
2046
2888
5258
256
4159130
82
4390
2252
3536
252
4278
858
2641960
6438
4332
2800
982
312844
270
1700
3708
4998
8580
8382
10658
472932
3064
248
6308
1506
17030
1268
246
10892
270
7438
3888
856
232
558
5438
2088
1331732
12068
7468
7036
2086
2468
978
2318
2542
1292
7568
4756
5306
1230
6516
610
2288
262
300
5764
6668
740
22890
516
272
643752
724
244
5744
12018
428
254
1924290
2502
7662
6708
3183450
1502
2214
718
236
4738446
2876
3215682
1714
4082
606544
9384
1064
734
1018954
11248
3176
1788
226
5000
7276
244
15816
3438
68
2334
3950
8164
4914
2740
296
1768
1342
5206
256
574102
1432
5686
368314
5052
9028
978
1150
6512
4596
3502
2339470
4036
1564
528252
6250
1874
3742
548
6028
4964
6174
1463092
834
734
3702
5720
1732
254
670
248
266
1862
2036
1988
1494378
47434
1342
390
2334
398
3392
260
90874
381854
10204
1828
4780
9386
3096
706
6562
553580
2096
1030748
9458
4578
238
1408
7784
984
9536
1252
2662
7258
5506
10998
7430
1490
6046
6068
270
2888
5236
726
5326
568
1874
1036
224
2999114
4368
256
2236
382
14006
2894
9832
2806
1469942
3360
4206
244
4994
4952
3292
742
1118
10766
6498
1074
790
404
3170
468
9666
1774
4290
16926
494
740
250
2338
8830
4614182
282
2910488
7266
1780
6812634
136918
5816
16222
766
988
1938
1734
3044
618034
4740
9238
8044
2242
1010
968
2280
254
1355824
4518
5540
5532
4582
238
1374
386
252
3192
712876
6938
2836446
816
388
2381356
1286
2222
842
8164
9032
10550
6738
2186
1368
242
1122
1946
2906
7868
2542
8326
8320
404
1656
2424
3196
13158
256
2068
392
688
964
1666
1906
2658
3258
8976
292802
3916
5900
2952
984
994
9034
844
2744
752
9906
9618
8296
2530
1851492
954
572
2768
1128
2080
738
3248
258
614
746
2960
5216
1868
2040
5284
748128
254
11170
5792
1282
2306260
1032
872
434
6518
3256
5656
2322
3908
2120
6650
228
1278
228292
710
874
4486
652
2932
938
262
1440
3076
8216
266
8886
2654
2216
2511790
256
1570
10784
922108
3474
6262
2768
408256
2084
976
250
1812
1604
9702
2730
7916
5100
1770
1976
4768
2396
286
4112
6852
1204
5882
3584
1594
6504
3476
888
1094940
1674
6892
441186
4262
476
1606
1585106
1322
2202
490
890
2834
5604
858
1088
9426
4976
9420
1108
1560
2952
240
1130
2006
10274
4002
4190
8066
5462
7914
2084
2826
1688
5388
7258
2288
242
210
946
1954
5828
7846
4616
12954
1086
217518
2806
2092
1134
1752
3746
10064
1830
2152
4138
1600
1960
1364
1130500
1920
1578
3184
2494
1322
741158
240
1144
3914
9220
366
4552
3422
5228
12164
4718
1674
1732888
1556
8452
3127320
1118
4548
272
4230
1972
4550
9870
1394
4060
4190
1260
5433936
6124
2006
6498
1298
1958
342
1294
5366
3320
382
3198
3848
956
4294
2112
4544
5052
5972
2122
1326
2402
746
79676
986
215334
990
104112
1128
242
7808
12200
7856
1182
4384
1646
2860
898
2560
1430
1932
8132
5006
4622
28836
1348
1680
4502
3170
3584
2238
232
6616
588
3852
220788
912098
382
3058
4750
2442
4066
622
1102
2402
768
2086
902
3030
7942
3038
1256
4316
2264
2058
1044
4510
4478
2292
10910
972
506
1304
777954
1298
1358
2416
2356
208384
273964
9438
2468
244
161866
20418
5484
1590
380
1041756
2264
1950
8982
3796
4816
2490
1514
590
902
151602
256
6358
262
246
1472
177060
5954
3854
5694
1240
2944
874
1692
1472
2600
1366
636
4238
3022
1584
996
3894
731198
858
2914
978
948
315290
2406
2040
7028
4004
5784
812
2235844
1752
295436
32522
5694
1766
3190
1376
4320
12730
4752
2598
419858
1658750
252
1896
3146
11112
926346
560238
5996
740
742
486
956
6070
1134
599374
5092
10436
1362
1492
1720
5218
2058
2270
2088074
1283524
5346
1540
2320
3566
4222
2292
1624
2356
3614
378
3558
1856
926
508
4596
1830
832
4010
1016
2630
5182
2288
3394
17554
750
2752630
5138
5286
9716
704
1220
3006
230
2956
5072
2250
3726
1082
842
278
588
1396
1094
4056
3080
256
498
1058
2632
1248
2462228
2708
1512
3068
1684
858
2532
540548
1270
1678
1044
928748
91412
1460
1760
2020
1990938
226
752
1254
508
4092
5100
4660
1558
58582
848
2002
1190
640
714698
1106
1222
1214
4380
2994278
65190
1146
700
4076
1396
1590
1413066
2806
2828
2350
2024
864
858
756
4464
726
1102
358
5282
3732
382
4596
2864
59818
632
9152
2818
4428
250
700
2529292
574
5972
2802
12638
3696
2798
4902
1494
1798560
233350
110558
7046
3368
1710
5798
3526
252
2058
2804
1129820
10490
1618808
351674
2240
3740
3089812
18084
1728
3352
5394
5880
3230
2158
1814
3896
962
1962
2176
2442
2954
980
1099136
5208
1946
3472
1854
888
1330
5130
5120
4470
1868794
1804
1842
1496
3118
218920
1094
692
7090
5494
612
5580
1744
1550
1090
1768
812
1018
7670
5972
13124
2134
7928
1354
1754
8794
1882
772
2832
675668
12812
5258
1478
1230
2484
742
652
1676
5238
1832
1358
1612
986
776
2328
167602
240
4074
1116
489830
2872
964
262
1098
1652
1610
2472
914
3254
3002
5094
3620
16650
3146
2220
742
244
2170
1950
93992
2628
1404
560
6102
8944
1028320
2808
2820
3446
4741016
2824
1232
1492
1086
1088118
280
1708
8586
2240
5804
2388
1710
9140
1720
959644
1191212
888
4330
284
1358
5722
906
5628
9502
3216
1020
2432
1592
3330
746
2172
748
5332
495236
388
1420
272948
5344
1802
3736
730
1432
1700
1362
2324
1712
274556
2128
1396
7776
3470
1736
417278
4370
2364
2452
1620
3400
169306
862
3874
4258
942
5948
5852
2722
2210
1142
2518
608
618
2260
290
7356
2718
618
1254
404
7514
2708
5478
1638
1352
2690
1370
1220
576
2840
2672
986
4824
1800
3686
8452
3030
7328
3750
630986
3320
2380
7530
1044
2350
2730
1480
244
702
1480
884
4568
1514274
256
760
4710
3796
3720
2670
4824
1536
932
1844
7150
5446
3448
878
2140
2432
1588
244
234
12434
974
1514
4698
266
13916
1248
3158
2458
2116
5836
262
6152
6512
1508
7548
2134
12468
992
10854
4050
258
10828
2184
1106
2880
718
268
2668
10502
4406
8200
5038
3064
2282
1864
942
3956
390
4028
5192
1640242
1274
746
1726
6524
404816
3334
6332
880
5964
1314
2152722
833800
5162
4608
256
1224
2752
876
3552
594604
3452
572
612422
1670
1678
1470
1041856
6884
5974
768
1546
138532
378468
16602
10930
6008
4622
4188
3820
1974
1286
604
4970
4528
606
392
459186
3302
359400
1610
2364
1268
1386
3492334
7984
1622
1952
642
9724
1112
742
5268
14716
1888
228
750
970
2088
706
18758
6606
2700
2664
2160
629380
1224
3852
17022
272
3110
8956
6066
578
7090
1964
2148
802
4238
9024
4536
590
4082
962
492
1018
230
1436
882
5878
3868
9196
5448
1954
12018
2444
1762
252
1910
1318
5890
3210
598
7266
2989164
6882
242
848
974
754
2372
2930
854
7044
1092
693096
1940
256924
1510
884
2678
862564
3388
5832
750
9238
12462
2700
378
7976
264
4498
830
2078
1366
2502
4436
608
2426
2730
772
2800
1920
796
5044
182206
3768
1486
980
4448
3752
256
578
5786
1334
1000
748
8422
5324
850
5592
246
2040
6596
2866
1410
3288
3184
1972
943602
717904
3684
2308
10070
1198
280438
13616
4430
1656
390
1688
17742
5164
2954
386
884378
2082
3426
1710
2608
3002
4398
7094
2638
208834
988
5146
3830
4078
240
2984
3970
4102
7594
1256
6252
4732
6120
2764
758
4540
1628
9342
772
1334
10214
5608
3136
3514
1684
633978
1788
3168
26008
3316
626528
1302
6642
1112
1816
8344
1454
8456
404
3934
6786
784
6276
2766
7220
5702
514
6060
6510
2431990
548
508
1106996
6502
1812
2482
1878
2226
8910
1404
1430
1088
654
9360
1788
390
1928
532
716
2397282
834
398
2352
4000
404
3694
618
265576
7572
1558
938
14626
5436
932
1304
2118
2727962
872
4354
72
2266
718
2054
3028
17378
382
3648
2250
1442
14868
5068
1824
604
756
4248
4894
6030
296
2184
4432
5178
1172
3855582
3212606
908
5512
632
1392
642448
860740
2146
242
3172
1400
1072
1912
2204
1148
394
10698
268
232
5834
6906
1269478
750
19092
296
3452
1532
5882
620
10468
252
4870
4530
1462
2812
2864
4390
1852
4780
10402
372
1754
2640
254
256
5418
2082
7590
366
3644498
6802
15102
804226
360
1120
3298
5130
262
2320
348
942
408
2468134
394
7062
1041474
1564596
1110
4192
6688
1252
352096
5870
1394
1930
266
4474
3592
1384
1948
260
1576
2376
258
739354
1280
1430
284
524
944
738
3428
872
258
707730
2162
2588
6186
738
860
6000
1532
2500
1649936
1472
1774780
163784
2056
6642
264
1134
3804
2384
726
2550
232
1220
3986
4574
356
7432
3532
280
6916178
2082
3424
1092
3206736
864
126894
3382
600
2492
5102
3856
372
722
3652
292
2238
2418
1668
5356
2454
244
2140
6300
5468
274
2622
278
270
1532
8068
6682
248
3110
246
10760
8236
8750
205842
6166
1324360
1908
280
254
1494
1194
2676
126658
6824
2130
1462
7030
1034
12102
9842
4464
376
5726
2320642
358
8804
2528
508
732
8670
2760718
3922
18278
266
1460
4802
846
5122
13238
252
868378
71166
3164
4990
226
2868
3470
372
512
1222486
6480
6504
266
12612
18880
488512
3234
1935560
1098
852684
3492
4628
1448
230
1084
1836
1745594
9934
2158
258
10236
638
1299644
2752
3004
356
5566
7802
254
4530
1690
6274
12240
700372
2824
3576
1000
3418
264
141534
1588
15394
4508
1146
2520
270
998206
1926
13610
290
3208
4466
608
882
4116
2696
248
4788
2276
1030
1156
2468
8046
4102
1498
2892
374
11572
2590
1384
3556
502
1087096
1182
1578
10242
226
114166
7382
256
2170
236
244
577196
390
4972
8524
747034
3278
1202
4504114
2359780
8344
290
884
396
1822
258
10168
11300
6334
1560
962
2962
1914
258
9562
12590
8250
388
1104
2482
236
4370
384
2526
161308
4894
2460
2140
1952
5910
3976
490716
2174916
15050
5614
7120
4406848
10040
3864
11110
370
234
4090
790
1586
7794
272
520
2909984
114480
1816
254
11296
109196
378
1178
510
5676
74550
9620
9802
772
5446
4904
760
2026
5345030
2298
9836
730
3276
1394
396
8042
12838
2808
868
1436
7384
15426
256
2084
390
234
4544
10006
1354
31838
9628
2798
9784
2442
5864
1532
1122
646
1028
2214
390
1628
1012
889672
256
11688
2430
5442
1852
23674
6868
742
12150
4990
6844
5712
3132
3264
516
244
386
3804
990
2674922
232
4560
1938
13858
5436
7546
4492
4692
3580
1466
490
9156
1446
5504
430
2905172
1344638
378
5234
254
1264
5020
2090
3960
2134
404
1376
521168
1854
4228
1924862
7318
4980
2020
508
1872
620
2534
507244
70
524500
9372
3102
888
4182
2758
1760
6132
12012
129566
1102
4666
364
3060
4746
8412
2724
7520
3582
9590
5388
258
4260
1165814
716278
8176
5330
270
119580
455560
3927814
2390
246
899632
13364
3444
9204
4388
11724
6338
762
628
358
354
1250
8706
478662
9014
7132
2138
2630
358858
16446
2638
357804
998
3428
8604
2456
258
2210
9526
4369760
70
70
2348
5470
3608
260
374554
1352
3272
2952
1942
7000
306474
7480
4526
2656
4756
3496
14020
494
4246
3973156
1046
3748
7068
2584
8252
836
1762
4138
1914
2046
2116
256
3256
290
4096
986
4588
494
628
3288
820
5500
282
1890
3078
226
3166
1700
293030
4496
2692
3492
10404
4968
7247104
2432
2868
232
228
3870
732
1467830
238
264
256
740
390
6924
10426
4904652
274
6878
8416
3864
8522
6868
11234
1934
2090
3286
3700
1581182
58632
260
981410
7420
402
244
266
2488
3908
1369974
2054
1992
1232
1850
3916
1436
3622
428
3444
7570
8810
1736
698
272
18566
4516
72
70
876
3173746
2538
3312
7216
2740
230
3286
8146
3226
4270
2826
4650
2542
2844
2712
2152
610
3072
107072
390
1770
9162
15496
7770
908
12006
260
7142
5204
1834
246
7564
2412
13146
856
1478
456
3424
2294
400
7278
6550
6366
5682
5614
4570
1190
8170
2666
370
3138
14156
5410
1892
888
380
236
762
6580
4628
8066
2346
3106
10738
6676
3270
758
1546
520494
256
2558
3830
4628944
256
6991014
1004
984
3878
2056
8368
236
622428
4624
2161820
2290
270
1242
2554
728
2713870
6212
3600
2464
4968
4574
3232
2480
950
3972
1950
10996
2452
8082
646
1889428
5854542
250
5810
228
6726
1831038
3292
2262
3534
2296
9742
280
10360
342836
5406
2941956
256
1182
1616
3650
2212
1230
2590
4730
264
9310
7122
834674
4336
2774
3576
3902
280
5230
230
5182
3026
10218
5340
256
7162
376
370
2320
1236
374
262
1185706
4266
232
3336
3478
4060
152260
3194
364
1866328
4232
1464
300
2270
212
11666
234
8202
258
8506
4506
276
1124
8390
1500
2488
3880
2034
1122
1878
2118
1562
4858
946
1130
1724
5686
390
6700
4466
1246
6108
2444
610
4634
72
70
262
388
256
2096
4521578
246
1106
8686
618
270
726
4936
1374
4414
7464
3184
1672
1666
6770
392
3538
217960
258
8012
272
24226
4388
3936
1658
9850860
1714
68
3426
988
1216
14826
11938
1442
3078
10896
9518
1372
1626
6720
9618
710
1482
3540
1246842
1374
4408
256
648
4380
952
1634
470288
712
876
400
5596
16812
262
770
3450
3134
68
68
266
3078
3154
3600
5598
6398
4388
2008
10612
1972
7092
880
4960
7180
4822
2054
888
1113986
262
2742
2094
2082
980
4340
4194
254
2992
5550
9718
3170
294
5190
3444
1958
2172
2466
370
676
612
10198
4188
566226
352
6208206
426
4974
13120
4068
282
15992
1804
4928
2826
16142
9750
1943368
5248
1223518
698
6110
120678
1806
20610
4476
1668
12172
8687030
4552
3894
290
10930
252
400
480
70
2152694
2030
492560
1672
488
11826
5512
15362
358
570
2036
6642
5006
2644
5496
5948
1947922
2838
1370
222
4566
1550474
11750
1602
6432
996056
2134
4002
2098916
284
256
1616
9584
8046
860616
276
4800
4904
2864
1981212
6278
240
4052324
5868
104940
3350
70
70
7064
1260
260
842
258
636
3946
70
770182
8284
3024
3890
5514
600
12622
2136
5538
240
2480
3072
260
726
954
6832
1408
10402
810
704
3544
70
2218
1650
424
1196
2070608
3634
5418
4142
2844
256
2962
1286
224
70
59048
8484
254
4142310
7068
8480
4662
70
70
266
2852
374
724
232
250
1186
5284304
5298
1928694
2500
5948
5860
1118
610
372
4694
9866
264
5066
2914
2818
343428
5782
424
688
4446
4396
1062
436770
2098
70
13308
1808796
932
5054
1712
854250
2354
10210
5360
1918
504
4418
3818
4868
70
1668
5226
236
358
3752
72
88
7132
1897426
6366
262
3519150
3820
1532
9490
4896
388
8820
70
74
4562096
278
870
1974804
9911198
3982
252
3214
1424
1274
2634
3448
3368
2083870
968
18556
6754
2434
6600
6786320
2126
865628
1210
4470
1220
689672
1486
2218
3327038
5054
4142
2294
23306
20836
13096
3184
8244
10900
8132
8530
6336
422296
6778
1120
8152
4550
2910
3040
4050200
2782
70
1452
2796560
4558
212888
5664
20426
7606
6462522
4646
2026
3178178
2135310
252
244
7368
13012
1434
4064
1131892
5368
260
4268
2862
2702426
8398
1472
3676
6348
12768
2430
972
2768
4116
267476
9618
2068
5512
804
626
3542
3272
852
2210
4036
532
7634
69352
3108
5666540
252
1294
3608
8212
7990
8052
3178
494
10634
2216
1471200
1110
914
498
5134
3881424
1208
439792
4272
2738638
2512
180490
18924
3956
1224
6556
1835960
2036
13792
9654
2984
1532
872
988
1554754
2515052
1474
16880
224
4996
3523904
268
1206
9032
9144
3318492
1184
1368
875710
78
557358
68
17230
2728
1168
700
10824
6258
15178
2536
11622
230
362
262
1502
4226
2782
488
8836
1800648
19116
5072
6576
3714
2744
5732
294156
258
4968
2028
1108
9686
12956
622
13300
254
2404
3522
2068348
262
368
1987198
8228
4830
260
638
12404
5636
2354
2426
3998
2796
5512
284
988
7198
3320
9214
1568
1318
2239804
4786
11820
4892138
495492
1554
8586
2200828
230
4142
2514
256
1326710
2766
8102
9940
1251958
1000
1790982
4284
215640
384
21400
1682
268
7080
1570
2400
9086
268
1550736
3802
5926
587784
611976
640
16334
1870
5390
1696
2592
604
2544
2954
13390
5344
1514
58926
15676
9068
9800
5650
6972
2394
2456
70
673570
706
1856
286
10857642
1546
6951844
1616
2962
4184
1704
4680
4464556
502
6674
7556
109290
1566848
3728
1156294
1950
70
844
5656530
254
2606
8342
3056
428
4858
1500404
1091656
1224
7266
2334
4008
28886
558630
3354
6918
12286
274
11406
716
5240
574
968
3962
10612
7062
8910
180022
4898
6242
4962
5912
6014
6022
246216
2208
1232
28280
7828
5290
2242
22824
232
1435192
1742
70
2660
5312
4166
232
1852492
4636
3344946
638
198416
3548
5930
13434
2624
4540
315398
3166
8020
952
1072
994
266
2296322
2994
2678
268
2280
705924
3944
5110
1684
6014
1072
2176
1188
1852
1806
70
7310
6672
6372
664
3186
9032
3774
7598
4908
352
1000968
3836
4928
5464
4954
8510
4622
12934
3104
18120
18736
8654
1278
366
4506
4136
736
1244
2324
431648
3798
1646
2356
70
70
1338138
228
11404
2506
5556
1184
3778
560676
2229498
20100
410
2280
1396796
840
894
5602
268
7604
6712
104308
7732
3862
7888
15102
382
2668
2192
2021864
252
5624
2760682
1566
6295052
2352
942
13988
5104
4094
864
1148506
3152228
4810
710
8500
4318
3194
2178324
4876
1646
570
7240
3524
1964
1994
2417700
2634
1100
1328
7528
4493252
1478
1804
11366
840
1082
2984
710
358
929844
4958
792468
2452
844
768
820294
10924
1904
223428
3618
4688
120092
3690
1446470
7426
3024
4004
262
9768
1446
1668
2422
1570
13678
2698
266
268
4572
8414
2840
8336
372
256
3552168
8650
2440066
1447460
3780
244
1346
11612
400
2034
6540
3314
1326
1131208
1468
240
842
350
268
2417936
2692
411102
1960
617672
10504
808
78
78
558
516
5912
270
2584
4020
4474
3032
8682
8416
3608
1866
1164
3248
14080
4820
1836
2696
260
378
6292
6956
5532
1512936
1972
4744
21114
882
3836
262
8604
4966
6366
2018
12488
850
1070
240
5382
3574
70
2902
396
5152
1698
87010
854
5974
3426
850
3604
10384
552
4272
7538
6512
5143202
2080
368738
6546
510
6579162
709982
4014
268
274
1054
865636
6602
10886
4700
2276
1588
70
70
14798
3140
704760
9850
1332
70
70
1710554
1614910
392
6104
7968
254
6042
20764
10778
5786
14500
482
1449390
1048
12692
70
81590
390
5274
3314
84
3262
3716
2563150
1548
3886
4962
2714
4098
288
540
4344
2494814
2865506
4426
11938
4390
246
1520
3012
402
1650
1680
3388
1368
258
2492
5058
2700
722
4488
1666
3802
618
5662
1224
70
70
810
13338
5404
2358
972
7742
1365476
3598
2684
6120
5946
3753690
1388
2742
5182258
1858
5162
3000
258
4142
2074
992
398
8166
7346
5562
13200
3104
6278
9302
1704
3680
3968
3666
4094
6492
5614
942
4746
698
3612
6850
5464
10890
5536
1426
286
3474
368
266
6235060
3636
12840
1822
2638
3614
3070378
9080
6388
226
1078
3226082
6534
810
2272
2998
6930
3804
5632
1950
6984
974
274
3912
274890
232
3044
2624
8054
582242
1358
2558
716
600
1730
258
6018
70
3518
2856
5436
1674
258
4096
1914
86
6475500
4383482
1734170
2624834
11048
1946
250
498
15008
436504
70
4406
1346
5182
1442
3946
264
1865726
268
336
3984
1302
692
4826
4098
124494
2757582
74
10402
5242
616
250174
500
11208
23212
2494
592026
1716
4544
376
3780848
1076
1084
5134
6702
8028
780
1410006
85970
2172
3943928
2417908
471398
2078
4210788
26918
8082
55420
2524
11508
1484
5741682
268
2755606
8956
5948
276
234
650
242
278
3364
1224
244
370
238
7182
1484
2716972
23540
268376
805914
1578
5220376
1714
2060
31412
9326
2347458
10260
6792
16228
10712
1263022
974
496
7093910
1744
17152
5212
644
1547498
870
441940
1124
234
2194
360
18054
12226
5692
940
366
2986
781752
990242
74
70
2830
10262
6064
460
278
9690
5378
2892
22850
386
582
286
622
3148
260
2584740
2106
4138
1750
1890
276
7388
3365972
850
2268
586
382
516
554
734
3955578
1513018
3040
3432
726
2244
366
3722
230
22226
3772
3856
388
636
3570
6035566
14378
4290
2798
3672
370
3478690
1420
9204
1372678
1464
938
5510
4570
238420
416
2216
246
1258
468
258
1451682
182412
2096716
3286
11918
3658
5046
4898
2150
10212
250
238
1394
53006
4946
492
7582
418
502
1366
364
88320
284
288
4437932
2056
4694
3130
1350
1935272
406
270
2452494
414
1818
7292
3332
1804
2212
8556
2604002
264
520
2792
2292
272
873874
272
1458
2050
1010
1726
6392
3798264
880
524
276
4146
5984
946
3706
1896602
268
9976
854646
619046
3196
8534
709076
2054
616
262
4710
400
1680
2499444
4268016
2915018
2293270
13590
10824
3974
4646
250
1144
528
4816
1696
624
766
5506
2066596
13124
8300
1940
996
272
860
2061624
4746
1754
390
236
848610
15762
3206
11328
956
2101514
15144
4784
7430
490
258
910
1026
11640
939062
392
498
3534932
11316
8624
9600
1916
282
11278
3222
1856
1685522
398
612
232
2640
242
264
408
254
988
362
2276
484
1220
254
3120
4242
12160
242
3912
848
406
250
616
378
7328
392
7204
770
1350
9122
196930
370
450
628160
630
278
7578
2958
260
268
590676
238
4980
2600
1790
1248
252
3638
9354
3362
1474588
6617262
47218
556
2140
6572
4914
244
1067354
260
1289342
3346394
3336
5148
6060
270
13814
5390
1684
3570
774848
548
2032
278
1118
8540
6926
3232
237620
4546
244
4436
5192
398
1330
3070
1922370
4690
722
612
6630
3986
6686
1612970
751022
1642
6732
242
3708
10722
1976
4774
258
3340
366
2306
1306
7188
274
554
7768
248
1544
7044
5988
4494
10796
4234
1850
6770
238
26924
7488
79746
16348
1146
9942
2566
616
1586
272
68
2098
866
10110
842668
229114
6744
1734
1153314
2090
3004
222
844
2794
2646
278
390
1287094
1676
702
19688
5258
264
2858
16018
266
24496
1440
50860
4186
242
4730
669310
5514
1206
245614
5486
260
19082
252
252
2628
13858
6314
366
1714
2862
1355630
262
4050
556
1335878
11410
149446
6484
1296
2532
2702
10256
5238
256
4542
1525154
5302782
3386
1170
10715930
244
3612
7480
7274
7356
5354
524
934
370
894
283894
1886
514
3006
5680
1200
1204
756
3476
258
740
24650
408
2666
264
4850
1184
272
2934
1146
3314
1242914
1220680
1428100
246
6690
256
79538
370
4176
2044
998
262
262
6534
4092
3292
824
236
2680
6920
121054
4824
2996
20194
2046
878
804202
5292
1078
6556
256
4442
624
5046
9728
496
6696
258
9102
1938
120346
5844
93322
8830
1582330
280
2216
19220
13300
187102
9838
5436
3478
366
5328
1502930
838
6104
260
734
3726
5012
1960
5848
8232
1358
276
4089556
276
864
3296
4628
4940
6034
7476
5420
258
2900
256
2181970
2048
324086
256
2192
1072
2628
1108
8558
12928
1782
2205028
2828064
726
384
404
250
2654
10562
876
246
236
14278
1237674
13796
278
5136
274
1758
1646748
496894
2980
4394
6080
70
70
1112
250
626
7426
238
295730
1772
13338
1791460
2788
3690
635452
21030
3008
240
851350
8254
4458
9948
1446
13296
1618
1480
1032
278
4716
504972
244
2112
4376
1332
2245602
2939474
1356794
1006
274
776
2756652
175258
284
8706
5618
6852
1418
7140
7988
4292
246
2494
3850
254
5182
18970
945084
8798
216340
4206
1657994
389846
25918
6200
2148
1846936
1946
1661510
52188
78
1033416
2249572
850
658
2808
2670
3482
612
1586
4696
10348
274
3318
3332
16770
1834540
268
19042
594
912742
258
2436
2526
776
260
266
3888
5904
4644
270
1536
4564
4072
260
3328
4590
6819374
5438
890
1850
2150
3318
3208
282
352
4802
6954
1080670
9708
2210
5616
4852
3042
2966
1628
5566
1170
8324
2720
4258
7366
6370
132298
3042
3364946
1604
4684
3540
864
234
1654
4693176
6272
2940
392
4660
756
2444158
258
630
268
504
5372
248
6812
3314
598766
2238
1458
8046
3136
7926
13950
392
4096
5906
5540
2648
696
2564
3632182
368
3086
368
976
258
902
390
2494
7990
1944
12704
374556
250
2346
1610
2112
268
1250
6724
6364
728
3075866
1428
238
3540
262
14648
496
2316
511788
949174
260
9008
3228324
2952
346
9786
256
3437644
804
9562
552
6592
10112
994494
528
1304
10834
924294
510
956
754
282
6372
2056
847484
5202
5866
112754
3358
2134
12068
258
10868
1110
6684
2202
9310
2643678
3240
6288
4422330
414
234
6668
1162
724
14156
266
946290
7066
3456
490
956
1684
11334
8268
5306
729208
890
1498
2512
1678
7347206
7166
178406
2266
1221598
5714
980
1110
5392
4964
579458
2930
7344
372
3332
280
692
3320
16416
612
3600
873596
236
1553886
380
246
1400
6688
25820
242
5746
13536
4156104
2240
2162
7198
7546
5632
143046
270
3029706
12646
4324
7720
392
2044
1027934
6530
242
11026
3816
331804
1136
2324
9658
7196
3586
1948346
3304380
1648
924376
3252
2440
3051718
2865870
770920
1202
12212
4434
4054
274
1938
364808
5096
684768
272
560
7644
226926
2142
2242
238
374
6304
3574
6970
9742
4598
512974
5100
3072
1466
8064
27240
1937502
256
2540
1150778
6428
1724
1642
5469570
8626
254
248
4662
228
2746
539388
18230
2120
3318
7518
614
1592
1595758
244
1450
374
3726
478
378
1438
1820244
266
3423066
912
4690
10950
1964
1514
8692
1982
724
1255082
244
613610
2609444
6470
2190
3724
1390
2100
1734
12318
262
4508386
135902
1724
5316
246
4254
1484
16684
6926
3192
2008
1476
5378
4838
3680
3480
2768
834
2294
3298
1706756
2530
1498
996
2078
852
3232
2834
9812
4228
573164
4746
1082
1100
1768668
258
1116
742
9062
1346
13628
10128
207540
3098
1166
609744
547548
1736
846
1592
2684
8026
2634
1000
1974
2768
2790
4936
322336
1289966
2446
1256
336736
608
1486
3282186
118252
7922
368
2014
982
2840
3982
2166
365696
980
3584
960
958
1324
10418
2814
5734
3486
992
5644
3520
298
6322
2670
1252
298
272
8222
3890
266
6940
5444
2703548
1422
2854
840
928
7568
9362
722
1744
115832
3566
2174
1834
4932
1584
3825376
6256
1264
390
2544
1746
2160
1364338
240
5530
244
2582
884
1344746
3176
3108
4048
2156
1074
1952
169260
2240
6472
814
8556
2450
3170
10086
740
2994
2044
2974
248
1496
5976
4732
3022
1386
638928
2800
848
786
716
2900
2382
1118
1230
11014
1952
8896
3284
896
9278
1118
3700
2960
233634
2430
582700
1578
1306
394
3692
1526
7222
252
2244
1424
7878
5786
1118
6040
411408
3936
1646
240
271316
9694
5324
5306
82468
1394
6868
1086
3540
252
2572
1252
4344
1746
772
1238
1504
2362
7784
274
8446
2904
1444
610
8268
1358
720002
5928
6342
4418
3316
760
3010
3792
1772
1128
7850
2594
1704
870
3036
6366
4414
2200
1742
1662
10792
2804
1998
12738
8224
6322
15442
2138
252
8194
240
1164
1432
8274
774
10072
2596
364
12594
1608
1542
2804
6146
952
552976
2518
2022
994
1950
1084
422580
5636
1882
596
808682
3452
2412
410
16388
1406
1494
5376
902
1934
2008
2582
1932
9084
2482
15910
1974
14112
1494
1234
978
3968
3132
2324
3950
1454
276
1444
1658
982
11242
1020
6876
1617748
396
2858
1252
1089146
754
5044
296
4174
2438
730
5826
378
2896
4098
722
6404
903422
3778
624
4572
2090
2166
498
1360
4348
1432
246
6376
830
4120
1416
246
4420
1986
990
3482
852
4004
1154
1302
1824
1840
6512
3016
296
3377928
9232
1628
1090932
232
1490
2868
2968
1906
2794
1842
5254
1680
3432
8600
1852
1022
1488
1662
2634
3992
2622
6894
2992
1530
5168
35228
2252
1396
3778
1858
5392
260
5718
5298
1914
10536
990
1952
4094
4692
284
3978
692
2202
8120
3666
2974
4058
1964
1920
7912
4328
234
3496
248
6674
372
375512
908216
8842
3580
7740
6154
724
2838
1048
2730
1584
840
334806
8558
976
1716
2748
7210
2728
13318
1382
2152
8056
4950
1188
5128
1218780
6400
264
492618
788
2388
8242
7372
1018
4576
1260
3114
5098
362
176086
455938
1642
2910
1042228
1094
7838
4632
845540
778
710
14940
294
3396
3818
3748
1956
13986
3114
486864
13140
2824
4886
2478
13988
1772
3652
3496
5782
8568
4772
1844
902
1970138
5066
2332
410
518
5512
2598
2874
68
15826
2308
745832
622
1908
15138
8052
7148
2288
4294
2072
1183030
4388
5238
1362
1990876
4002
904
1450
2596
11220
3018
88082
4136
2580
412
494302
5970
9156
33336
722
3284
1464
598
2174
7908
264
1620
165534
732
1492
4638
11906
260
3858
11428
294
2552
2748
5654
12172
630
1202
800
3845812
1080
628906
956
3102
934
258
616
2665150
2838
1772
1494
5550
1842
1026
4482
2662
872
872
1424
822
1988
2676
8020
2596
6800754
3980
28084
2940
244
3048
690
599620
3506
400
28254
725320
1184
6388
1216
3218
3348
6776
710
1800
800
1754
139624
581270
6070
2284
1386
2784
4882
274
496
5980
1426
252
1030
1784
968716
4280
15396
1938
1126870
3736
346
6452
3070
2280
910
8000
1492
3574
3376
3862
1018
7738
2598
12594
3454
2874
78404
6200
2614
846
1256
4550
1488
636
2566
11124
1736
276
3928
2708
7414
1692
1804
882
3350
4494
5600
248
2974
4732
1282
1580
574
1618
970
5308
7382
1180514
2622
222134
2548
1329382
1333682
3682
9454
8792
5222
514074
1086
2007932
262
5730
5166
5511818
842
762
1978240
1174
236
1080
578
3900
742
5138
6854
2410
6170
2444
2054378
1168
3838
9118
361786
3334
836
66474
2210
460100
2542
221268
1191838
3194
1399082
2522
556
314048
2040
1634
2482
2242
1070
5816
1240
750
728
2166
1232
1412
6886
9492
298
780
3792
270
852
2614
1589430
2226
5028
4592
1482
602
365608
2458
750
3594
1456
4114
366
4890
604
3102
8266
3892
301320
1072
2770
2906
8332
2554
1394
1918
752
2810
2560
3068
3316
69798
4686
2854
67766
10476
6816
240
2276
124436
5494
5416
10238
3278
728
787710
3128
3376
2282
1212
752
14632
2597472
1298
2792
6706
1170
7916
368
8352
270
2708
11274
11592
372
2104
12164
1822
3722
730
6024
14998
1242
2872
6768
1532
4684
1300
350
3462
1808
5352
1186
5020
24000
4060
1866
1806
1356
2466
9772
689226
2534
1126
6346
819204
3668
2890
764
1492
4744
980
383034
2844
2194
276
718
3888
1358
14420
3488
470
3914
1914
12978
1154
1739592
2160
1846
2484
1224
678612
5676
988
7336
708
1746
8054
5412
9286
6816
1096
10388
364
6496
2844
3388
3056
2214
3724
1718
1454
246
775796
1164
4746
7474
1732
724276
254
626
288
1654
5486
376
3236
890
1696
4456
4754
4004
954
3928
1918
10430
6590
2956
1962
10636
2792
1636
1434
5022
1030942
292
1388
2038
276
670102
2218
918
9490
10434
3494
2116
3864
1082
740
5920
1062
1346
3394
1962
2650
4022
5934
2076
2238
2770
4108
3865034
5132
702
3323886
734
2938
4278
2314
2906
1990
2374
276834
2348
1574
1290
1292
1238
2180
8208
6876
1836
3682
2540
1896
6836
984
2296
1762
4420
1682
1008
1862
3684
3162
1870
1370
266
242
780
4178
1844
858
2822
2768
2497772
4088
6456
5360
3334
1180
6172
9742
1916
1500192
4894
338348
1350
6284
690
2978
437600
5736
1990
1612
2046
5126
824
3930
833088
2336
4016
11894
4212
1060
1466
1866
6768
2630
392
1022
1416
7818
1536
3020
6392
944432
1130
3452
1476
2970
268
1918
1952
606
320040
4176
1998810
4304
23602
4936
2816
8852
8734
3174
12952
15480
8036
