7fff:0:0:0:0:0:0:0:0:0:0:0:0:0:0:0: (total 15)
0 1 2 Thread 0 going to cpu 0
3 4 Thread 3 going to cpu 3
Thread 2 going to cpu 2
Thread 1 going to cpu 1
5 Thread 4 going to cpu 4
going to barrier (cpu 4)
6 going to barrier (cpu 1)
going to barrier (cpu 3)
Thread 5 going to cpu 5
7 Thread 6 going to cpu 6
going to barrier (cpu 2)
8 Thread 7 going to cpu 7
9 Thread 8 going to cpu 8
going to barrier (cpu 8)
going to barrier (cpu 6)
going to barrier (cpu 5)
10 Thread 9 going to cpu 9
going to barrier (cpu 7)
11 Thread 10 going to cpu 10
12 Thread 11 going to cpu 11
13 Thread 12 going to cpu 12
going to barrier (cpu 12)
going to barrier (cpu 9)
14 Thread 13 going to cpu 13
going to barrier (cpu 11)
going to barrier (cpu 10)
Thread 14 going to cpu 14

cpu 15 cur 15
STARTING...
going to barrier (cpu 0)
going to barrier (cpu 13)
going to barrier (cpu 14)
STOPPING...
Duration      : 10000 (ms)
Acquisitions  : 3453058
680
1332
4576
382
2872
1280
4778
8302
1614
2230
1774
2072
1790
5650
242
648
1030
574626
670
6658
1660
5100
2236
2768
2778
5152
3174
378514
3984
13374
1046
2326
1968
1296
3224
4570
240112
1956
1976
2066
772
734
1320
141106
380
827062
505258
3972
195526
4476
742
1920
1972
3604
372
5342
1942
670
1478
686
4362
1474
1912
2588
47882
1938
610
1050
222
874
2778
2652
2212
8182
4694
1424
2796
704
2406
2172
3124
3858
544518
682
3308
796
7260
1448
1640
2750
119642
370
1022
610
1256
6796
2126
670
1716
1590
882
1256
3698
1674
3220
632
5480
254
2634
200454
1398
844
2850
3970
3756
1141452
940
4202
3714
244
794
2592
3624
1272
2114
264
1836
1402
1876
874
2062
1358
2572
4058
856
3262
1292
272860
5084
46344
1914
892
1266
268
1228
3520
3458
5230
3416
213722
2204
1906
174412
3530
1026
6266
1224
3314
4430
1508
131510
2124
4086
1078
872
1510
1462
2124
672
840
7508
278
896
262
2154
2904
1714
784
3882
520
936
1908
1326
3654
762
528
494
760
3068
7886
1160
644
3254
4364
217444
1694
252
7504
658
2560
3518
3268
554
728
2578
3030
1234
4540
4026
1138
244
3856
4156
662
2194
1406
3662
4430
8188
1492
6908
2718
5282
1692
382
246
730
258730
2124
766
9460
3376
10858
5158
500
4824
1130
900
266
6992
872
466
2792
732
4616
1140
904
254936
3166
2842
764
810
28154
666
7358
368626
2110
2458
524
242
1578
22956
1318
268
2924
2152
352
240
586
510
57664
238
1388
1472
568
238
2258890
1900
368
1552
1784
3150
6364
1836
916
1738
2396
244
510
1606
2660
8232
3826
784
3216
942
4990
6438
4540
1342
786
742974
8476
694
256
1428
1420
2566
1674
600
804
4540
1118
434574
1275386
770
1034
806
260
352790
802
2044
11224
226
502
2760
2038
1422
776
252
742
2956
2778
262
506
624
3032
728
2900
3028
1520526
42544
1118898
2674
764
2558
744
2902
2244
3206
860
812
1340
7660
361910
2104
998
2884
3940
2730
7134
254
1868
230
854
212
2234
313806
2520
3580
364346
2916
2066
1220
604
2340
484
2818
4760
2710
1452
1438
1202
742
4198
1208
1566
1324
766
720
520
1152
4818
3564
814
37856
670
6408
1668
898
612
727370
4112
548
1188
1936
382
240
788
1438
868
364
2492
720048
242
6860
4676
1222
5462
6298
4760
1942
1095890
5576
1740
256
1938
626
5926
874
252
2826
1512
514
642
4690
2824
5084
666
1650
3642
1236
1228
1554
2088
790
262
234
1600
2136
502
606
2016
2218
1938
2978
1696
295678
2122
3902
305580
1086
1250
1048
3450
1448
248
800
244
2180
11688
258
786
644
3634
2046
570
1682
805716
1032238
4708
6818
1554
2748
5924
3230
656
2090
380
1218
4120
606
246
1491274
664
446
732
4530
6348
1574
6616
2272
800
1750
662
1522
1256
602
1860
328340
7654
1344
3004
1840
246
1396
1184
2372
346
526
356
860
4526
1274
2540
842
498
3596
4534
7568
876
4528
6516
1118
672526
45288
798
746
2564
2472
2766
616
2670
5418
4082
848
1318936
908
1956
996
3550
14802
1238842
3576
4926
4478
262
1968
670
6272
3610
4226
5982
928
1232
960
1802
336
3474
796
764
244
248
7232
836784
244
487372
1190
1536
832
896
652
4298
4408
612
644
4908
4050
784
1746
1666
876
1326
480
2530
3716
2896
7404
768
48388
2958
1670
256
900
896
224
1158
1492
3188
2994
4922
110936
6728
2700
526
678
572
5046
3324
2704
34004
3246
1968
1832
1080
3640
2842
2122
2410
652
3940
1004
10724
5940
2566
2574
1462
1920
568
816
3790
266098
3810
1034
266
12510
3760
670
135818
1812
1637962
666
1768
363578
2416
1056
1206
618
5036
1242
814
680
4270
1930
7578
884
4480
7462
1138
932
232
1190
534
64994
2242
658
1016
6566
1234
3258
2184
3718
483954
1854
368076
820
7642
986
1017504
886
1458
3514
1716
14882
494
376
1250
354
4000
276
1134
748
3732
3366
1120
644
760
502
3620
2432
7652
834
3040
131750
9832
1606
2600
2498
900
616
6482
618
1736
228
1252
1714778
3178
1530
4028
4874
3050
340
120146
638
4202
640
4550
3288
6834
5854
378
1934
3722
6548
2124
868236
5844
266174
2174
3222
1770
181774
2942
1428
2846
244
2442
539534
3454
3686
5864
58796
12712
2408
1660
1706
3840
882
585446
1572
1370
1260
2242
3248
196
2152
1424
873866
1330
1250
1476
1062
5578
2626
546
758
1878
3928
1444
637982
2700
1500
1030
744
818
1214
46350
254
260
4054
384
980
1738
50182
828
770
1626
2664
3862
380
535172
3058
5650
2354
1046
2140
522
9612
1078
2064
688
45394
2560
642
1676
5164
278
2080
570
240
1504
1730
952
8964
636
912
1818
3552
762
4262
540
3000
1756
664
4324
138938
648
3934
740
516
840630
1452
1630
764
752
520
379064
654
2240
996
5500
662
2270
772
1050
506
3092
1200
1982
2464
1144
2018
950
1008
490
2198
510
9346
6276
932
246
276
1270840
2902
264
3102
818
1448
1684
954
6426
1610
864
964
2800
4716
411778
12626
2748
2908
2586
240
75294
3600
3642
3440
2776
2920
818
1140
4000
884
2470
9964
764
3038
1055874
2668
29688
736
3236
2316
646
2288
1568
362
688
2916
1292
561514
370
1848
118658
608
8406
11970
2492
330410
2874
25762
1136
26568
566
1080
441210
2099658
2006
1308
640
360
4022
772
5570
882
7522
1668
9698
1052
2244
1008
1736
1902
1220
1470
1142
502
902
4294
1034
228
2720
1670
3016
2862
346
1344
548
2800
2154
1212
3376
2808
5908
1048706
1110
5508
506
1146
1618
902
2218964
240
4106
742
1062
2622
119462
6168
9430
1154
5780
226
6326
1654
1916
1292
1146
832
1490
2806
8260
1086
246
124848
1271110
1602
1186
1300
2266
423654
1850
826
6942
696006
3288
4422
804
416
658
15878
236
1382
6062
6756
1704
6626
6422
248
1105168
4416
225294
6148
97980
10240
2758
3528
637432
10156
542
252
1974
2718
5344
230898
372
736
1219960
2952
1274424
6028
2836
242
230
374
364
9298
266
1162
244
66320
1088524
260
5218
3092
8790
1732
5292
2768
736
1182
1513684
6516
370
5869388
5276
2222
11360
608
354
1820
7380
254
10960
234
8834
254
8944
2062
729436
764
2454
2328
868
1464
10684
2366
5498
2340
862
2500
650
1564
946
982
1672
6746
2488
22512
1278
4990
1620
252
604
12350
602
3258
4408
380
510
413580
540
374
1424
1413616
10542
530962
4582
9174
1034
644
502
3918
4464826
6085260
250
89970
37442
3680
3458
2016
596
294
109632
1382
68
2038
6076
5030
2096
2876
2152
1053936
820016
10814
3696
1770
805390
248
5404
8036
250
1027376
483610
2030
1058
147084
5418
1240
240
1361974
2208
246
3148
22920
6778
907418
496
754
5142
8956
851314
404
10160
1122
1934
2136
380
506
1994
1728
1730
354
282
2258
246
3894
640
2654
2998
486
2318600
4466
693658
1600
162792
1606
1593178
1668
1484
644
2436
266
2724
623788
764
1016
419736
234
9590
2868
8776
3904696
3828
5346
1821532
69184
2572
4686
3111406
11708
6850
1092
2666
1403670
3743982
3276
3558
326306
2694
1125216
1344
2418
1852
7678
1765880
4712
260456
68
1789354
398
10108
2254
1616
7540
4086
380
1120
764
355800
2222
1854
4070
250
6312
2930
68
5910
5690
1444
4974
3428
1276
1032
640
490204
7018
1708
1046
4768
770
1490
1110
2212
1572
3548
5432
3398
976
5210
318956
8592
790
222
518
4032
1773908
4438
1170
1200626
4204
2316
368
916858
4842
10696
5756
260
1194
260
2768
1232
2184
248
256
2026
353160
10016
5918
2186
792
2518
768
772
5996
3716
244
1152
344
11090
224
4560
1958
1530
1044
1890
380
10014
1026
158688
242
5394
8922724
1884
7582
1738
354
4686
4668
1634
9006
6236
472
1294
356846
3476
234
3658
1532
3190
3414
5074
2825760
11104
506
13418
1154
3890
770
240
2152
2078
2073094
278
3652
1390492
1258
1316256
2322
2066
2170126
2055694
4474
852
486
366
1075376
878
3280
13390
1976
3434
244
1508
3420
30278
246
862
3194
2156
479920
680102
6826
1014
1964
958
1864604
4620046
354
6440
368
3868
248
135710
2076
2646
5020
366
1540
1263856
366
5438
4486
6742
256
5802
744
2168
1862
1177190
2060
954
10342
5956
1634
70
2628
384
2148760
6746
244
3682
1222
983118
3442
644
256
4704
1458
1228
396
236
26926
2776
218884
652
2826
384
8424
240
2086
5714
3950
6090
3226
2642
356
2174
2954
6208
1672
1664
2450
3620
1120
2936
4552
151252
4618
2358
1148
4476
1840
1246168
3210
228
11998
6660
3272
738
1068442
9200
10432
480
368
1430
313442
2814
1302
1476
7944
2134
376
496
3664
1605662
811886
2102
14700
372
14532
2428
4594
7058
254
3218
790208
4970
1506
12996
728
4734
1010
610
240
11276
776
2000
3278240
6102
1394
260
4182
6038
2226
486
6334
4410
1140
4380804
3248
364
2880
5676
488
4456620
758
498
7130
804734
6738
5662
992
950
8246
3250956
374
496
3564
1396
13656
392694
486
10952
4479124
3064
1654
3430
7714
5598
5182
236
626
1014
770
7932
6744
7908
850246
3346
11180
4678
5564
1466
2328
2406
7252
14946
7532
488
2126
536
624
234
2946
2178
2996
240
2070
207686
1120
1364612
14290
1202
629164
8186
3482
3558
776
1220
248
6258
234
642
8066
9028
240
2038
4582
252
268
476604
1516
758
6364
1420
254
10600
8572
1224
491140
746
6592
4146
378
1421024
668
382
492
785092
3386
704752
2102
17492
2200
5050
929958
559858
1990
3532
597824
4678
2194
264
691986
10688
4178
207898
606
1868
1648
6962
1486
50566
644
5152
912
2178
612
366
4556
2986
3144
382
496
2524
1472
2606
3748
4634
248
2904
6190
4060
12658
1965988
4492
46478
4200
4582
2362926
4448
1290942
5138
244
1476
2188
938
1050
3076
5698
1097710
68
1254100
3004
5572
858
512
360
3892
5082
5034
1512070
72
3892
353986
7206
258
14788
4414
388
1825980
1154
7460
3012
222
246
514
138898
3974
632
70
3144676
2728
262
2690
4826
7216
254
86894
1488
15700
245008
610
658
3286
6212
1732
86666
1397754
1294
878
412
7754
1956
6374
252
41390
8280
232
286722
2222
964
60824
236
5338
2044294
266
2198
137270
38646
2394
2574
2320
21484
4696
812
416
1310
414
1694
2808
242
4446
1600
382
10106
512
1534
5166
1050
16528
2568
2254
1231898
762
3998
1482
3096
6148
5838
374
429736
3486
5264
12736
5358248
484
5513832
266
6132
208676
1078
782
2262
2214
1636
2446
2384
3604
6616
5954
282
672
248
5472
1008
1080894
1554
3480
18186
3682
3698
4394
4170
500
266
99692
2702
484
3746
2248
19238
260
3776
1446
4244
2854
2492
3030
4860
362
242
1622370
10364
1688
7480
7916
2682
7608
532
270
212596
244
3696
632
163776
258
906
2690
760146
3092
5322
880
906
12168
1096
1672
2103978
238
67120
604
462942
12082
6308
1291602
7222
860
4316
7978
4232
1410650
358
611584
1358
3206
2434
5758
3754
4268
10630
2948
884
76156
2517954
3546
1269266
875362
5534
783104
2294
3378
2962
4224
18076
6258
10574
1950
3580
532
856
1028
5960
4946
4286
496584
2629630
1154
2974
582960
4814
3686
5640270
2690
5814
6518
384
4166
10724
973450
4032
5602
4860
904
6570
6692
3858
1532094
3456
12376
7798
673750
1796
1562
2246
134490
1006
2424
904
5988
250
1308
17494
2124
524
1212
3274
528
203700
1880
1354
15738
2810
1138
10738
1944
386
522
3700
5790
6642
1646
2132
1188072
1461548
3070
658
562748
3812
5310
2696
4120
1674
1608
356
4928
732
5286
772
1394
384
4252
2144
4158
48660
1744
790
4572
528
5714
5790
3814
6846
6530
2656
2150
248
2972
358
3654
1414510
372
2052
5216
758
530
4460
1224
800
2408
250
5556
37090
372
3936
631240
10554
4530
1422
266
2356
1460412
696558
4192
6124
252
806
2470
4540
4274
502
792968
327592
1923510
9996
165678
406
234
7182
1804
4262
498
252
2566
2002
234
1014
2262
2176
6626
11168
394
378
3616
2336
364
2402
3930
3576
230
3438
4462
6838
3068
2444
2832
2732
2784
70
72
1408
280
3068
260
240
2676
3764
4136
898
1232
240
3026
3297852
4648
650
246
4712
1392
3938
350
356
37340
2362
2012
2286058
250
2624
7076
648938
6768
180176
13546
278
1366244
5656
1780526
1018
3350
1776
242
792
22090
3254
2738
1510122
68
70
1118
11758
2998
758266
246
2560
3754
238
1372
3988
4676
468
662
506
5530
2918
852800
1047388
1152
2790
1150
5578
5960
470
3314
1658
370
814
1020
238
388
976
524
4728
4968
2764
4362
1290
56972
394
31958
6010
1455318
3174
502
1584
9816
269558
658
5838
2096
1914
270
3216
262
6132
3270
3660
3676
250
1100
2026
2806
930
10882
5840
610
244
1064164
370
1944
1454
11268
2038
250
2852
11256
7438
282
1320
362
240
2944
1854518
3122
928496
5462
6772
3336
4894
10664
101362
1392
70
368
2654
432012
587114
5676
262
258
6328
5970
1822
2046
984
5490
4298
2014
70
70
230
872542
1288
3744
3564
3570
4694
6598
914
695422
3268
4397218
7946
368
2150
244
161842
402
2490
4376
3234
7630
386408
1230
183738
1396
6418
1656
70
6706
1832
2490
1668
246
470
14816
268
3270
1893218
352
3964
1342
765028
358
960
372
894
250
550
1356
220
6714
2294
898
2138
256
16746
4364
5434
4148
270
3692
1009206
7186
256
5336
2806
7846
356
3122
574
72
1186
1982
10030
250
178
2144
6558
1062
724896
2698
8344
11012
4936
104068
1074
6432
12648
370
8422
6356
1164
13996
824
362
3211624
1686
5740
3422
266
3322
72
70
8558
6880
3796
3088
1608
2542
394
1679876
13668
548656
892
3108
3446
3134
2160
70
8636
2840
8496
244
1698
2304
4004
2524
254
2194
1496
151848
2342
2394
814
5524
266
366
5246
13758
1398
232
5294
8622
6884
266
236
1364
5698
270
1270
1316
74992
3063338
861622
362
236
1116
406
7166
3804
8246
2154676
34970
15836
496
1532
3826
364
242
6228
239374
3042
189532
7708
5476
3051446
2960
527786
540
5764
244
272
12186
844
2074540
15528
70
70
1516
4922
260
1806
70
1686
5534
242
350702
960
1839682
4736
5470
1067412
1046860
6108
230
654050
1543252
8836
2304
265964
12970
2682
68
68
3886
1394
1212
794
2233484
426692
410034
248
9878
7084
6030
4190
368
70
68
358
6004
1160
814992
2744
2766
252
1958
211944
248
4514
1516
244
222034
1184
2892
70
778384
7092
3616
390
70
70
5818
256
670
234
242
5650
7600
8270
1608
3628
1820
2250
10614
1504
624
3944
1932
1804
5468
490
3464
8896
8560
1063326
912
252
6120
3460
7274
11780
6614
1120
1796
896
70
72
1236
1408
232
9272
240
2114
742
36588
70
70
3230
1124
366
1146
830
362
1314
4332
8218
2567300
3159234
1290
1376
898
774
1054
3574
680
1452
2574
3982
3616
666
252
1470
1264
4634
276
3156
1724776
2670
1440304
4692
762
7710
678
842
6370
10454
226
244
1149258
13502
11824
1015586
5106348
4504
1566
3104
524
5142
254
70
70
3178
1700
14324
1287132
3290
1576
254
359798
2416
15074
246
144098
2500
249592
370
15246
780674
2620
2882
7692
6196
6638
236
7518
3756
3646
5212
2678
520
6952
3012332
3254
2522
5028
1328
1718
2742
2220340
2476
232
1354
3786
250
104924
5140
1200
1766
339408
4674
74
70
4752
2316
670
8382
3414
3413744
1468
236
572
3578
4816
3288
5968
6502
2338
1842
2594
276
3652
3208
3168
2036
6592
260
4762
254
5470
708
1954526
93172
3116
252
4910
1746
2936
2912
5654
814
7846
1116
1416
5044
1960330
72
3818
1012
877700
250
7546
2292
6700
2346
368772
254
70
70
494
768
9546
24262
2242
2886
3224
4836
70
2370
3680
3278
408
910
3652
370
908
16936
1940
121816
6836
81344
694
23300
1338
1652
2590
2924
1796
240
6400
6620
652162
252
119386
1821410
19726
9294
250
1634
2372
274
5730
1728
280
12628
55472
3980
5194
232
3124
810
560
1510
14492
550
1248058
2042
3858
250
1392
1988
7322
238
3136
5086
3706
244
7096
9940
1209034
2300
1151708
242
7062
126368
246
246
2224
1690
2430
9500
1014
711596
1048
2388
6984
184442
1458
1778
465326
3042
3092
10240
5898
7622
248
634
880326
3516
8450
3780
2015494
1914
18882
4970
8698
1998
2542
1468202
380
8534
1044
143744
10434
2238
252
1618
11890
246
3518
3113802
3384
5552
520
2458
10006
217228
1878
11028
368
238
1355274
5030
7166
3210
1448
3700
256
282
11892
236
1774
346
2214744
1362
1083100
4100
672280
7008
4306
384
5134
250
1208
2874946
74
4500
254
12786
1540
12430
390
317868
21518
250
1229046
658
70
70
1942
1646034
996556
55602
2033760
844
2706
70
716
378322
4894
364
4872366
1802
1170
1402
496
214348
1712
901598
240
3032
3572
2184486
2628
3557162
1966
3218
3180
4580
1436
2112
11046
346
165824
252
1572
1841140
407360
7056
70
1250
250
291116
114020
280
5812
99924
774
9502
1258
2130336
1668
5384
240
1500
286
3364
7984
234
4004
256
5130
248
1976
1048
1554
2662
8946
2228
1724
1162
1994
2040
8782
3110
9488
3083852
70
1782
2024
1690
13418
1078
378
2480
2718
7810
68
70
1750
4158
364
262
1568
7802
2268
364
924
1595050
2736
1086362
262
9690
1066
500
2200796
1704
1232
12956
416432
72
1397874
1502
1403828
1682
379280
412700
238
1332
2196
2406
2608
1502
3722
5778
2406
1020
7980
1525722
238
3852
1750728
2766
1614
1208
1480
1772
8606
2320
8042
672
520
5344
9602
268
242
2126
258
1647944
5162
8288
896
5198
1646
10000
254
4022
2486
224
4838
250
6054
14458
612
2560
627900
9950
2080
14608
902922
2352
7434
1302
2802
9132
4068
1330246
6872
5006
4930
1470
3122
9662
6163008
2386
134184
485056
366
6612
244
5980
2174
4348
1207774
838
2470
1052
2210
2118
2386
3392
874
2398
624
4366
374
473874
278
191752
5402
598
1842
906
1640
376
486
1228
1452
372
12810
1522
5300
1534
1144
2124
3492
1902
364
2788
1482
518
1964
4488
6110
998
1960
2188
6588
10428
262
574184
508
2628
4824
785808
2834
2452
1500
5926
924
480294
2564
2786
2222
2474
3516
6790
2770
2880
5682
622
1284
776
4502928
262
234
4552
2332
5964
4552
474
4872
266
2600
516
6134
1998
1118
10854
998
11052
762
2968
3316
2082
764
7470
2000
262
14768
540
602
7820
3374
4608
1628
1354
3503582
812
2044
2398
2520
246
3134
768
1168
924
272
4886
762
2916924
3180
4690
248
1042
226
7420
232
2802
5008
122958
5862
6148
906
238
498
4028
2960
1120
1596
76188
1234
762
1584
2902
1148
414
3826
1070
4492
10178
2610
2276
1056
1028
874
7546
1408
1742
368
2160
1528
378
3516
11668
4346260
12242
360
9980
3108
313736
4036
5864
2936
2014
2464
2630
2490
4184
10226
3992
2038
2350
238
2552
266
5588
3132
1992
3392
1976
6190
1082
10208
38658
522
1308
2912
386
1794
246
2740
3944
1800
7238
268
3454
271078
4664
2014
806
2608
260
1904
79810
6888
1063408
3796
2216
1698
497390
1726
3036
350
1524
8676
5220
374
1734
382
1610
982
364
4284
2108
1470
2126
2192
254
1098
1266
788
1510
984
372
244
278
2860344
1216
3860
7834
890
460802
3256
6020
1892
9134
1660
1442
5818
3506
1310902
2068
1700
378
2803598
4870
6908
3394
2712
832
2978
571112
5642
3148
5452
1318
3782
262
366
732
1366
3138
8118
1114
266
850
6686
2076
6248
6438
4538
3246
1326
1634342
8256
228
378
7046
118282
4280
3908
6410
264
388
2042
1782
2378
856
8638
3670
242
242
5004
2432
608
2278
5508
240
1886
12068
2896
496
4316
600
2390
3948
6048
4330
1500
4690
4802
390
9008
3788
838
245254
11552
1402
1128
6640
10340
646
244
3136
1986
6882
760
8566
2026
5786588
11048
1794
1989908
510
2764
2298
3518
4164
4428
1394
372
684
4694
3588
3008
152592
12164
490
2186
388
3166
1572
1748
8308
244
1952
208372
648
4342
870
59054
1730
3646
2960
1994
858
2982
3482
554952
5080
224
2872
358
3076
244
512
4308
7890
1544
876
5744
8384
1000
6726
2592
876
378
5712
6280
630
2708
703722
3684
437146
2640
602
3246
2654
2080
6578
268
4118
321054
2976
614
4822
8038
3046
5940
6674
248
512
386
5852
75170
994
15484
1846
3726
982
382
1740
352
1876
8448
8170
366
244
6878
214886
4738
751202
390
8334
5790
2160
606
242
3838
2233242
5070
4868
954
9068
494
2986
3712
10540
510
2133770
1324
3044
6902
1678
242
1546
4290604
3998
230
4990
736
258
2314
654
15504
10322
2434
2670
6140
1086
5046
2534
1190
4240
8690
5540
2962
752
3864
2092
8262
1116
5532
3662
4334
3048
1476
2844
856
5598
3120
1960
2018
9520
272
6194
6908
652
3206
10002
1474
240
240
1272
1204
5184
2666
2926
748
5198
778
1992
6036
6134
732
2120
3118
2482638
268
260
1414
3344
5782
246
525462
936
1560
3299258
548
1742536
3472
7772
238
11192
260
3266
248
5380
7792
628
238
2152
2426
4284
3982
7260
260
2308290
1736
1394
1852
1766
1056
270
8222
240
266
3288
2387762
280
1120
3564
1542
3118
1924
2760
1764
378
2676
268
768
242
520
482
6056
244
1564
6966
4708
8288
12538
238
3436
262
1044
3150
2326
228
6966
3014
5154
10718
5418
1476
890
4544
3134
1416
1830
3012
4354
5022
630
1828
4826
1398
832
2958
746
7206
1208684
4808
6312
262
258
3216
2922
2152
89248
736
2720
752
1504
238
362
762
602
11318
4040
3370
880
2946
1276
364
10314
42708
1802
764
3102
5382
6970
8420
3426
4000
4004
3236
4300
2976
4844
5246
256
3398
2152
2462
2296
1724
1008
8384
394046
648
2656
3616
266
630
4002
1670
9638
1994
5550
5232
256
4358
770
222
1760
1394
3042
3058
10672
5006
1328
5598
1576
1424
205208
246
4540524
12514
3622
721872
4100
640
248
552
264
5566
2310
626
248
756
2630
1442
3457674
1926
370
1814
372
284
268
1668
4542
1037456
738
10140
6196
2216
370
690
368
7294
4104
240
70442
600
1396
1558
8340
3444
240
6066
258
4122
14142
122140
2737230
628
3694
268
2748
70
778788
654
2194
2296
1178
5388
846
5646
1666
2626
256
2026
2622
3040
8814
3110
11332
270
370
1492
1830
4630
4292
3218
9904
3136
8058
9936
6722
7086
540
252
333568
1870
1174
2352
2021782
236
242
1180
240
6320
254
1016
512
2141756
646566
2768
10950
5832
6848
258
10344
10478
960
634
496
1644
262
374338
250
260
610
6232
240
282
1132
830
3200
2046
382
384
307526
10826
2688
1024890
754
3100
4990
976
2320
760
1336
3190
8896
3978
4714
262
536
248
1559046
1060
3150
6748
1604
1942
890
4148
2501742
1108
2184604
2258
2380
505198
4508
6416
3468
632
14408
10728
2550
378
2686
5736
1732
234
2792
682600
1258
2524
1746
5320
516748
972
3176
874
1090
2414
17078
384
6316
349706
2488
1422
248
1452
1944294
52982
2746
1614
2172
3670
1660
356
1118
1708
7296
2092
248
242
5100
8534
4188
6478
1562
2426
986
1600
1760
398
562
11068
280
4204
4634
2904
1504
846
1590
372
1616
1486
5978
1500
244
280
590
2084
372
1978
5346
5246
2604
2220
11612
7556
5192
220
3226
1634
1116
234
652
6286
1622
1479800
7384
742
1088
3018
2012
1808
1596
494
1275992
1684
2708
3950
2214
1123192
4893894
3684
624
4532
1024
1816
446820
99830
2490
1260
2210
553304
238
4358
1466
1660270
3145524
252
5248
1826
2492
264
2636
4770
748
3966
1890
3506
2522
1642
1230
972
70
4270
1640
266
2140
3962
2302
264
1494
966876
258
240
670
1408166
2732178
5324
1244
1132
3330
1532
3396
9818
3046
1838
2436
1382
2358
1884
800
3730
1358
254
1466
262
3488
5318
4094
2236
504
1904
860
2364
986
2496
6644
1120
1864
3020
1644
1328
30848
796
3332
632
1520
2746
1686
708
2180
530
8074
1234
516
9558
730
1914
1258
786
4036
4614
3636
1494
2412
1532
1820
1840
1020
630
2934
560
638
1112
2044
766
1896
3398
900
1422
744
948
1438
902
2722
572
2716
1968
536
497144
2342
3268
582
1442
788
5800
8346
2138
2778
3228
14844
2992
1378
7030
598
524
550
2788
7832
141136
1388
1554
650
930
684
4158
2062
3034
1348
1514
6314
1346
1082
356018
628
888
3778
7374
3426
594
470
1798
1590
2394
922
1610
674
11462
3168
1092
3810
5266
8078
4902
3750
441676
1922
3154
1116
8454
882
942
1060
1312
1392
3400
2578
888
1788
592
4636
5088
984
3564
1154
1774
6238
2050
254
1358892
2876
958
4702
1954
8504
626
2606
778
2052
5358
3012
150908
4240
266
392
526
1076
1202
4122
866
1914
8452
4274
2436
708
774
2238
4046
870
1106
1164
1420
798
5800
988
1662
277478
1158
1006
678212
6916
297106
1556
774
264
3918
1198
386
288
998
12636
2056
112274
3844
296
8344
5058
2400
2384
5910
1628
382
3120
3018
592
1366
1042
124586
1060
812
1838
626
10290
3644
494
2584
1408
5800
670
2646
1108
494
1070
392
1216552
1772
2478
812
8098
2740
7480
808
894
868
1180
6296
2556
576006
642
4460
1004
3052
2352
970
940
680
1060
242
4058
1734
6774
2336
1718
2420
1176
2476
818
2112
1946
211782
2044
1636
2116
538
1366
1635360
3318
2490
1342
896
4112
34746
1358
6228
2820
542254
642
2906
1434
459834
514
756
1476
718
814
1001560
1136
876
244
1040
790
968
2306
7214
2386
2526
4368
1920
878
1460
2060
2376
1432
3756
1964
2378
642
580
248
6098
1756
2220
658
1672
1396
2930
2020
1740
388
2452
1896
4028
3254
1444
3356
668
2304
3448
670
702
564
1506066
1212
2840
1404
2968
2644
372722
1298
67854
3422
1386
3264
1288
1334
165530
1184
3324
97436
1258
756
384234
4386
660
252
242
4424
1446
2240
2028
778
1061964
206256
258
538
1428
2202
4674
6054
784
3760
1982
4298
2492
5922
4238
1177716
4722
153100
3286
1110
1658544
2298
1122
2284
3742
1753016
3462
240
925650
2956
1202
4492
2398
3222
1712
4488
534
5460
4336
582450
1742
1128
928
1516
524
630
1956
1700
1584
360
4146
906
6974
801292
3408
779158
258
1068100
2696
2448
1532
678
2406
2390
618
524
630
994
256
4820
1878
532
72408
1056
880
670
1596
574
1106
152272
266
2380
3824
3190
644
786
2792
5076
5364
6276
1304
362
376
352080
1366
230310
2456
1284
3054
1630
2002
2692
3738
3692
1842
702
3358
1852
2974
1464
1998
370
1094
1890
122684
1746
254
1298
2316
1730
868
1018
2492
778
1876
3990
814
26000
576
2336
2608
1284
374
4934
5104
2924
1566
1682
1304
980
776
5136
1480
600
256
984
151726
298040
5068
3040
2186
754
3872
3970
2030
988
772
2738
1052
3200
4414
377160
3628
766
5064
358
3178
2216
1169146
2080
3148
1168
2900
802
366
3892
6136
8818
1464
2346
2010
948
378556
792
3100
970
647412
772
462
910
1746
4952
5142
992
4856
1672
1856
242
4656
2828
2022
692
8096
1366
2328
2878
2392
4492
2772
254
1806
810
11790
8902
4114
1462
9088
2560
562
2452
1132
6012
4760
1472
1908
3214
1524
1146
1048
1388
3494
2744
3304
4570
291974
1306
730
1460
584
1324
834
1632
264
1328
918
540
4322
2666
10608
7754
52906
56626
1164
1056
2102
872
532
832
818
6452
7388
2244
1246
2636
1530
1810
370
886
2818
6264
2042
1013984
4230
12346
1482
3090
1276
1108
2210
580
2024
6054
1056
1445722
4610
1428
3920
958
708
26822
522
1342
3538
2726
4744
2838
2088
3346
5062
2738
3852
256
3732
748
2666
109196
4268
676
1116
3906
3450
2140
7228
278
562
4060
4516
1358
52240
264
3134
1440
1034
918
1502
4688
242510
1180
2346
3318
766
1324
1006
1574
806
2532
4334
4682
2696
5834
682
790
1320
820560
518942
5094
4026
6644
1206
568658
1708
362
1788
2752
1260
1774
1902
2324
1670
1112
2570
1950
5060
2368
3100
1462
858
254
2014
446
1968
1286
3244
796
4006
2434
4444
3802
4612
3938
3808
4198
884
1666
7976
562
1912
910
4038
4986
3544
1152
2294
4802
280
1328
1106
1632
2292
1116
990
30714
58796
2610
1050
271684
5872
240
3522
1344
258
696
738
668
380
276836
1772
1904
1456
890
634
372
327162
588
1876
738
2032
628
394
730
704
170418
1940
652
1050
9094
664
766
2204
3134
550078
2542
3166
1420
2862
1662
590
2814
344974
1350
1188
3492
3264
1142
1834
1404
1334
3024
470600
3514
766
5004
840
2362
4478
1064
2070
4270
2018
3086
2976
3008
1914
1994
1526
644
5486
9008
2140
774
3716
1022
360
262
450
1074
1818
4690
4074
93096
1396
254
14004
2154
966
1220
58630
7568
1004
3220
1746
544
2058
7276
593806
2744
2772
3914
6102
3506
5936
2526
288
2896
5038
376
2766
1498
1126
1388
2270
4462
2610
740
1392
9112
1972
4924
256
1906
522
6964
1802
1018
756
670
1388
256
794
1722
102422
1210
3846
488
5090
484
1468
2786
3090
2940
236
1298
1353176
1500
750
1492
3674
648
1774
2636
2882
2568
2161418
624118
802
1712
642
352
346
45840
404
6330
3310
958
4112
2360
1314
1090
3682
4370
4048
248
1582
1026
1236006
5558
416
800
6068
764
3402
7124
260
3726
536
3798
708
297160
2828
6086
640
1120
88984
3086
1186
1768
1504
656
2994
1126
3346
1226
1884
1306
1940
1922
632
260
2568
2468
5574
2798
632
4870
648
2942
5824
3946
1310
4212
4866
7936
2332
1074
368
522
2682
3394
1938
1464
496
668
1711224
4386
2836
5224
402434
650
266
5810
3652
7706
240080
1834
266
4624
4084994
4972
1356
2406
310462
266
1752
4842
1242
4452
3442
2190
5290
1598
2400
273494
278
14310
1280
2346
138618
1014
2504
2070
1306
268
2386
1908
274
754
3844
139198
2390
278
36710
8180
10478
4244
7446
262
3130
1258
516012
1570
4492
2708
7034
68
5644
3094
8830
436
1330
945586
500
6500
1080
9728
8998
2724
3396
1134
1588682
6974
2856
1390
1094
1572
1020
807106
4410
980
780
4718
346932
2364
282
738
1008
486598
1628
1937158
58484
1154
1444
1366
2993350
1503656
12812
1870
7198
8830
1012
3808
1556
2440
1538
10552
4074
3972
13896
499676
3682
3072
8604
593286
1404
1266
4586
268
5212
2046
7130
2972
276
2508
4540
578070
2930
491502
496
2190
6704
3522
1486
2240
68
272
266
3688
1272
3250
2824
252
2354
790
1852
1005294
5290
486
3104
2248672
3600
706
2130
1156
1946
3782
246
9468
6488
649708
256
3970
4942
784
490
258
4570
4790
9958
1750
7630
1722
250
3636
70
5310
1844
370
1396
2614
8432
3042
30220
1536
3280
2102
9310
272
3552
3747912
4342
26082
258
3480
4748
1122
1048
2962
5078
890242
8916
6082
3688
1106
3834
406
1252
1136
260
3832
68
3568
294
9494
260
3162
6994
2746
3038
3386
2766
6480
3146
2062
68
2150
2010
6384
244
1384650
1944
270
6810
880
256
918
9322
7102
3442
1524
6792
10216
270
1158
4354
1832
68
1260968
4990
14740
4716
298
2328
6802
2308
3052
900
4426
5162
376
42838
3738
94410
975526
1700
3448
2162
1070
10330
1412
2608
4906
70
11524
244
12850
13354
884550
1696680
2392
3674
3550
5688
120436
1954
258
1081114
3124
1706
8018
5402
4634
272
3484
5660
972
656
4306
2049892
840152
2586232
3698
4046
3638
2474
22220
2272
6224
2056
1426
8006
2484
2950
3578
6976
1034
278
1262
408
2709008
1386
2444
626
270
4242
7812
2034
12422
2360
6234
650
3372
1258
1894
1126
4422
2228
1270
4246
9898
3294
780
4760
1356
23342
2856
2158
13476
2883530
2934
1740
1536
4008
5074
1822
2070
2376
10068
2542
5516
2106
784
996
2660
974
594
4490
3004
3700
1230
1980
400
2400
252
288
170066
66326
2280660
64912
3306
1450
764
270
1454574
3066
250
258
6468
2994
2750
1604
2650
6214
6682
6296
3694
188552
7096
2592
1466
878
3102
1532
4512
2916
2998110
10140
106446
689834
4972
2008
3114
3278
7514
42460
254
4232
374
5044
601712
6804
270
5772
1746
244
2936
7734
4306
532
2478
1464
276
5818
1448
547246
4148
8146
1442
918
2930
3806
678
1144
5688
244
1794
11292
1800
1114
236434
9118
1656
662
1530
536
12668
1522
1822
4380
8312
1556
18226
108630
396
13142
7250
2028
6794
3736
296
5278
786
3474
244
6686
1924
8844
276936
1406000
706
540
5488
2789070
1972
3342
1378
454
884
8672
4020
1968
68
2862460
582698
272
1268
2532
2257154
1276
3180
6606
3104
258
5250
21128
3424
1552
274
5996
3682
2532
534
6596
2952
5402
1582
6844
4928
640
4806
5160
516
555308
4474
236350
396
256
522
3578
5614
872
388
3190
646
3112
90980
4308
892
2910
1018
13418
254
1966112
656
523842
9348
681738
2036
4950
2252
6364
11850
3916
3838
7720
2594
11696
561988
4334
7256
5886
1152
4628
2200
3976
1871482
3424
774
1608
410
878104
2838
256
2584
3892
2674
666066
274
730
742
266
2384
5680
2778
904
7466
5920
262
9202
5754
1856
6136
492
1852
268
1098
4956
3642
4696
3648
270
1542
3052
1882
4082
1882
898
8298
6326
4444
231842
368
8344
258
662
262
356
1670352
1042
270
254
882
2080
384
2240
14672
1282
1694
4322
4176
3124
2256
1444
269072
68
1420
3358
6042
386
1630
3444
4260
1016
244
6172
8638
370
1890
435876
4646
3888
428
2558
1529952
1438
5338
5000
2082
266
4144
254
254
2144
2338
4298
7604
3846
766
378
3372
9740
3122
5390
8808
244
250
1288
252
2656
866404
250
9522
2980
2342
1504
1404468
432
3832
454332
270
6100
246
1556
3426
936
7806
7550
240
252
1324
3560
384
3334
277520
68
2652
94086
530
5630
1356
949748
70
2552
530
4146
18120
9208
372
4632
260
294
200996
3368
829476
258
248
9258
7094
537310
1527976
2870
1172
1123798
1440
10530
604610
264
68
2416162
3562
2412
1954
1495626
48806
272
1782
14824
8632
678
4194
15552
3826
7206
8542
322144
4680
1462
5956
268
3676
46602
272
2644
4570
388
1084
312
266
1946
9412
4426
1252
2418
8944
6508
366
404
246
234
6122
2396
616
3866
268
111876
824
240
4024
248
4798
10446
1352
1848
6918
2282
68
1052264
1382
5954
262
95488
2970986
494
1532
2358
10726
1284
2262982
2092
272
3054
5894
11442
644
264
1348
4814
1094
6428
3564
260
874
964
1356
1940
6022
9108
6909972
38456
260
266
144518
974844
520
4550
988
4440
940
4844
8188
762
3814
1562
4536
4706
2990
5470
488268
3284
1500876
564
10030
620
2978
2460
8834
4964
262
1342
1374
5212
1762
6420
2382
1734
4844
5112
6500
8290
6034
1740
985068
1934
464308
2720
6662
1984
3498
5206
904
1780100
8798
1312
1788
372
10840
57320
432
8744
1064870
2096
370
4528
15148
14634
7366
668
2312
3258
8296
742
13786
2098
490074
386
2270
5652
4032
2794
256
3395766
164254
7472
1876
1396
626
3088
4422
7192
3712
1002
5712
1854
1942
2034
10038
861896
5940
372
5268
3546
5836
681494
68
2004
10462
6594
2332
3186
21358
6608
8452
254
3124
1224
1338248
1706
12244
3134874
2506
9242
8044
3562
467580
2182
7388
5422
1578
4580
3566
399116
262
300642
762
270
4484
4550
1286200
768
8538
2368
1806
254
972
622
7108
6752
1172
494
2380
268
242
256
518
2316
1040
6670
674
918
1628
2822138
504
272
250
7462
1338
256
1398
4028
3304
1390446
292
3450
1302284
296
388
256
242
2660
272
2992
10810
4902
408
1376
1141762
5538
1648
6872
1986
2154
264
255852
1113820
3844
5450
3450
3174
1498
4226
1816
2492
4514
1868
260
718
1912
268
4566
478
658
12174
4958
270
4632
1748
2536
496
2106
2446
2544
72
72
592
3834
1082
1140
10012
631082
13632
252
2064180
3376
26246
1614
6926
9524
3635230
1142
1258
1894
2700
9702
1982
4214
7554
708
4988
2156
7942
298
296
252
5488
2526
8866
680
5142
1152570
1466
1678
3394
948
370
8356
7514
928
6420
2252
2158
1944
2904
18168
1784
70
70
286
596
888730
1056
1730
270
5600
578
260
2084
690
278420
974
3192
2912
3840
284
1212732
7906
4440
5452
1430276
3206
2484
3221250
808
1204136
4604
1010
2060
1060
3522
2256
3192
4768
270
2294
7096
4594
386
2118
2246
6880
4656
4278
1462
270
70
72
1280
11410
700
596
694
1357700
1210
686
8154
374
976
1842
576
15770
1912
752
482
2008
1844
4084
3484
4220
280
360
3008
1764
14272
2602
2390
8354
8312
1183812
780618
2038
3318
335516
1194148
498
548
1216
784
280
256
9636
3432
72
248
9826
6036
266
2628
4306
2458
9978
252
2552
1491988
2906
1672
1350
790
708
10190
514
2410
3962
68
70
372
3874
5982
5910
2320
4124
258
5474
828
278
1918
5688
4628
251196
4526
3346
1944
7154
384
9934
4588
288
2098
2878
4448
8698
1078
926
1678516
2000174
13340
1738
1918
6086
520888
246
960
252
290
888408
6778
8106
256
3556
280
3742
5972
1816
8318
5702
2678
4162
10270
3642
763810
532298
5908
2492
5540
197448
254
1222
2348
4448
1202
1466
4348
3482
1054
1642
1504
1022
4802
266
5590
268
1978
5592
2092
1407116
496
1580
2186
530
7590
8338
136834
2358
2460
256
278
3230
4672
5276
360
606
1810
3660
5174
3742
1678
1250
670
266
286
6088
556
1576
360
1527460
1072090
2470
942
1388
274
1064
3432
276
3438
2682
1482
3520
256
1440
1554
2022
2408
704066
296
11586
1848
2556
3332
730
260
264
7438
676
492
10586
252
1700
734
5718
390
10650
3504
3662
2442
2980
16456
7196
262
8460
354
3946
3426
2028
6880
197496
262
2402
4810
402
672
1436
8946
1361050
2628
266
256
3868
2608
266
1870
976
3008
298
3228
3646
4760
7282
1054
3854
276
394
4854
3023506
15642
468936
904
62214
244
8172
1634482
70
1244
502
286
810
476
10794
5894
70
70
7684
1257860
380
2516
3226548
30510
9794
8134
6474
8094
4304
262
374
1074
522
578
490
6962
10264
3674
8108
810
4028
1944
457844
930
1256
1826
2070
5828
1588
6838
3256
508922
3378
2920
6518
1348
8014
3404
3666
252
966
3988
6256
3278
272
3564
3178
268
264
5682
1076
3712
2120
394
1394012
4100
386
10126
23216
1256
1162
2820
2384
270
6820
392
2486
4392
18332
804
2792
288
13476
2174
4410
7642
242
1996
562
692
276
264
4458
394
2858
7710
1888
916336
74
70
12318
628
1582
3442842
1576
504
1290844
3574
3084
806
4232
7146
270
492
282
2422194
1898
1186718
1588
252
940
234224
376
3253202
5948
4352
14908
4274
1054
6380
2042
940702
296
4450
264
2986
1223822
702
13484
1730
2360
7878
6742
4178
286
7094
258
2806
723240
254
254
2078
1057068
72
1810
390
2448
1369342
1532
5272
13362
1651852
3202
276
5602
578
1642
3702
272
274
9206
244
656684
4652
1908
278
4424
3106
432
1244
398806
3200
5198
9186
262
788
262
501040
2696
5974
70
6094
380
294
1258
2056
2667254
2860
3066
4090
706
262
996
628
980
254
1834
1706
474
908
4674
416
1778
5478
264
7738
974
1802
262
931496
6164
1638
3362
1118
3278
7742
678
934
3668
1282
1250
256
366
1558
272
1810
260
1924
4368
280
4114
1942
1802
4600
522
4744
1782
4080
2218
1710
1763760
5860
268
594
484
7254
1256
710
10494
2686078
260
270
4578
6608
5068
270
274
510
564
946
4024
1108352
68
70
270
4346
136728
1220
2570
2456
1009492
1981234
2878
3304
626
1112
2934
72
284
1744
6548
924
994
524
3970
894068
1566
1620
5232
4546
842
72
2224
3872
1078
6166
3628
268
6268
984
1948
1470
3100
1030
3228
1320
1650
2838
1410
1442
155098
2624
7094
3170550
1932
1532
2160
5222
16536
3862
2688
7496
553888
2578
981356
11746
2314
10152
11256
1867100
4618
3744
1204
7640
812
3560
272
4852
950
2958
1402
5260
209226
1396
1838
3442
258
878
3116
5340
882
1168
1134
3116
278
4548
4820
2324
8202
262
942
502
1764
1306
1586
3318
2094
272
5476
2078
260
1996
1428
4102
300
1994
5902
260
3456
284
1116
187372
470
270
9840
1918
260
5888
759012
294
4230
270
783346
504
258
3212
1728
294
3136
2246
12216
3376
9688
1536
676
296
3832
70
70
4740
4074
2253262
394
4762
269436
234536
1580
920
5322
1566
33486
954
1818
11876
15770
6702
272
100590
3950
922
12924
60734
3078
276
3802
479808
61070
256
1636
280
1548
250
1186
9294
7194
2014
372
2412
954496
14536
5284
6596
1580
574
9002
2484
70
3068
642352
1188
276
4902
1230
248
1007572
1940
260
504
5072
276
582
1030
2096
336
2184
2496968
948
402
1212
70
1420
15374
2302
1256
4316
1980
254
3136
506
3042
1440
3078
6566
2084
10136
424
1188144
1644820
1640
3994
9454
2186
68
2796
504
2284
2700
2108
2268
264
3408
518
4314
930
482
2586
12526
2174
364
560
4690
1496
392
3339224
388
1462
4932
704
246
5584
5738
1918
406
4108
4748
1718
946
540
4168
602
5288
282
1778
960580
574
1024
1998
1276
6340
8586
398
264
589314
2338
467768
2422
618
243832
1032
4722
6992
270
1080
8044
2332
274
1484
1804
1506
284
364
480
4602
6474
1096
2894
2208
646774
404
374
386
4290
14118
272
702
3526
5920
486
737182
5700
1052
260
912
934
1772
9572
3420
8818
5288
7534
3004
366
7116
3068
5078
450398
226
3040
622
1824
250
3014
3016
258
2144
278
254
5648
1618
892
892
4824
1392
1770
1151816
6118
296
1010
4218
2076
726
262
1942
276
4168
1120
878
5008
380
1518910
6496
1918
650
4426
3094
1295844
14746
950
244
1279842
240
766
4148270
4364
1687190
2918628
543736
382
2314558
2482
395780
2206
1622
1416
2994
4410
1942
786
424512
2078
350
1334
256
4412
1604
3959494
4760
2689042
5048
256
8190
3948
2960
3488
990
790
8040
296
2642
4572
1326968
672
294
10272
4234
648
1942
3670
5016
366
4682
246
7814
254
5130
4850
1550
12984
1576
276
272
9458
3074
2946
6786
2014
4216
1004
5726
350
3842
4002
258
2670
6128
2160
2908
1010
2305956
2782
3454
4068
1808
4518
375382
7024
7934
2688
1042
374
1130
2790
264
2018
850
952
244
260
2176
974952
578
5080
2256
262
6164
1006
886
273732
3934
1456
2530
902
1162
4564
6606
374
1938
961602
262
6738
1492
1434
1968
262
2262
1198
294
3628
2682
742
258
821236
3240
980
254
684
2518
256
364
2338
536
177110
2008
260
1214
1586
1878
3740
192810
932
3274
258
7006
2508
3488
455274
336
2346
3870
2792
2253628
2422230
648
10272
12932
3364
4322
60982
3312
1094
356
5922
7626
5616
3568
260
3454
1548
1518
7978
8472
6470
1296848
1419976
1750
72
9696
2164
3438
11186
922
1173438
1566
774
1960
2298
3139838
2964
3176
5340
644
3394
5728
1943720
1840
1926
5458
2575808
730
244
872
1330
6962
1404
2338
34022
5634
1234
4632
4142
1218830
3690
5640
2212
1178
648
1278
1730
4252
1964
756
3872
386
4276
252
722148
968
1078
242
1118
1161178
5050
1020
2448
7322
10658
972
1996
1659518
1536
256
246
258
1416
814
3490270
840
1120
603050
2108
358
9698
1936
1940
7378
274
2503470
488
1131322
347968
268
417962
642
268
5376
386
2450
238608
1084
258
2364
5586
3176
240
4138
3450
930
62764
1058
68
6084
523844
5328
5184
282562
262
2192
8268
5376
562
2082
3632
4276
1004
262
2044
2230
954
2492
4794
4128
846
3572
2064
260
1684540
8402
2124220
6870
1552
654
4002
4290
2394
4828
590
2204
1040712
93602
644
1056
256
396
2177356
2708
1388
3432
304340
1972
1458
4972
725674
384
6884
4370
2928
1952
3588
6180
262
260
690784
4904
632
2566
260
540
517668
532
3866
4858
3706
2510
9936
2826
1596
5440
3242
152936
4800
504
1430
4542
5618
4358
501346
10532
364
1086
2176
1022
580418
14340
4986
572
1690
2864
488
380
272
2207074
2216
672
274
2352
2708
3842
2942
3286
362
378
4058
6344
4566
1562
3970
719636
7334
271544
1734
1478
1804
3536
1474
1302
2242
14046
252
8546
3412
6688
882
240
338
2204
1232
2642
1248
1290
5390
3904
1202
3626
2120
998
10424
698
728
119650
368
845380
376
2186
1468
1822
5020
864
675158
2070
3086
3670
2254
456832
980
272
100050
33236
9882
6102
256
1654
898
1642
4962
5378
242
260
788
1732
225736
866
1206
5756
9488
151130
2396
5928
268
1538
274
492
3898
6640
2524
2756
7080
250
2076
999348
1480
123210
252
3290
17010
17256
672
2806
1526
7640
298
1704
2520
12116
762
2320
1556
2104
6590
1644
13454
9520
15660
9414
2524
5866
768
384
256
274
3099898
5982
268
4160
3014
3458
4304
1102
1262
362
2644
1660486
1084
248
256
1302
2208
4604
260
1362
9534
2056206
4780
10658
2090456
238
260
3238
4778
2056
375882
262
3308
2001486
2082
398
384
3592
1834
1108
160540
648
270
2046
2030
296
2180
558
6792
3126
7282
63442
402462
2880
4358
7204
1128
1954154
2222
3776
1602
19228
492
6196
648
10674
978
518576
402
9754
6494
366
2726
1632
1668
232
843030
4698
6140
1586
664
296
850032
1474
256
109594
2950
1970
2074
370
1418
270
4494
296
151134
2612
1174
3480
2084
2798
9284
1264
1786
2708
1120
5272
110000
6073752
1428
4950
248
5348
1230
1617834
2250
4498
2990
2690
980
3364
7996
1386
356
1418042
2972
6294
3264
1632
8240
678972
1394
262310
2184
842
256
768990
250
5868
3724
3866
246
380
256
1868
1734
3574
1020
6010
366
2428
3306
1946
974
749302
1586
1556
260
502
209636
748
5644
1310
2618
8338
266
3336
9830
1438
246
2240
5434
2746
17322
1616
5508
7388
4060
6228
2082
4868
2564
662
3326
894
1098170
529968
7276
1216
248
6308
272
7060
6194
76
2848
54316
8526
7322
2634
640078
1274
157082
5854
764
8484
3810
1692
1526516
1640
972
238
1348
256
2158
3568
1257346
1984
2222886
4894
5864
524
1336
526
1805620
2556
4868
1200
3866
5278
1100
786
8404
4244
972
242
1812
2446
1102
385046
2026
5540
916
2202
922
1262
3848
2176
3758
448772
2608
1890
378
69750
762
288
1120
260
1778408
7700
384
1456
2766
170698
196916
2478
254
5068
4316
579920
1580
2766
8426
693634
5456
776
250
2812
109494
3642
5052
2064
8638
518
2170
1310
2598
566
908
3330
2640898
946606
8352
2872
1626
1646
122284
264
288
2478
3340
378
685624
258
432
1670
2926
1630
2694
6656
2267992
3730
5906
12522
21968
1378
24476
258
1664
1094070
4178
2266
882
2262
4616
169196
1602
1664
4402
2788
70
1052626
2134
1133254
2188
2310
2342
654
2738
4988
742
1154272
5716
4456
266
1202
1282960
4340
6392
13626
272
7846
1664
5754
3056
1254
1094
1616
262
1626302
2630
538
1854
984
378
2968
4888
3754
981966
2136
1581832
7048
2628
7714
11432
2876
2368
294
3898
6478
1672
13628
4264
1524690
874
2098
3650
1010
4254
7288
3044
331840
5252
1992
250
380
3848
738
1844
378
184996
1813486
4414
790
658
6616
4066
246
7800
1258
1338
354
4088
1018
3026
3946
764
800
512
244
962
3588
4894
1124
235160
2360
646
1536
5812
4370
2766
378
3266
3936
4796
2812
3622
1184
3516
2240
2394
9446
4296
9216
2900
2570
8720
2524
266
6060
4840
6124
11440
2084
1632
266
8780
270
366
2414
489518
4620
366
1120
2000
1626
1606
9794
80368
2488
338
415188
366832
798376
1090
498
6616
250
1157732
506
6510
804
1474
1888
748
13854
2284
5336
850
2470
254
1029428
636
2966
796
4012
1630
4176
5162
1756
654
2980
2098
3348
826
196
1296
322952
514
2774
1402
3946
280
9848
5586
226
1734
7540
7352
3404
4762
606
5932
10042
240
3512
4070
848
240
238
4028
1730
2908
738
5316
2292
988
10526
212
908
622
3298
1132
9392
920
740
644432
843462
4824
1952
2514
759490
1920
175590
1004
554
881886
2506
5926
5264
374
4352
1152
1096
2052
1594
275022
3638
1027774
3572
1398
2650
70110
890
2520
3910
5400
742
3358
238
4078
1986
681212
4034
80148
1520
4282
788
5730
1128
3622
2642
1974
2022
3620
234
1462
1644
5986
510530
878
1144
7384
1246
22860
1890
894
2424
1140
3124
262
3942
2250
390
954
1370
5172
261776
254
604
1586
982
1116
226
3826
3608
846
3720
506794
808
4660
119682
2812
2358
642
2026
756
6954
4568
258494
1882
672
619466
6802
3598
3346
6826
1252
244
3124
2836
506
262860
17238
368
888
1118
2608
3312
2152
91072
1588
4346
3168
2358
18218
982
2282
465842
234
254
494
3886
1348
4136
1114
650
780
682
924
1940
3416
1288
7816
4906
2002
3610
1590
378796
1122
232
1924
37476
4174
1186
2586
1062
3020
1886
646
826
38174
874
2980
3508
3000
4214
1358
352
980
3682
6880
1290
3218
752
4122
1498
920
2280
209304
244
1774
2796
2002
2464
3656
248
1272
256
4408
1284
3556
614
3452
656734
364
4850
1288
752826
2840
1004
2160932
3968
1780
1080
12280
1512
5760
654
752
2046
244
556
962532
7174
3098
820
3834
123790
5262
624
3868
3036
2208
3560
1524
790
3364
248
2080
2476
4416
932
618
3354
1378
638
770498
1268658
11566
920
1506
8910
874
3336
566
6232
1652
1098
1950
516
994
1188
2458
7834
2194
1510
3176
2556
816
504
125144
802
5022
2948
2638
666816
6262
236
2918
2048
1581290
1842
1054
2514
1224
622
1012
2510
242
638
1840
524
342
1658
158398
1156
380
7264
1670
928
498
1214
2158
606
904
2404
1948
1088
752
1628
656
750
98348
736938
1952
224
1692
2124
94638
780
1432
522
9060
252
1196
6652
8072
3430
1142
906
5552
368
2920
3384
922
2518
3240
1034
5330
1472
1356
254
3858
8248
158680
1704
2610
964
656
2870
1282
514
636
6598
3780
12060
1176
788
8164
6430
1476
3002
778
240
652
5862
262
370
973200
6420
1030
936
1502
250
492
2986
404
1706
734854
1092
8508
294186
453646
4090
586550
2958
4872
185360
494
18906
6858
2666
267142
437158
68914
1778
1348
379142
1138
3904
2442
437928
1114
2782
3828
3592
5294
696
236
252
2202
1968
1548
968
1376
2772
788
1312
1026
173518
798
2240
1094
4986
642
2940
3316
1606
328160
1440
2108
481608
2550
2142
248
137694
816
998
886
372
1164
702882
63026
254
3612
2492
229090
523952
2144
2276
9288
1050
5198
1883482
1696
1488
2468
2144
7436
998336
8232
764
2792
2152
256
1624
6492
458594
522
4546
814
456
926
518
764
6334
7836
1378
3006
1118
1492
376
1106
622
449398
3862
118658
4756
514730
1556
1266
1450
362
111738
978
3506
530
2970
2518
4568
1894
736
4302
848
1050
2882
3034
2844
1356
268
1296
3802
1068
628
2478
232
2870
1806
1518
7716
7126
2052
728
1166
2574
1680
2004
2872
1072
1810
2116
140078
1848
13700
1492
3966
2214
2082550
10790
650
1250
244
818
1042
2166
3214
4572
6848
2654
1116
2996
1328
822
2002
232
1027144
5282
4192
522
1560
2970
2718
2142
2428
3338
392
2190
886
642
4160
7636
674
1715856
4582
2610
5424
2908
2260
2744
2278
6818
1916
51934
52108
706
2170
229848
95286
2458
5758
1258
2174
928
872202
218322
9904
1014
512
1082
5582
3730
1016
1130
1918
2116
7158
7454
4028
866
5434
4000
4976
1280580
5946
3486
1738
1464
1880
2958
236
1566
4212
662
114682
2458
2520
2370
3754
752
2318
910
15668
598
2688
1470
226
2520
234
1696
1110
642
4302
780
646
560
3042
240
126040
3380
5032
238
1246
1282
762
2384
4644
660
5166
1700
5650
2030
2682
788
10130
644072
799744
254
243248
358162
5134
1672
894
1460
3118
1858
1704
246
2224
1068
2710
748
2202
3360
8650
3270
2330
2218
2620
640
994
2390
2292
2702
2632
6678
219680
1220
5034
926
2906
2398
1738
618
150254
230
2154
7820
902
2124
248990
1670
258
7792
58684
1132
1556
350
1784
9136
7216
1000
7816
770
1060800
3682
2176
1800
418758
4136
4766
728
1398
2276
608
6446
1223596
66646
1924
1370
372
3672
874
2396
878
620090
2040
220
4106
3250
1672
14444
5896
5862
256
1686
514
1036
37774
1338
43724
3226
2088
2062
6952
2416
2412
748
2164
9246
2116
1592
1076
1670
3434
1011894
1946
924
2520
882
2856
1032
360
261510
1354
1297544
412648
542
803246
3964
2184
401096
5184
1822
2466
965346
254
15442
2358
1192
1210
3178
1768
1889704
348
238
640
1124
2210
950
1542
5750
238410
246
260
3810
2360
504
1544
2342
6030
2846
4458
4032
4404
1072
256
1818
524
266
506
1126170
1650
728
1296
858
1210
1050
3928
11680
8138
1218
238
2386
246
1240
784278
1970
1002
1602
2450
1950
628
260
520
874
2796
616
1266
624
384
648
866
756
244
494
756
13388
3758
5090
4036
1740
918
1172
2052
3038
1754
266
1234
2910
260
211276
6630
3396
264048
990
3152
2768
1122
2152
388
1092
1966
498
240
2408
9590
2012
352
4994
2314
780
1466
2348
632
1024
1704
250
7670
2730
2614
13752
234
2176
356
3486
5740
1124130
1740
676
1262
3768
346
4376
254
244
1626
1530
486776
938
1262
526
670
3774
1292
5340
354
1350
784
3564
240
1034
896
802
1538
612
473242
5262
6202
636
107128
2276
1646
538
1196
1042
126840
6636
2888
9514
1710
1424276
4059382
1402
11090
359158
1490786
5850
392
1020
4448
896
1820
2596
2050
392
3406
516
4604
1614
2096
949216
652
406
892
1835386
968
764
1482
534
628904
1042840
6744
1918752
6936
1293330
11460
4594
8258
402
260
670528
568868
1255280
4310
1592
4026
786
5036120
9080
5146
4611802
581224
1356
17474
4996
242
1408
945402
1220
834
3376290
2180
4910
5024
617888
2274136
248
368
2020
8762
1626
1360
91198
2514174
248
386
264
2562
960
3174340
1166
4622
1932594
109018
2294
1231810
1290
2066374
256
3486
380
337680
1216
65916
56132
3880
1381172
1026
3462
498
902510
4754
722230
68
3300
838280
488364
3176
11574
1690
258
226252
5570
2948
746
4664
3728
5286
252
2670
266
5264
754
4248896
2364
7702
1114
6304
8680
3237090
256
2842
4736
4626310
973516
2858420
47976
3940
798
324270
3458
935746
486396
468
412276
272
3736
2391060
2376
226
4270
2834
718
6682
36782
374
7686
10704
362
6062
1756
390
404
258
1912
1948
4328
68
1542
433384
3250
7482
4066
7884
766
1614
4934
15928
1928
14848
380
2913548
2408678
1956
256
1746
162016
394
2256856
242
266
118588
2428942
1659918
344
11768
5034
1827276
1464
248
3822624
5142
68
176232
2820
267364
1382824
68
660116
1374
7254
2812
492
388246
1907056
3338
6326
5406
1117762
9610
284770
6258
1384
108212
248
85804
396
3976
364
4530
1521742
1061186
49488
1942
1378
284300
864784
624
12312
1815824
2174
7404
4000
2368
398
858746
2630
355874
3802
1346
68
1620
10206
1676
1668
4276
6112
739030
361096
64228
7474
3772284
826498
4076
328416
808312
939058
1016
1310
566836
2496
4976
230
610
3982346
1668
502
5173752
5418
900418
2402036
5270
44652
5366
6867246
2156
12534
12836
280674
570892
250570
1774
3724
248
4272
4846
8264
6392
391842
1913330
244
215270
11046
209712
4850
13826
1512
1466
9438
799498
871232
602
1498
185096
2771022
366
7276
21996
3342
3040
618
236
284
1998
1862
650
392
5988
2502
1008
244
2598
1336
66
334674
2260
3913318
1310
4974
1880
1350
8144
5462
471928
10938
3152
4774
3150032
2158
201474
407648
833284
769836
2546506
10638
748
4512
460
222252
248
1408006
938852
219196
2074824
4250
602
630
3912
6142
10320
2580
2355204
1695786
6162
3340038
254
943414
1227730
1290
3376
48116
1534
602970
3728
7672
238
1896766
1142
486
269762
1089610
250
9042
3458846
1422
184816
1710620
278192
6638
1650
258
794
1606
7998
490
1381480
316856
3780
153468
207116
456
2489232
3124
2520
3674
928352
217330
612016
240
2246
262
2404
780
4995836
1644804
655154
912
1446
5556
238
3138810
68
8960
710
3840
2286
370
386
297042
3936
510
3210
3294
1914
2024
206002
4222
4768
2434
358
242
462
626
268
49620
629638
1720
370
2232
1944522
268
2036
7132
4196
530
3090
756
17084
2842
2158
2536
1998
4624
68
242
1740
4106
2644
4514
862
5349134
3568
1140
550
1301058
41694
2198
4120
2022
2414
656
1852
397806
226234
386
242
4971606
744
1690
942884
1076
40082
244
868
9184
6032
1270
1545776
296812
1202
3664482
360
1468108
3980
372
11686
1528
178046
70
1060074
1300
378
3201008
236
1060772
746
1151730
946690
3242
1668650
250
1794656
709596
1538
1223566
816780
1505488
236
1158
1409454
1306
508
1056182
5630
3604
2917134
712736
5646
5916
1271210
6943692
1084488
6278
1164
468
894694
3090
173442
4172
14022
2656772
658920
3818
4231396
5045070
14952
6120
1126472
431298
4296
2598
6704
5034
648
203348
1061618
246
9540
974
6542
494532
14282
73430
4506460
2316
6680
1784
1230
2240
2328
794
12834
6248
878
9904
117960
390120
1506
4468
84268
516
2426856
500
1514224
1882
859256
208062
8780
2465498
3372
1284
647830
364
1826
1236
8776
4352
8944
376
872
46778
8626
368
1960
1034206
14346142
6068
2996
6884
1390
350
226290
20044
8424
2844
1992
2644
9422
13662
2022252
989460
902
297364
8114
71168
378412
2516268
232
1280
1497130
52362
11154
1712
243126
11116
5192
3140
129874
1466650
2316
52670
146060
246786
1230002
482
174812
2130230
1828
3322
3420
1940996
532
41772
3730
980
508
2464
5660
1418
1418004
2650524
6474
7774
394314
1904
1131270
240
638
256
1008
6228
510
283592
934
2902162
564536
6288
1486
1349320
2718
602
234
6870
252
15768
1920204
10910
3234678
700446
2830476
377708
2151532
2126
958554
814138
512
1921200
3510
1935702
1811172
2065160
7526
2736716
5678
9290
2392
2198
5452240
572316
2447290
246
17238
3562568
748034
240
114686
7254
1138712
4620
376
351664
5028
986
2104
260
1580
2080
692576
1155176
2412284
5522
3544
4316
248
3674
1171828
283012
272
1356
382
276
2700
411864
1612
946
5898
1523168
5894
900650
680368
898
504
758
9090
478
3272
3948
1020
100408
146674
624
7776
1942
2072
2384
2900
2376
4718
4540
518
16914
1256
2698
6042
404
4618
9014
2656
1992096
410
990
6172
4544
5718
9184
264
32568
1403666
514
2158
2098
3542
3540
7870
660684
1947242
1778
4196
3638
2476
1773494
4948
2998196
1808
7292
264
7100
2996738
2346564
826694
166318
250
5146
4974
809674
532
134932
2542
96670
173522
258
683300
3170
1172830
159348
532
406
2436
68
12600
505410
233006
8138
3952
445810
3234
8226
2234
8084
4416
764
4104
260
5070
6790
2672
1659576
6148
2530
440446
4624
1566
5672
4672
760
220604
4966
4047592
1671674
240
5456
1810804
68
9782
888
2112
1112
383696
2132
1375354
4928
5044
6466
5271780
920
236
1005384
6474
2518
1380
638
61718
708400
689912
349284
561850
1335352
10280
664
1467566
14762
26170
170260
1217170
8214
3188416
972454
762
317004
3342
2942
4426
4296
4796
6864
2856
814
5596
68
2215988
514374
1470
1912
5624
5675992
3824
1110352
4806
2606
1838
3475702
2868918
3642
3836020
374
190872
2002320
7396
682164
947638
5984
1398736
1716
4736
5542
16512
1498
2061814
2460476
1045786
2510
68
1372398
1855604
4882
1526
2492
763394
3782
2568
1707904
991134
681558
1804
994
7220
6716
341290
13942
3846
2098
1152
2262
1238
11956
448894
7834
1201650
270
1474542
1018
8084
1666224
5038
1392
5016
2112
5118
5964
1560
12110
8200
1274
3354
2430
5424
1184
870
562880
448302
1100
2694
244
242
5862
1104
500984
1788704
1554
241218
949642
954474
1273192
51166
793868
258
9720
521664
1094568
167666
13572
260004
540
246
213090
676
174310
7414
361240
2760
1888804
437386
802144
906
830
1904080
575870
206648
549208
633214
194198
705326
175868
260
645870
3978350
1326514
332290
2336
1026
1231792
244
244
2284
3384
1856
382
264
3564
2480
115082
6530
568
2088682
2500238
2776
17096
1400154
179520
4004
1298570
698272
3278
138860
1492
70
82
2995258
1856
270
921466
86
2078
25620
506
3638
958618
216
203052
2428
801660
45162
120344
1680654
55794
1500776
2426036
322766
500
488
606972
268
2078880
1481692
5988
5408
5438
2729242
114786
400
268
525076
737820
1052
1263314
410776
1940352
6920
195914
1212
2629410
741942
174438
2842860
60956
4252
2868474
1705388
1301482
4290
1491666
2252
1450
9704
1318
2645232
1166
654962
70
84
27868
988780
2144
718730
4138
43078
1612
4130058
998406
1797190
1690
3902
3996
794
2596
6982
2050
258
1306
4062
1126336
2608324
558
1784
260
2118
2038
119926
3784
806
8618
2668
1824420
6366
523172
3752
1070
237754
1674
552
252
1566214
1891262
1696
679218
1803058
2090
205076
5484268
4123452
1834
2222
390
6387198
386
3037448
2760
2115680
72
17484
3028952
3076
6624
6942
57996
467906
2574
884
1033814
480
1675768
415510
1014
218
568106
2100
4266
2248
688214
1672
1713000
242
1965626
270
1428
268
924
1312
117582
329550
350
1397484
1276
1666
5362
666888
602978
3080
3878
497790
778
386
1456
6554
444326
314444
19702
1715724
70
977468
422998
185290
5570
1598084
1383750
814128
6820
807182
484598
225610
1556504
1794188
302864
2808
4726196
3286702
4443464
2456
2350374
1631828
5040
85984
5218
3611946
3358
1541474
1288112
7208
4096
498044
2635178
2884
384
5924
370422
2432
950
433542
514106
240
1205640
2142
86
70
386
238
2758444
1981856
860882
2080
1279730
5648
3268448
1774
202906
2906
1990184
764
2606
1836
53750
230
15320
7026722
576272
8682
1192466
6026
30540
380
556804
9428
1370582
3978
4560
13640
292660
6223882
330450
6688
38932
444844
68
88
2811130
3292904
1316
1378440
2402742
1863656
3376
2018
863996
70
7766
4814740
823340
3374208
288346
6246
1645802
70
2344
669164
9154
202606
510
3446
582258
7792
84
84
6742
571662
72
1618
3811532
3968
143968
27692
604198
6196
1966
370672
19412
2208
4824
1772
1694
1189664
1456
732684
4846
548806
660
51552
2884
355274
2951900
2143020
862852
794210
262
486
1968210
254158
1742
1950
860
4726
576784
256
70
607142
6596
5032
1039336
180110
739890
2273682
365354
2164
3154
2340478
1618
26928
2234
82
1190
775216
335262
13524
204852
112420
74114
66062
2614406
938052
477872
209864
628
766
65884
4748
59186
5550
75548
566888
570970
846
2828
456396
139448
5358
254
979224
77780
2436
502714
741520
1680
508626
46146
388634
9378
1083040
1183838
2610
11960
3840112
838100
5752
552816
3320
704094
1201862
3986
1838
4270
110208
362
3686
1238
248
250
2132
748244
12538
5228
692
533632
1434398
1034
4894
5786
3170
7212
522606
549764
2394
5782
7178
3364698
40948
1900600
2412
516618
649314
80620
6400
272312
9046
1156
306058
3558
6300
536210
19966
47174
1442
265262
290216
1315468
1550
23242
4074
4406520
299688
602
1536
32334
1362
7188
746796
1003650
10808
3990
2414
84
29318
5090
3010052
1712
270820
3326
12894
39678
1628
2210
4046
2726
159518
70
2954
10314
4144
1892
4006
1861782
234
1765576
39328
1834
3931588
1564
1817372
2688382
186402
818422
3546550
1555902
191842
294
12532
343840
230550
2106
374892
2427582
2734
1580
780544
3906
992
6444
1544
918
256550
5310
4643390
76
3052
13996
593636
8782
735444
440372
258
110952
252
24616
264
552110
70
3172
187066
446268
6876
1676
2404664
358578
1400
1820
3394
2542
1468248
3414
22064
3241874
1221950
1047380
2254498
39664
4512
1962996
304206
329414
2738648
966
1206
4794774
4700
1732
86
1308
277948
457080
394
1037898
4750
8002
84
70
354
2646
84
556154
7244
9660
2363088
349374
990
132368
2966
113950
1844
4872
1118146
3560
1730128
2955998
70
439426
417018
705702
2521978
673150
2645156
2974
982
5246
4544
756690
673546
9740
2146
1624
1388946
362806
3558
731204
321790
48000
2362
3140
9992
752790
280
8208
167556
3080
5236
1321098
739442
19366
2468
804004
1324184
1790
36148
594
5531664
72
335026
72
2200
162994
2512
5866
902
1098166
4020
2042
3990
1092538
500122
4458
532896
2124
964378
294614
70
2743854
246
682
881814
493090
82504
242022
324980
39912
4136
505670
3992
2956712
33606
7480
600
1056704
2641150
380
1276
686788
1189506
4698
785994
177448
2220
3476
2150
2725878
474
2108
2180132
4396
2772
1503356
1838
696
264
857862
3740
2120
4640
344080
542
1570
18648
7018
682
1234
2478
3218
13766
2654
262
507704
2350
6242
254
2618976
4202
2383034
32686
2527736
2265094
349914
19014
2636
846284
9230
8990
113424
78
70
2188
3578
244
124622
740
3108
5728
594570
1270986
12812
1260
891128
1512
5512
724
1932
268732
2679742
1508
60684
3788
266
3310
10254
589942
4038
2174
996
3665694
2477966
4269686
2332304
193462
560
723190
7296
1637542
556
2444570
13564
3038
1016
358430
4516
597906
1622584
273108
1098
220432
1159276
6356
6958
382
5172
497456
2776318
6182
1651032
6527460
161384
1430986
7682
922
5114
655052
4202
1280
3653056
166738
4020
5008
684
1186
367960
362260
701334
6869962
664106
3774
11516
457976
6606
5666
498876
2676
389012
900
932
1791304
4058
540
2973572
5462
2848126
4498
1772
538332
7748
638372
898010
5364
7456
2934
1591870
1163172
543716
1215078
5578
1909580
5859648
962896
380
379016
1776512
51642
372
17322
1180210
951554
687758
84
70
8228
2374
203324
827374
1483624
454650
91628
419966
1476286
1871974
8410
115116
143884
84
3114
84
333092
3192
4028
1976340
256
45350
2766
145170
1708
1877372
16974
184818
2995424
1808
2670
3432272
148264
2454
880
270
850756
248
250
264
7188
44506
90768
4890
784074
250
1330702
354
3890938
1206836
198188
9580
273290
594052
7164
474894
3226
822
1708
679650
3250840
4904
2116
2034
30754
2389950
2290
1323524
2048788
4628
1794
7844
1131086
1628
42372
70
7096
3714
12660
1766
1837578
170456
383466
2048018
5922
1250
5600
885998
2318
2732
880048
4453838
755984
245704
2710650
3232590
32048
896094
948234
1112340
3021818
1961468
715878
5674
5642
7618
3182
2182
82
70
991794
11662
2050
1217206
7600
260
1072
1463568
309982
1223104
2784
5874
645034
6512
140440
1239198
1525482
710776
684
90572
228
4284
2336
270
7314
4630
276
1135318
4004
2480
8668
246
244
876
2676
2573858
8154
1031324
7164
7138
6870
624
3128
1556
4848
6258
366
11916
8586
1261654
4186
1810
424
396
3858
364
5180
2107876
1120
3314
1040
240
2105252
1918
2394
331974
3390
248
157932
362
662
10376
3594
1221632
832
16270
889978
3788
612
2319920
250
26910
898
3862
1988
1944
2622
832
370414
4570
8784
2028
4736
380
786980
279034
309640
478
5434
9224
962
242
653276
2220
3390
486
1208
1225120
218970
3495874
726
247494
1026
726
844
632
818
507664
792
2220
244
242
780700
785274
1658
760
3784
41582
2660
652
986
930
372
3722
660532
610644
2182366
293248
2306
6258
29680
1372230
3316
2505286
199612
1356158
4590
1743318
1650
3056
4798226
11668
710
2470
1432
10788
21250
281656
2076
7992
984
2328
2354
354
764
472
1206
1000504
7130
232
362
475082
1514
1940
3012
2230
2482
1996050
1163334
79074
1294
2540
12434
3384
674
694
2410
1654
351670
786
11138
574086
676
234968
1738
2522
5150
447126
1220
3440
426
356880
2858
1700378
6446
2536002
2209362
2688
4826
1940
2762
48010
1746
3624
373940
260
715676
1688
2960
7258
994
4882
356
782146
2076216
70
2245924
1161480
228
5776
3676
234
54566
882
12922
2392
530
258
1178
492094
228
322056
1178762
79288
1012
966
3312
4004060
5014
7928
1150
1904
268
4880
11868
309906
344
495344
1034
405180
228
3374
1114614
44244
11918
3662
7248
737084
693524
2080
3376798
1001540
260
136632
1340
355922
252
902778
234
3152956
1242
1980514
3496
2154
636
2706
668714
2221808
5476
1575890
676574
1328
9918
2325872
6640
63806
1631444
228
1502
1758
3178
3286604
1616
4856
354
3274
242
4231672
786
532
262
84260
4376
1530
495198
258
70
2924
1619730
2368386
172294
539990
124608
479876
1168
1570680
1271396
3706
228
1670
216090
4352
2658
5452
5028
2522
107140
518416
366
141176
1433798
640
606
4134
246
2286
302750
493224
630
246362
1190
2484
896
2262380
1338
1650
2250
3733652
1100
731876
246
348
362
1694
1624
1278
2349942
2276
964
557202
258
646
356
9586
616234
1093880
779372
807538
244
580
1004
2559710
1268
238
248
1344936
5996
1422448
2498
502
3458
3296
3152
866
2942
3204158
1114
766
4338
282386
1904
9820
3365782
562750
1048
6620
3527046
3600
604436
3324
2278
8954
19322
2260
3368
920
889344
1598222
978786
3312
2817158
1716
438518
260
1904420
1470
258
2442
663798
427212
980
4498
28900
18432
524
5650
380
7446
4109542
4024
2430
982
14834
264
163110
3610
350
227450
1996
4278
2078
254
3768
1308
7102
2724
3632
286
678962
2273908
1280
7114
870270
5700
1832
222734
5382376
91070
3842
367942
372
1810
758
7176
856
10332
284988
592224
342
5936
9236
560846
5234
1083248
4360
1764
670
1446
784106
3838
126948
882
370
720970
2982
2116
1102
3131650
2506532
480592
112846
3828
4336
818420
7606
1148
1430
1675408
1808
3080
5338
1818
2236
238
209540
6870
1600366
846
828672
1068
1199536
188600
984
1728
685748
748
1042
603058
2011800
372812
719244
2877292
794
668386
4360
1236
1256
2124606
1732
1814098
4178
597644
3612
2774
9716
1166
994398
183778
8186
1096902
5158
4140
15444
8798
248
1638
2770
340750
2903656
22200
188010
898
500
752
1752
317342
3002
366
1173266
1998
305930
5620
2064970
5510
1129082
2286
260
831022
248
2428
1468
1748
1288
1396
1070
360
1290
2755206
67508
301558
1444
3340
252
2362
8670
2546
2764
7238
2926
2176726
1140
5926
3918
1596
404
346
1836608
382180
5886288
514
6906
992
1094
2387376
6270
918112
1162
274
420
5076
382
358
262
3180
1482
2934
3342
3590
380
376
4444
3107326
1896
636
4390
7616
8416
6340
816
6388
1311522
758
2288
2688
287546
3408
345594
1033908
4088
737906
3282
1822
3272
356
2775424
1858
3152
2037528
488
2030
512
752
1193832
1742
399638
722
3930
6750
250
728
901354
766
2658
4008
3180
5104
7124
4086
1779608
126198
73586
1952
10388
262
356
5678
203050
813726
3408930
4146742
906
984
20684
370302
2070
911354
326898
812542
3118
2924
44752
4872
97262
1202
2203816
1058
510
1736
1882
3315292
754
3270
3750800
189378
3006
6082
1304
4412
384
1246
358
16218
510142
1149866
6240
3475416
377628
974
994818
1644
1534
252
370
102118
1243574
5862
451192
7034
8232
2950
1208
16870
1463522
252
66368
9984
852198
1488392
2068802
1413896
1720486
3324
461810
3630
3288
1142
488
756
5834
7766
6060
4200
422020
3366
856
1330
4390
3480
1234
5186
2908
1046
3744
1476
886
3364
784
958
3286940
234
368772
480138
1114
6412
13358
1048496
224
3178
1646
2002386
860970
1798
1044
459890
2274376
5022690
132544
356
1224
1032
836544
1960
4050
1028
282
4602
226
996
5656
278
1266202
4164
4490
3996
984
937866
1028
1558
4498952
3542
1420
8368
364
2210
921098
876
5130
3202
3726
11918
650
3204
1021928
1532
260
1770
1521630
280
483218
3113826
8980
1402
8322
238
496
2144
1718
414
740
1326
93430
1848318
1228
5020
2667480
2676
4932
734008
770
258
3422
1658
2950
7422
6656
1878
53568
2084
3372
6394
438730
2694
100922
690254
1413800
1161938
4500062
4048
1748
223604
1583656
1688
661820
916218
1120
2010
354
2834
2049534
42298
712170
3108
362
6558
364
3828
664
3618
13876
732846
1786044
1834
5486
682496
5096
4642
127564
3548
575702
2608
364
4094
918
3800
1179302
347578
725254
476
778
1922
5782
630
6498
467700
1393498
736
1669202
6156
2124
1742394
948426
5573112
1402
240
228
384
484
2304
174238
756706
1332
10962
2097630
1075794
1360
8408
1810136
3522
254
339810
2534
1022
7610
1406
516
1184
3178
6830
583534
7866
1538
2140
1136
912298
2742912
506
3118
2332
986962
364
757424
1137472
1114
1465644
2274
3970
8620
4712
3964
5868
258
1504642
3376
2652
1624
3648
1788
884
1088
478
9134
7650
4695338
1738
1668446
3530
118244
65304
7162
1498
376
4586
220618
1496
3836
376
5474
910
3354
2458
222
492400
2738
643630
366
1048978
248
4020
3832
467266
236
630
160120
3546
2788
9252
1088
3064
2086
3004
260
2770
2293310
1550
3838
5220
3356
2278
5258
104138
1394
8782
2538
2358
1026
1912
1068
2846
3672
810
3116
90672
8862
226
4560
4458
390
2522
4226
5674
1354
2038
394
950
878
2218
1458
238
260
570
2270
260
1496
554
820
3870
638
3076
5662
790
4064
238568
260
1948
276
6306
3368
246
2202
2456
7480
906
256
2244
4872
3410
4470
951620
2446
1406
6034
236
3976
262
9518
264
1400
2390
268
4966
664
2146
1734
2236
2218
2592
388726
398
3630
7150
1438
654
2044
6276
5100
4240
4276
4202
1380
822
1604
816
8340
1056
1208
10010
1364
4816
1172
246
1258
1712
1420
256
5474
526
1746
252
510
2042
2700
906
1652
830
264
770
516994
3248
1002
1726
1047622
2214
2744
638
2158
1784
252
662
263510
1878
9178
994936
448
1192
242
583736
3022
698
1940
296
256
628
3980
2860
3792
1642
1000
864
2664
3302
7544
1666
1362
1524
1852
1754
904
4088
5386
2190
1950
1714
2036
1624
1180
850
1738
230
650
546
1952
7258
2808
806
1144
548
525226
1800
2120
2240
4236
6568
1282
264
1176
124144
6310
1954
3338
660
2974
254
252
70304
2208
254
264
2178
1396
1258
3144
228
268
2696
1004
554
4668
29528
562
790
2194
4694
5804
794
1078
944
664
4292
2896
5718
2034
6390
1400860
15108
2124
476
363342
1190
1026
1110
1362
1012
720
2694
676
860
1010
736
1034
266
2764
4904
126992
256
724
1450
768
800
4350
2866
516
4154
1428
624
1876
1940
788
790
2400
636924
4616
1292
268
774
252
4212
1306
2410
56618
4042
4274
82530
628
364
247960
4298
810
2716
1916
532
3666
612
1682
1526
750718
858
2010
1128
2544
159350
9756
628
5434
1144
5046
672
4582
1796
1224
3524
4458
2516
2730
378
5956
3034
3526
316216
676
3134
275708
2028
5948
976
1622
2850
536
3292
760
1978
1954
1111738
2496
1586
1512
898
868
621802
1772
270
618
1668
626
246
260
1006498
738
774
538
1598
272
262
5610
1584424
5220
1486
3558
3970
3514
4928
2338
666
1294
9798
5922
904
618
168830
896
1016
3488
1094
674
1840
1770
2920
254
262
2164
3598
272
1020
443346
530
386
280
1442
806
642
6290
2196
3690
524
3486
740
1184
684
3056
3072
258
2052
266
2180
990
5978
1360
336278
1396
278
3342
4256
3552
512
2562
1110
674216
990
496320
648
1166
3904
882
1272
2600
1784
2156
1882
1834
1466
1174
280
4988
1934
3296
11616
2812
3528
5972
3650
4274
336
2846
650
3262
477676
5308
1066
1130
3150
1564
2146
2042
264
1158
166142
3762
1814
670
692
876
1324
7108
3452
208188
1634
1326
2164
4220
5356
1164
2238
2772
796
852126
4342
2154
1146
4490
3878
896
256
2368
650
266
1824
824
1282
268
600
970
1622
3432
3054
5002
1290
268
1564
938
1248
480
892
262832
1204
3422
3840
1684
336582
2458
6124
1880
934
3924
3342
646
754
2220
352
466
8366
1208
1828
626
2520
1182
1462
1988
1204
698
5254
3808
266
1534
678
3120
1682
776
1136
6638
396
242
2800
4260
1816
2124
1212
1144
4214
378
534
1200
1886
4194
760
2388
7560
72156
808
96342
1930
35666
5196
962934
249864
548
2488
522
360
814
978
1222
3550
238
246
4980
400
2934
3920
256
492500
1402
4720
238
5446
1310
1344
2598
250
5096
2518
676
248
288
1322
2858
1340
1658
1076
3388
10228
1114
1854
2568
582
131660
780
252
2614
2696
6930
1082
1468
3476
1282
530
254
3172
510
1844
1484
2148
1330
740
596
3288
4500
3316
2766
2296
2656
1654
145620
1388
494
894
546
1186
1552
2146
572
347854
4754
902
1518
648
1882
4204
240
3530
1614
994
3800
920
3648
3022
1216
850
3888
4686
1302
2042
1366
5162
5398
1116
866
1414
1566
1308
242
74332
1102
632
1082
670
888
8262
2514
1998
1454
864
28968
358
1410
4782
1034
2322
2982
2442
2700
876
2562
2880
288
4172
650
2008
3394
4486
75150
2130
1482
11752
904
360822
380
1082
2274
240
2582
646
1424
964
764
3454
1482
640
3124
1668
240
2970
362
396
3384
3340
1224
1027214
710
3944
386
230
562
812
3954
790
2108
3902
244
364
420388
5512
5578
382
2836
1436
3972
904
752
1926
3400
3670
1342
1264
646
7380
3556
4240
986
1240
1094
1342
664830
1722
2166
670
3642
1472
2500
1220
3030
1232
1030
2114
1808
2078
10604
386
474
538
1590
1596
1520
6760
1194
2522
1592
4260
254
1036
1618
1196
462740
930
2036
788
318336
49334
4662
1130
962
6928
256
4062
252
2702
1262
1748
256
376
1334
680
2460
912
5380
3704
1146
264
1880
3310
1362
191830
2690
1802
896
1456
1728
922702
3282
5812
556
428804
1078
556
1064
1700
820
792
1840
4970
3346
672
1228
1244
3070
2974
3870
3264
666
2980
1692
1184
9986
5222
504
2038
1288
1208
2212
3404
836
258
329778
270
644
3672
1664
1946
4520
587462
1258
590
962
9450
1720
786
2042
2696
360
3230
1156
1686
256
1120
2644
1238
622
2228
1848
8500
638
673954
51262
808
1238
852
1000
3516
352
6520
8140
790
2736
4302
4326
2294
258
1980
1026
3086
2944
260
706
1376
7576
778
1230
540
2878
2434
1340
262810
620568
1234
1827824
1840
642
3288
3584
538
386
388
426024
4880
2176
766
1538
5948
4328
270
274
260
806
2738
268
2350
1564
130974
1390
186126
203672
258
1092
3150
1564
173066
241768
3386
4574
2994
3858
10844
3042
157456
682
788
1010
1932
4276
9464
3802
292
1426
1816
4244
6020
474
806
1840
230
1878
5474
642
3150
2166
2434
4902
4872
1634
3156
1208
708
654
4790
402
768
2176
278096
846
1158
676
256
254
244
1512
1024
882
2498
818
1806
3604
1316
4422
4886
238
2318
3910
2328
2062
529300
2250
2678
3820
300378
1102
163690
1802
6218
2066
1832
2668
4954
3524
292
2158
900
2040
950
1382
606
3950168
1361550
6668
7202
372474
644
4040
2354
1562
1950
2668
2250
3242
14216
2026
232
2887028
9586
3156
643086
13360
2235072
651574
2600924
3816
4286
1836
1636160
66
2788
1206
514
2450
7776
254
1602
5012
5352
1437550
133816
244
4996
268
4630
1612
5748
358
88258
27652
264
2266
410
5596
9308
888
374
2054
1248
264712
4332
754
268
5058
3088
6606
3962
4000
3644
4200
7884
984
10590
4732
4598
1920
45916
3184
306926
382
11328
383086
362
244
333284
8838062
496
1152
4180
364
1930
270
829196
5342
5506
1444
1192
3442
2634066
376
3922228
7836
5070
4037488
8260
3696
3582
3168
4116
4914
1040
2372
29604
782
266
764
5720
909998
11258
282
352
52292
5946
201638
514
9772
7538
254
7230
1098
2280
23992
1284334
1634
634620
3684
250
1674
2406
6074
1304
895768
1586820
9368
266
254
1628
78
264
129206
5452
11542
1960966
1803448
2370
753050
1756
939164
1405672
2082
17852
3852
5618
2246
2462
272
1152026
1704
3788
252
2184
4830
1110
3786
592716
68
640
2952
2946
593110
5474
260
9002
250
8058
371238
534
8220
452
2378198
1509126
1005534
2493264
254
4381140
2458
254
364
2153230
1769086
5920
12340
1698
606
2116
8458
502
270
238
1528278
1654
2223214
1834
270
8754
2900
12336
3416
331488
380
246
14032
4050
12360
2854
2272
8644
264
264
252
5014
1736
5104
19964
3688
3496
2080
3942
3316
10690
1202
244
1532836
3869684
51336
384
3306516
687328
9354
14270
1726
2907774
3686
262
7228
1003774
246
3064
1970
24050
406
4080
1012
788
1449028
360
5501802
7138
3458
9368
3164
244
6124
364
4114
238
1803740
3031238
1912
743510
2251140
474790
3008
1843326
3065924
70
574834
4404
248
664
6920
3530766
658958
4082
1030
10400
933670
1559628
3318
632
4226
5686
388
1984
1812
8158
1856960
10280
508
4516738
270
912
5652
308064
2152
3200
394440
246
5018
4492
3034
2414
3604
1871270
6594
268
482
7574
3410686
3988
4186
2136
1524
972028
2156
8666
1678
6664
13132
11372
3886
360
7182
884
2086
111586
41320
5212
142662
2336
1022
400
3086
1461344
1769920
1394
1372224
5462
775016
1858
300
3024
110978
1754
1568
2830
1816
3724
10222
1448
2556
1852
1402
2370
266
2702
6744
370
1256002
691494
1958
5574
248
2050248
842
3520
1851842
5822
618
488
1418
2184
306844
1100
6232
278
2772516
469194
1062898
2846
59220
776
6190
2060200
3027118
767414
8128
14060
8390
1092
6364
1882
3890
268
6660
6070
2118
558062
331134
1312
3409262
4280
2140
6836
9822
200550
266
740
1070608
858
2332
2110
6974
240
1066
378
5092
1376
2788
378
68416
248
294
2192
3268
4806
1296
804
3352
266
3040816
147592
2380
2164
424222
402
1508
932
4248
3792
268
1940
2504
91950
3916
766
258
2792
68
897488
2698
2208
4426
1801986
9732
254
332116
254
17524
758
95688
352540
598
3344
248
3668
1700
246
3876
1255442
11476
7510
258
1562
2080
1158
2310
1119060
1898
2460
240
381796
1418
240
256
490
3478
2698
236
8408
256
2768
290
274
5920
5040
68
2401986
762720
1916
2066
1452
258664
14430
4424
442646
252
866
151996
3660024
2402
2092
3514
822358
6622
364
3082
244
1926
182030
404
904
9094
524
2168
964
2690
8158
1424
63108
2767338
256
368
11220
6570
2170
1762856
1664
1538
343762
5984
270
2164
2505770
50070
7104
68
891378
974
4240
346
518
2860
6922
2322
3922
9210
2848174
2382
688106
1094568
4932
2734312
2248
68
68
5886
94424
773290
1942
510
248
4407614
7294
4128
963790
272
1568300
1898
374
957034
1439476
2546
2178
4004
3008
714200
2266
4888
258
25398
2220
2314
8494
3734
7024
1053124
1970
246
1922
4288
11156
5064
742196
1218
2834826
1216028
280
560
3234082
6196
4280
925586
272
499908
1730
772412
13982
1532
2160038
5568
2085624
68
4476
378
2853748
74
81142
270
1256
1930
483096
882
8586
2242
2864
5214
2320
264
20430
1960
2556
1098
274
244
2146
272
3902
6472
1096316
2491424
264
4330
748
1192222
356
738542
17414
410
250
1588
7110
4272
4680
1750
899832
364
252
5458
2754
266
4064
368
2604
260558
1802
1096
364
4526
21500
4124
5886
2629498
230350
404
1342086
3748
2602
5146
7826
10384
376
980
362
6326
4882
7928
852626
268
1714
241162
849164
360622
6206
4660
2058
250
2554
980
3540
1213176
821816
521372
3272
595270
2310
68
3870
32908
4140
3008
280
693302
2784940
2740
10962
16458
4568
1326
1970
5790
4132
3964
4440
601322
1552
3420
481074
3960996
98466
1536138
13462
3070
2715350
820458
6434
156042
6416
1403252
3740
804002
250
3298
2560
6842
4430
8586
2035596
3222
3940
540724
286376
6812
1878
1964
1728
6440
1232
2716
1020
2726
526
1349334
1878
1368
6608
3836
1742
1944554
1172
16834
223388
256
2868
5754
689340
2198
4794022
4164
1566
2110
9630
2382
498210
4048
1212700
3492
2930
853160
268
1310
246
4354
274
10320
4591130
1184
1790
1344
530
3792
8688
1575204
95058
1481676
1460
1614
7224
4824
66
579344
916
49876
311992
68
2142
260
5038
1898
2310114
230
980
240
1666
5326
5410
922
270
169458
3168
1122
3864
492
236
68
89186
2270
449298
13540
3450
2776068
270
6384
2238
3586
2003054
3469276
5062162
1390
4424
2434100
5844
68
76
378
1346
2208752
3956
988078
3752
1584
3126
2808
6708
256
3782
694
248
329904
1586
1260
594
8816
3097760
3640
7494
5714
66
5666
13000
688544
2764
744
1834
5108
3568
668670
1510
252
58898
266
366
376
1328492
2111256
6646
4202
238
274
1174334
480
866
238
2012
701212
264
2290
4146
5064
5720
1207862
1348
870
1766
1524
6400
224
2004
1770
3196
7012
171284
3980
5692
1413092
270
5826
1230342
2200
8128
1053898
4132
7026
7298
2354
945076
9258
246
4858
3316
171992
413844
498
2376
10426
66
406
2460
1744
252
197614
7301118
11660
2904
1326
272
3484
2870
358292
7316
68
2456
260
5520
8776
1046
542502
2374
12858
68
1323588
2456
4332
4360
2522
252
238
391200
2386
537084
3862
1670
10576
7012
264
5116
872
8242
1376
1834144
9364
2108
902636
2610
4076280
6748
250
9448
2700
3144
4292
7580
3884
6610
1104
242
2174
1387172
11842
2594
2890
11166
12744
11356
8244
13108
3106
6998098
5454
11372
9206
4578
386
519776
752
810
4466
9018
4414
2048
1158
2574
10894
70
640
270
2224
508
254
1845372
956124
550
1090
844
258
1696
695198
16138
2864
3308
1050302
7124
189378
324742
5920
6044
2294
374
7796
6874
1926
13972
382
356852
686986
266
2278458
1162
3864710
8000
3492
6584
350
14242
906
5578
630730
1962
710222
1544
834030
2234
2986
18662
782
1560
4914
372
524
1256678
296
102872
2562562
2958554
1435792
234
3784
17018
1624
1416
734
7312
2648
262
3740
276852
3354
4864
5928
4716
4210
256
928424
390
260
2152402
3694
1450748
144010
966
4696
176706
260
2060
2760142
634
3376
17142
2168
2772
4102
13050
240
370
844
113144
3882
1579354
7404
1376
4310
1462
294
936
1582
10288
70
70
416
280
1990
3128
1442494
7578
1778
950
2874
2022
10892
4700
870
6714
264
3594
1156
753676
382
1826438
254
68
70
4348
3356
5448
1381936
3630
227860
70
7122
558
924
227830
953826
2379252
9620
242664
560584
263788
1416
724814
2048
70
384
1535654
4984832
380
273884
1753632
298
7954
8204
4702
708
382
1200
240
2746
1658
2096
12604
3744
894
2032042
5468
3458
1528
4274
6092
254
984258
1933748
6958
68
70
266
508
2460
860
1690566
370
3620
934
4412
8260
3000
70
70
2462
4270
3012
2086
1596
390
4228
722
9980
2968
1460290
1060
5878
1154
2762
5534
376
1050
9276
33796
1292
1104808
244
1104448
254
1442
283822
3808
380
264
1844
274
240
2788
7194
474
1811908
2934
3732
7784
2732100
4924
2928
7456
5684
1140
206568
9216
490
606116
266
1636
6112
675798
8484
238
2994
6972
5136
5548
604952
1094044
266
3466
718
3456
266
46538
6220
9988
3152
353700
394
1911980
950
160630
2356
4908
4196
1200
728
234
695964
240
1226
275412
382
382
2412
2033858
1776
1364642
10136
3655248
262
2220
9696
1723866
502
67436
376
6936
380
2230
184656
372
2756
1076
70
70
439276
5176
530
292
2216
1444
971236
724
4652
1090
4272
3956780
1466
3002
10966
6108
2664
6464
1488
3326
315672
1392
6930
1408588
14616
16290
1680
4508
240
1609250
262
5372
5802
1678
145384
382
1890
5454
1772
4474
258
7482
4158
250
294
3558
1963864
1468
6872
11082
678
1230
2010
6544
2242
1406
1312
5868
2214
262
374
244
414
2351480
4696
2022
3320
3804
1244
3476
6424
1446
2184
242
1678
8968
1357056
240762
3004
244
2182
494606
2758
258
838
520
6148
10512
3920
4172
17806
2044
6210
248
7022474
250
1602
739160
1018664
6852
644306
12374
508044
4824
826
6740
14476
3056962
810
3070
8626
122446
2630
380
268
1874
14680
698
1839630
258
3882578
25366
1100
4370
278
690
3986
284
84
70
260
4604
622
270
1198
1179902
490
3276
11208
1256
8730
3090762
2160
2836
388
6072
7292
368
1132
1770
4904
58204
278
746704
3249350
1662
368
434
17604
10660
1814
732022
3246
796550
2904
1852
408
1062
7934
3784
5612
776
8176
4680
5962
755092
6218
1355206
360
1430
2866
20422
4020
488
70
70
2008
236
2758
1744
1288
1998790
388
1306
1322
2222
1452
4466
2940
3120
1656
3916
70
70
3914
2104
1840
4788
1698
2954
5740
2164
5140
268
270
19278
2736
2988
3226
6822
1314
276
2000
3358
70
3798
1126
37288
818116
1592
826
270
696544
380
698
2950
602
1842
6610
268
4320
2240
1540
270
600
24492
5572
8698
70
3042
1326
1260
2555482
1458
942
72
74
2470
2060
1400
262
2574
244
480
1342
1136
72
6376
1770
1360
2670
1872
3892
1111916
6374
2178784
289056
45924
2244
5194
68
70
7228
6034
1004
396
5812
266
6304
5314
1032
962
9062
886784
3816
392
21162
1656
688
2828
386
4984
800
1931728
2364
132020
236
168018
1878
274
4228
2630392
6668
5700
936
5852
2578
244
2718
13790
70
68
9704
1804
3096
1410
3234
1988
4526
6648
4436
4800
272
2056
215652
68
13014
3200
796664
924
4802
616
933822
70
43466
8346
1578
1170
938
1032
3908
2880
270
1762
2640
366
1570
3102
2294
906
166430
5766
4216
13760
2694
160476
262
2884
474172
710
710
2612
294
1016024
7774
3138
482
3482
278
402
605984
1523306
358826
1104
4204
992
1458
4106
5276
7652
1472
6598
70
10762
15452
2032192
3800
272
28220
1878
3260
918634
2716
302
4136
8034
3048
1090200
294
386
6058
2720
70
1236
1254
1412
364
6382
1434
2006
474
262
1422
4386
502
4764
1378
3198
4488
1300
1594
14620
581820
1713448
2872482
1822
651216
70
960
4684
2348
3278
6598
1770
1126
13460
490
2744
2002
4244
1404
1510
82
7014
264
191328
852484
6614
1274
256
5050
8582
374
376
26084
242
714
3774
3728
250
274
1702
552
792
839136
1214
268
12628
730
672
3962
1356
648132
268
1422
4066
338
1022
795242
232
4952
10650
9066
2788
818
11568
6254
1380
6318
5478
818
2044
1604
2618
115602
254
4076
2340
2046
5932
10384
5844
538
1250
350
201018
2888
260
2344
274
4852
1882
665276
737772
70
1840
156738
72
7046
12024
5622
5598
5428
266
13068
800
1951164
1834
244
740
1118
1688392
1674
1710126
4822
10862
1278
254
2340
3852
5350
1449066
6252
248
504
364
4244
262
5118
6112
1992
17726
564
650344
5144
1258242
2364
254
1750
310596
696
3130
13186
4388
360
1594
637038
2162
2444494
16250
1210
5452
70
1170
262
1800
3874
3778
389898
6568
70
70
1870
2640
4076
4212
1077960
112822
3384
1772
6228
2454
294
8406
250
2096
6178
1510
254
1311540
980122
408
24128
1724
3400
3178
2686
2578
396920
538300
250
266
70
70
782
10184
3502
8510
3688
2141528
1057656
5144
5214
258
9132
570
648
4054
2680
8804
2826
7596
51890
3482
246
2138
2338
1250
1206
9410
350164
384
4332
12996
382140
2370
244
378
5056
250
629076
2088
2380
2858
1968
256
1697974
5740
3794
7308
1150
5262
