3f:0:0:0:0:0:0:0:0:0:0:0:0:0:0:0: (total 6)
0 1 2 Thread 0 going to cpu 0
3 Thread 1 going to cpu 1
4 Thread 3 going to cpu 3
Thread 2 going to cpu 2
5 going to barrier (cpu 1)
Thread 4 going to cpu 4
going to barrier (cpu 4)
Thread 5 going to cpu 5

cpu 6 cur 6
STARTING...
going to barrier (cpu 0)
going to barrier (cpu 3)
going to barrier (cpu 2)
going to barrier (cpu 5)
STOPPING...
Duration      : 10000 (ms)
Acquisitions  : 6124495
3528
2304
3034
5674
866
4084
1396
2242
1702
236298
958
2172
294
3584
1254
79184
13264
1832
17546
93806
1928
1852
179100
61752
135742
1616
2280
2410
1090
213116
3862
1220
3864
13890
3704
3500
86592
378198
1354
2582
6242
1008
854
294
156318
2768
266
858
1456
1580
829606
2350
4302
1102
65468
4198
28352
2068
274
3454
754280
288
1506
1592
3566
174114
2624
266
2340
5486
4706
262
54118
3408
832
274
12270
2770
65166
630
3656
3532
4214
260
1082
141576
868
836
8486
2380
258
2540
294472
270
958
7142
4000
250
990
2668
2818
274
228058
68
291616
3118
6024
2506
1194
201280
254
264
782
1360
288
1120
266
90304
104274
242
1368
1804
1004
6764
68
57104
62410
3172
475152
296
1098
1076
262
3124
17796
3040
200870
4082
59154
1260
852
11170
268
986
3864
276
642
978
2080
1450
752
868
2044
752
878
1876
1456
141702
5282
2798
5174
1228
264
34440
3976
72712
1834
192550
7314
2168
48810
190592
230112
272
2926
860
3064
866
266
3776
38752
296
3230
724
3670
264
240
6778
3574
47730
2878
266
1160
1712
2200
15474
60526
5938
236714
780
654
11484
274
3630
16280
2890
38204
3550
2774
3184
270
10396
4634
162390
2600
294
6584
1886
1718
2952
4702
298
1848
3342
179264
1110
1148
268
264
2604
5050
2324
2294
2310
3024
878
290
130248
1932
4564
266
2346
68
7636
274
1476
3042
868
225656
4290
240
870
3300
296
96378
262284
3852
268
2082
66
3878
278
856
1482
266
1214
1594
37218
3820
2412
5626
2198
2264
17724
2158
1790
108102
270
2684
248
2904
292916
1140
63396
4452
237690
2336
2714
1424
1192
2764
245930
19666
1944
252
2874
2484
3202
229006
3008
71212
624
2896
4244
266
1102
149758
126838
3444
3066
250
264
762
2990
3362
84
3268
1218
290
1496
413722
1962
5862
3284
262
4248
2962
218826
338198
3636
1194
1720
3410
3608
260
2482
2628
872
4044
714
1236
4792
2816
33194
1616
2206
11438
902
6510
220398
1116
264
4346
1788
12010
2742
260
2872
1640
4228
232
34230
266
1090
3732
5734
252
2022
2508
4750
393496
1920
2926
2558
16856
3882
1124
1840
1220
1068
2266
3728
1276
243518
5598
3346
734
3510
101426
1830
1216
203430
4264
4196
762
141890
2518
37844
310
266
898
352654
4386
538136
82570
1346
274
20908
95586
19556
4592
786
2402
2492
964
256
260
7642
3990
523354
1364
4820
16930
1484
261424
2626
2220
266
3016
5602
12214
754
270
185534
270
264
21478
262
756
3454
5764
4040
2222
3910
254
98516
294
34978
24550
258014
1002
5806
3530
4720
276
8178
274
35634
298
145976
2430
5650
1940
3476
260
2446
1342
2934
360316
2030
5174
3264
224790
162134
2794
296
756
278
3876
268
1124
737466
756
1510
2178
258
1876
216628
3490
298
858
9248
3104
2792
186108
954
1812
4004
2890
1884
1158
776
447278
3250
278
1136
3212
6924
834
1658
5620
126968
260
2384
3804
762
2546
282
5298
262
13286
3484
252
272
43504
2678
1942
1462
1410
1702
134282
271528
130144
872
2172
2856
11092
3038
3274
264
1946
19024
268
2082
11944
3496
20012
692982
137334
272764
1498
42092
48450
250
270
2352
2312
1692
213262
1240
878
1954
4490
262
286
796
1588
47110
256
2476
3798
3224
261780
2390
4644
302304
6022
2022
1212
1098
276
3158
7706
1014
435420
106732
770
9538
1836
1908
1714
856
260
41344
3394
30938
760
3944
121304
246
165378
770
3794
106042
986
3450
1110
98180
5078
3184
29680
140690
94138
56450
1256
7000
956
272
713200
3210
732
286418
2426
1364
68
68
24806
27668
3830
2868
1492
4430
1736
187256
642
2148
5910
6532
4670
2164
652
81330
764
29484
268
2354
1754
50734
22742
2130
195002
986
68
66
262
5016
264
53156
3592
3342
2770
890
260
3214
772
3770
1842
258
80128
3690
1194
1476
2126
266
5950
744
56454
1250
3590
268
248
13760
109530
612
140358
2004
5102
886
5624
1666
1116
75190
1274
272
1976
356330
2508
1956
1260
256
2352
296
1702
1598
109852
207716
744
3612
268
46850
6196
1222
4238
123550
2370
62926
113832
3654
3066
8908
752
101852
1028
2956
29236
1596
3522
2346
6558
7294
250
1148
68
2120
2284
7438
1010
3128
1756
270
1094
194652
1640
4204
248
4782
2320
258
96876
762
3862
306156
205570
258
1340
1506
1374
248688
634
22304
6514
45332
1838
223184
181018
42816
226906
7758
4402
2458
248
262
272
3354
5326
4822
1362
7246
254
730
37170
264
3172
2556
286
149418
3766
260
2076
2400
9514
2688
3578
258
103402
184054
2548
7532
4572
4334
268
1104
122352
452888
1274
1228
237624
1308
786
842
26694
8204
4566
165362
20082
71920
4418
142600
2442
33678
213802
236
4414
268
1112
5036
264
77470
115668
266
2436
49764
6926
5046
2972
260
3540
3184
746
846
2560
268
15742
296
1582
770
864
732
282556
140698
632
2770
161452
3980
2096
1000
872
278
960
1120
3074
10826
653360
3034
2146
2590
1348
16968
4222
274
5090
498296
264
2564
1344
19198
206820
2198
50168
2014
69998
264
1110
2078
367620
1888
98822
6320
177046
237266
3780
3704
84692
2220
4916
68328
1472
1276
5214
768
288
2146
2666
8690
992
215574
1094
4158
1344
68
66
1126
250
48002
250
2546
1114
260
254
250
250
1592
2080
4800
262
1978
5032
752
760
1428
377890
2732
2552
896
1888
2424
3912
1006
1002
262
62018
1004
778
4668
1004
2086
272
1190
5276
33400
296
956
774
162732
7800
4588
3436
884
2926
1810
742
1116
1560
914
5470
1918
250354
5438
67750
7144
248
3044
1802
1730
3776
2330
2794
284
37604
2538
980
25320
242
756
38326
21614
8190
2532
256
1808
1500
2108
2218
2350
69096
730
165024
2354
139828
36760
4594
262
3596
874
1906
262
266
2444
77134
868
3608
282
274
298
3428
30264
2092
2928
2878
451170
752
1334
11030
4780
1754
268
250
3054
2186
1434
1394
724
882
2214
294
862
2618
982
1666
2464
602
766
978
16038
268
244
638
760
1942
1224
5090
1012
253174
1842
240
258
1302
4388
18054
1700
1224
2362
256
1490
34652
258
10352
1016
1114
4026
622
1982
872
1910
768
3998
35670
1860
2530
1254
1150
620
750
33638
280
780
2304
710
844
126176
1962
1524
1234
11660
244
2198
2680
256
3004
758
654
254
2430
96988
1338
646
1040
112088
3858
1088
754
1244
1334
746
2976
1250
260
714
6198
1856
2296
876
1040
274
2138
1072
2556
11584
1716
1470
1014
21650
188490
628
660
1228
3064
1308
254
2082
270
298
2980
2568
1104
2328
1334
636
272
272
248
1100
628
736
1114
1988
2446
226
1286
29462
2668
1018
1356
69248
758
264
1584
1346
274
256
1128
734
960
1454
1120
5746
2516
266
708
115912
1490
742
163896
846
242
970
1120
5202
240
1104
40480
16114
2734
60516
2588
6556
2824
2118
732
1356
616
1130
1832
45418
760
1472
1496
980
1330
7760
1344
96704
262
48936
664
752
1366
1796
1142
878
264
920
9192
44610
5186
32276
47370
266
1102
644
862
32676
256
878
4064
1114
872
266
740
1114
1364
1278
268
260
2516
748
738
854
26730
32640
962
766
89862
1808
1004
270
5236
886
2072
244
254
5312
278
1466
258
254
1388
748
2080
258
1828
1696
268
1490
648
27648
1392
246
1448
2144
736
260
3000
3192
246
1358
614
1132
68
644
48642
1824
750
3030
1602
1120
78866
133724
1550
1012
258
1966
1238
624
2868
1090
1584
1944
21678
9208
1110
1104
716
750
260
2698
1116
4250
8828
212022
1194
1622
4532
648
1264
277390
1462
15946
2048
752
25268
1944
242
3500
2684
2114
2836
628
2190
5524
3540
1252
648
1368
744
1240
976
1238
2726
2776
258
1362
100994
20982
1080
770
940
80056
1424
650
1938
904
644
1178
1942
248
45248
248
2220
1196
1134
2496
242
648
3172
1086
1364
260
724
8892
752
19414
1210
260
1006
3036
270
1494
652
1498
612
1910
638
4622
79666
2696
754
1532
1308
650
1730
630
2320
640
638
260
260
1016
2334
744
3388
3788
2334
2184
1168
1362
2480
1506
272
2412
778
1680
1458
3222
734
614
746
644
742
107540
3782
1182
646
2256
2410
854
73770
1138
1302
846
1948
732
728
980
17792
4712
1584
824
1472
3272
624
656
2300
640
1114
2840
31954
1968
1112
646
1106
274
256
2324
27794
770
2766
830
254
744
46724
2512
1568
754
1196
104312
994
2194
258
1096
10008
632
33728
3028
1932
846
648
262
1066
824
762
770
1842
1582
1784
1638
608
262
1430
1104
1242
260
842
648
11338
1732
262
1002
622
244
89722
1456
2496
1718
22172
4204
2878
3760
1426
772
1330
824
1300
4442
1376
1582
254
642
2348
2258
776
746
1004
1464
2398
2076
2044
976
15566
1388
628
648
1968
758
3446
2052
104680
646
2572
1194
616
296
1330
728
762
264
1226
1842
638
1326
260
1400
9942
636
2674
1304
258
850
606
732
852
201602
1620
10490
646
2956
105610
1006
1478
248
2396
1986
23064
772
1160
1226
1198
1220
1154
1284
258
1152
1554
636
256
614
2704
256
1148
762
734
1770
7044
260
700
4234
1956
2490
606
764
2638
1340
260
114970
1604
782
54602
2592
2280
978
46346
3552
1540
2216
4276
264
1204
996
4838
1464
2844
29852
54036
612
2956
1568
3604
1342
2556
998
11454
15988
1242
742
1606
1352
2068
1842
632
630
748
746
1342
2254
2382
830
1144
1942
3510
1052
768
1232
648
48906
736
608
1040
3356
2492
1476
874
838
640
1706
244
710
828
606
51590
1314
1052
1020
3370
14814
3108
896
97204
256
6354
256
254
2278
3242
264
2700
258
27488
3724
3380
1840
1336
2082
2470
1998
91010
1824
1328
44550
2560
1008
1108
2526
1466
760
1376
1508
1180
3308
856
874
13270
644
1492
157074
650
764
1472
1160
1122
1560
2554
608
1456
19800
750
2308
272
608
264
248
1094
1976
1700
1332
25818
1970
262
734
730
3180
8294
248
862
3274
736
2006
129426
2218
15304
750
3650
264
256
262
71076
126162
1116
1588
1248
1954
240
2532
15572
656
2204
616
260
744
822
2780
2470
638
2410
1558
262
258
55060
870
98620
1178
626
604
278
622
656
1010
652
802
2522
616
1472
1254
632
1120
1020
2074
3928
183378
1182
1768
1506
706
2314
1984
608
606
1330
1644
586
858
2286
1606
260
2680
982
262
882
15758
1580
1606
1432
258
63490
738
240
744
3280
260
1008
74772
714
3314
2530
4372
4690
258
2664
2066
1592
84870
1804
1704
718
630
1356
872
56102
28460
2286
244
258
644
1224
278
770
3122
6826
700
1844
734
3394
2698
756
266
258
3786
258
2444
1228
8922
864
1212
256
1484
1540
1694
718
54614
732
59622
238
3310
2656
638
734
2458
4468
1122
1704
626
3228
2420
1104
1364
1360
732
4564
67102
604
1832
1014
3010
5126
2374
700
258
2616
632
2446
986
1330
2296
2088
770
1240
2316
1274
256
23260
846
1982
738
1490
642
1500
674
956
78086
1202
59028
7554
21524
1124
756
2464
2692
642
2580
1122
994
3824
756
728
642
1318
252
27848
1962
3286
107750
1744
1804
1190
736
248
53154
656
1012
638
750
2346
2896
640
2552
258
1424
1000
1588
256
24962
26188
201036
770
246
768
1636
750
764
19428
838
3516
17232
4544
270
13234
728
746
852
122802
3740
1530
232
844
2436
3312
38366
1146
1192
838
258
244
3448
258
740
890
1380
744
268
1734
612
1912
1732
622
18608
1086
746
2498
2070
730
2586
59424
19926
2440
1248
1620
772
1940
2202
9474
1308
2018
2294
1196
1098
982
1536
36632
1938
150012
1132
774
148618
1714
1474
551236
1320
107194
76418
732
744
2946
76
64
1342
31130
32010
77328
732
389084
152140
91236
1456
32800
2124
280372
55320
64
76
1006
1594
1954
86606
724
3430
30378
22274
2532
3686
3688
606
27012
108140
64
81834
147304
2054
93966
39252
373480
8090
1856
152260
90286
2390
780
1232
64
770
982
2208
1340
730
2070
33094
78
3954
63670
55154
4930
150050
153786
1448
960
1668
1504
1092
115348
1830
2014
658
1450
1332
1964
1608
78
1860
1334
1336
7910
45890
1348
97766
9752
2166
794
76
88182
2216
1006
235200
4712
207728
212870
3196
2366
57282
3586
14060
1792
96618
1228
2210
2170
14774
22828
5284
592650
650
83112
239192
884
1118
52020
75516
652
250144
66
50730
4406
762
397410
19086
257148
1750
1956
6372
505284
734
968
33140
348966
196624
23040
1510
139720
1118
1048
1202
156612
60758
774998
334274
3526
1118
1878
435956
54268
2564
1846
85110
1030
331290
66856
1894
131058
101326
4354
57670
80598
1138
176162
698646
76
658
730
5122
96790
64
49786
60318
97918
415456
76
43280
1386
2158
22172
69888
1740
650
2368
66944
16188
33220
1530
76
76
194778
38520
272750
734
30924
1518
1820
1890
44526
772
76582
1604
193572
160944
642
119776
724
143786
730
36228
247676
176108
3026
22516
1478
191892
170282
756
55256
635508
68730
41008
144142
241942
137040
76
432470
3376
1118
75820
1590
23386
3260
76
76
322664
770
1132
64
34254
327104
74678
1588
998
4004
1370
183836
1144
109440
219822
160186
766
1356
1492
656
964
60066
64
76
19842
2610
1754
161864
115266
64
87400
118102
972
49820
62764
1530
16988
5780
40432
51376
1504
2116
466912
1330
5812
80692
1564
248882
208978
195464
3424
2470
1482
587930
3276
45868
1298
68290
1216
26626
1464
48292
45164
44828
732
59540
79876
38978
123914
1020
3854
207664
40370
273094
1668
3132
25482
152260
1618
215324
2164
225950
145052
2138
78
1770
7108
85570
280332
177742
135162
1804
1376
159872
7118
136764
726
2740
3420
210978
736
47536
39164
2694
262868
640
23266
179280
93586
64
145898
6612
167248
197798
900
455048
2532
2722
241042
188812
43042
304866
22078
10536
64
507644
2638
56794
64
78
367076
1490
1724
16056
29904
101068
14198
1188
152158
60362
1098
1658
49582
1942
20786
319270
12410
2960
76
726
1332
22766
175208
51464
47022
56484
78
202186
368078
5944
85114
3288
70572
67202
76
3790
2110
43400
9870
2126
12458
90368
3528
168582
113906
105858
626
888
30442
998
248742
2768
51682
116862
57032
8064
101310
38690
2716
1706
35358
5338
3532
2648
1148
62102
1494
170672
1094
2198
1468
123662
30060
2350
1380
174304
1372
55458
754
147754
136594
418224
223992
1114
654
898
63008
612
94994
906
2258
1686
732
44820
76
1418
22124
135164
742
2182
19480
3528
2318
300504
2048
754
78
78
215536
30512
16002
64
76
2472
1268
171836
3292
268218
28050
2506
672
55418
24078
163556
33698
95098
738
990
184312
66
72738
3114
215934
1586
304208
734
1866
660
43902
1222
2332
341916
165052
114324
624
350804
88106
890
50626
98864
2028
72720
28910
12124
1026
76
76
880
33456
78
2602
1120
2240
33592
1980
34578
1244
33876
66
82
17010
2410
134390
189574
726
491402
620
124468
746
46142
137388
26050
11728
186968
758
2604
67572
1224
280154
254130
76212
732
1264
610
878
126132
80598
4804
64
150376
3828
898
752
900
628
1118
3620
1054
2322
1106
1268
4820
1582
3064
632
70680
160694
1100
770
1114
4962
1924
618
4216
658
2918
423298
1944
181978
1364
3128
756
1328
73200
1922
844
620
64
78
626
1228
1226
3644
3786
517220
1818
2826
990
16190
2220
640
1036
656
730
2566
1232
348412
636
1364
66496
2338
1854
1848
1132
1990
764
393254
726
752
2928
61990
37334
1812
2690
888
1860
2558
1684
77412
724
2602
748
3180
2196
2338
230856
1254
298014
200460
1684
123276
9448
2384
106276
219922
43614
1442
748
194064
35924
4470
76
111594
42998
67114
325274
972
1564
1772
1576
1460
614
2826
2536
70594
169400
24124
29724
226338
1820
39626
78722
163692
76
17870
195656
1142
12118
1472
40386
260776
267194
956
10068
736
162912
1452
61326
6780
68618
53806
358822
3130
1374
25018
1012
66
78
78
78
301180
40784
90332
927384
742
4702
2294
150834
260886
3184
1352
53364
642
30802
4628
2528
1468
78
64
48798
58666
78
103404
104130
73868
39256
19916
36968
1308
1236
650
612
2682
3818
12424
1380
1558
15656
666
2362
60050
1490
68562
3978
76
64
200364
2452
1708
1744
64
2058
1006
2420
64472
549818
1350
136816
1470
52912
250388
19794
2772
64
76
9550
120510
25668
2688
11620
67766
132236
2502
25728
71394
39108
288140
640
1090
86438
1384
163544
854
1164
446496
3294
119514
1110
268950
144160
964
1080
42176
14670
1072
872
1840
1078
618
2216
133128
78
76
26722
73478
3514
164080
124148
418300
56546
267616
998
1750
1374
103130
167628
772
210724
36106
301266
43158
105482
117604
97968
32008
8478
4412
281988
2708
76
139354
654
76068
1298
18846
305820
886
1884
1470
230600
22566
1026
1884
101392
1956
311602
1486
32700
432902
64
28740
1646
49454
146448
630
1012
541204
39284
852
213862
36280
2940
750
1606
638
1488
972
422684
1692
3704
624
84394
1818
138138
3286
599536
5660
44028
27348
57394
1122
344104
656
83242
1468
1492
770
3362
2452
916
47754
1698
2330
1610
260632
64
75900
1138
654
1198
169480
318070
1010
1140
2534
66072
3978
2252
760
31128
2100
636
1714
174156
64
498792
1116
652
3314
106272
960
2166
1480
2016
113798
201144
10416
90940
26664
87342
252480
186406
134644
76
179848
81114
768
118876
178286
19898
79906
373270
2190
133048
1104
654
2426
3138
1102
1242
85400
194510
1124
1448
29266
1978
27350
3162
39886
259158
3266
1362
1378
15234
246852
2114
81150
1622
106948
1500
71728
45074
1494
1834
187316
1504
114422
1506
76
1054
8510
76
5530
1218
24932
78342
98622
636
236172
64
150978
1588
10164
3262
2266
161946
1042
1372
98070
235084
1466
447210
3928
5770
44056
2746
1728
3486
736
1958
2316
1398
1900
190678
68
702
2224
76656
13568
732
1576
1570
750
1716
49290
954
714
29044
201422
62036
8930
1822
1088
706
150570
714
1574
70
1672
42182
68
68
68
712
37468
1040
3902
1400
756
1584
2224
2048
165404
65202
66
68
129600
740
2686
136458
6446
68
2322
956
718
27990
590
748
6852
994
180110
74856
608
1588
3910
7320
2896
66
68
2216
66
3768
1850
730
197034
1846
147698
2002
2394
1256
2856
1552
1580
1544
82
1842
44058
1114
1130
962
734
1986
82
68462
29974
74644
169678
364356
1836
439334
3314
68
66
402460
66
66
72448
105548
18780
290588
1476
1484
217392
2026
68
620
2284
1704
1086
1090
221892
2060
68
68
56888
1488
1098
1008
736
411750
68
1820
1120
1110
91416
4290
77386
844
1120
734
68
66
1342
28600
1314
2822
1094
208592
66
68
578
53882
6704
4552
7678
1396
68
80136
68
1490
68
2482
850
1000
68
2244
3456
68
80
4140
786
1322
1110
68
8004
610
96368
376956
2016
68
572
1208
2368
54358
89912
68
710
746
2480
1070
1112
9506
622
1134
2372
68
862
1378
614
3068
3670
1476
66
68
1224
58652
3176
74922
2304
4852
1758
70
1006
760
466386
147696
1836
598
2450
1258
68
68
6364
1722
15464
1572
2222
970
221210
1136
68
1484
42616
706
1658
1086
1864
21016
233922
1392
68
76
2704
2900
974
24486
98614
68
956
72042
3624
301576
535872
1082
253188
224256
1132
996
1734
652
68
3288
2544
216596
934
82802
68
66
8254
1566
87264
1908
990
1020
592
722
712
602
596
1736
608
106722
608
594
286446
1628
294050
2814
272050
862
297232
3634
2436
64136
68
594
766
68
245020
172188
3384
1558
1204
265432
21238
958
984
46810
68
66
594
68
78
161852
32468
576
1974
852
193886
3096
2306
225556
102114
68
66
68
66
326242
4394
251176
1096
68
68
754
1492
948
608
36680
1590
996
980
47942
1552
976
97036
3542
68
854
6624
1232
94982
449790
75346
66
1790
754
830
414252
2370
46984
2772
1360
92260
20272
4330
1464
191192
720
95378
5942
1088
102770
68
942
992
736
117024
3004
1846
952
96560
68
1074
1104
91582
10288
1100
736
2262
1198
730
2572
760
68
68
4372
5702
1456
2906
64330
171218
1496
8370
610
722
2866
105880
2992
11226
1350
68
68
1254
68
1318
60018
3914
754
1722
7606
2746
330470
8018
570
614
66726
1484
70
754
1228
274082
630436
79578
1566
110814
2082
730
2950
108406
758
1356
141106
61788
1810
2342
2102
1746
2098
60008
1358
1064
584
68
5666
780
68
1382
57746
64676
47250
185454
1084
66
68
2934
1370
57014
2210
197952
207336
612
4490
1228
255692
1318
62792
39204
66
980
2612
22908
1854
86182
113556
5162
35420
5084
68
604
113272
1926
1434
1376
25230
1832
1768
122036
1888
130748
3068
52334
950
2090
68
66
97874
2098
1594
259944
33954
1884
70436
3570
143582
65792
269220
1030
998
18614
720
2112
1006
1586
248438
68
4916
45548
68
1490
8966
95308
2092
115684
712
1232
13866
744
2226
1594
280784
90440
1524
1620
986
23208
966
1590
2522
27448
129132
102100
13986
1340
167492
5096
982
598
2456
2302
2202
465090
68
20170
1100
318614
127216
68
1438
66064
746
3446
202694
638
40280
12886
3100
6306
2316
966
634
66
47258
3914
4274
738
2780
946
578
1858
1618
3212
4688
2566
36636
624
269238
68
1334
1130
872
618
4756
2730
3484
51236
1464
1212
80224
1702
1900
4078
4162
103640
3744
4100
990
582
3358
4942
744
2284
720
750
138936
122086
68
3272
1630
1668
39332
610
106400
70
68
1594
213798
10298
68
66
1320
73432
1586
2492
2856
68
68
1016
1100
1398
68
1722
622
68
197724
5026
1452
1956
1984
245278
68
940
2928
1704
57996
7804
68
1334
68
1908
1982
630
2932
732
68
82
68
18160
8326
2314
1850
37470
1866
2362
962
1256
66
66
230482
746
1320
1326
1354
138542
68
3066
608
1098
102166
162504
2318
1462
1778
68
182424
1106
50548
612
578
1554
3962
3220
98588
68
1860
46328
7828
81468
68
72322
144920
1090
588
2922
1914
118436
1412
70
84844
163216
1678
146998
473560
165908
2084
68526
68
66
258754
582
68
66
137488
215590
9786
3544
68
1472
1822
2646
20076
60034
716
1222
53094
68
68
1112
984
776
68
998
68
242126
750
68
68
978
239638
608
1766
13308
2222
15878
26900
68
958
1488
714
38102
1794
2726
68
12934
1350
24538
21314
836
3160
2230
2100
67068
257100
88816
3132
1572
154774
1396
70
70
4294
66
68
118464
722
68
68
63468
68
5506
172232
2122
1254
3140
112272
1694
642
68
120728
1492
3180
856
1734
602
118062
3912
1780
9382
81020
740
3086
3090
22686
1312
1730
1946
66
4802
750
1242
68
68
2412
58354
354964
1720
2056
2198
225052
56222
1796
1086
66198
844
1856
2476
2820
52832
982
614
4852
69020
87440
2164
13318
1704
103080
77958
70
70
4794
728
30446
718
5804
66
195616
1240
1678
114432
68
66
840
68
68
1868
1490
760
824
2350
223546
5342
1768
66
68
2646
68
592
1878
66
3244
38424
1228
1956
68
68
68282
3100
740
1000
732
1210
351318
68
1552
68
66
1096
1502
66
68
734
43518
4460
1548
132550
64150
68
1072
736
1106
21704
2128
998
68
25570
1110
140394
130478
4602
33944
91938
366630
186838
2068
2060
2320
728
1728
57362
746
2134
11940
2982
26050
256496
2744
750
4026
2358
47464
2664
720
233378
68
1568
146776
68
1200
1486
4656
63762
83188
381726
38986
1968
594
352638
1074
1930
4050
68
74
1626
2926
1370
1204
68
80
764
158004
2192
68
2340
5430
13446
1066
1840
592
3966
608
525090
1256
179248
3138
478552
25768
9728
1080
83170
1316
68
68
17234
1678
284
1422
1362
742
262
109038
4960
1346
1938
266
17570
118660
1950
1122
127952
268
706
25486
19436
1720
66
620
1946
1896
70958
266
107184
66
68
2310
210564
2896
44364
33088
1604
6270
345524
1230
1132
748
268
6698
3012
245884
260
3798
162016
292564
89542
3462
22130
433916
2576
846
728
5298
2974
21786
41916
6122
30968
1622
1040
2638
3534
7346
2428
256
87090
2908
1442
91646
748
3532
2828
1258
3156
2366
486820
261516
982
62620
12328
3010
187802
268
258
2332
52610
44968
49950
2314
28128
4128
1720
2546
2886
175106
254
238
3412
254
2210
276
2444
7264
3198
2790
908
13788
206668
32242
149552
732
858
218504
413886
51318
258286
142270
175332
144218
259332
750
25640
256
734
1464
103102
1722
3274
34394
40386
480450
20572
6238
260
152468
135736
287934
3624
315758
2164
244
13334
738
1848
13678
866
1834
660284
163604
4298
1484
2538
2634
5926
57042
286
245486
138162
2224
129922
84894
1128
35506
1612
1394
260544
504614
2712
2002
299368
2444
7766
23216
262
66
82
63818
262
1982
21130
43650
6238
286
960
278
2048
50082
752
228548
988
4206
107242
884
20478
2540
8756
116714
2430
150178
1580
85364
3224
1558
1730
17392
199024
3600
1344
132178
3122
541862
148228
23042
6284
756
27010
34918
382554
4106
2562
882
2628
29244
8320
3248
9222
1320
3886
208648
36924
1114
272244
2164
262
308572
5116
220108
2304
840
898
2334
152346
3266
29690
137466
23616
1508
252
55630
131862
26066
374816
842
68
80
37852
135780
23668
696
752
6808
33144
66
211386
49104
16942
1134
1010
1582
88916
96898
118070
330156
4184
33392
186284
278
5476
3532
280
29418
35226
270
1320
168348
4558
1620
1040
1988
240
2126
121956
15610
5100
868
2098
2828
266
82
39024
3518
209314
2132
10342
872
83018
1478
2504
17056
960
201614
151162
1376
2822
9172
143818
39394
122944
752
2936
203158
2242
1474
2478
1396
2568
3224
1636
160700
251626
1000
1914
10084
3380
265702
2186
72764
714
1764
280
101240
30462
1244
262
7048
5806
254690
12264
1992
35480
3954
2464
2106
27520
2314
2544
60682
1230
11796
2294
830
1378
1104
3198
1912
10940
55366
4376
2216
89830
255022
260
4700
1340
762
3760
2606
6514
31960
7020
19048
213216
3498
321284
242
1402
1556
1546
610
2926
4002
1708
1456
95794
1148
976
196502
1488
592
2174
22862
754
2408
221294
4492
2950
3150
34690
216154
758
770
279278
996
762
3242
1216
5876
1258
1800
858
9656
3756
507236
180014
232848
120236
64090
285424
1954
2508
4088
2746
4374
208406
250
3706
1068
55838
264
1862
419982
264
19168
33060
152410
1214
7598
3140
4106
3534
1214
4740
1180
15992
387638
8632
1696
1116
134480
240
6324
2782
3986
2700
2906
1120
278
3570
268
886
2752
6442
2428
69378
844
4332
38896
42890
82674
260
4388
266
61956
21252
3376
17402
1856
3226
200384
2666
6490
1634
85138
2108
1596
1746
5380
1586
14244
5360
1924
1096
3848
55398
2358
578324
264
2828
268
260
6220
26414
1732
108020
634
270
8316
60060
3084
276
3604
4560
2196
66124
1340
461160
760
45002
3500
4144
3702
7372
10132
283136
1220
3352
19736
250
1346
21716
2688
734
159894
18942
1680
68
1200
3142
14530
892
1472
52062
2720
1326
33502
590
284
2350
630
698
8052
1688
1148
2826
309350
2632
236738
68140
1818
2088
1246
4570
8228
4724
65458
134888
55914
1970
252
1824
354202
2708
97750
908
1444
50040
55292
246760
147634
1112
1172
4556
1198
26146
252
25294
726
297072
231312
736
7228
3762
53166
20810
3340
193680
408068
5556
99980
71510
121784
4984
5100
782
3286
740
1224
54828
181602
240
22488
740
317322
2234
1642
268
329562
2214
264
2776
2788
4410
68458
44314
3104
2942
524140
254
2444
1816
1256
19054
67910
1338
1232
31732
3730
5012
36182
2798
1596
355412
1842
4414
852
264
2014
3052
254
1748
1094
262
374710
132246
3528
2592
388648
3936
2086
2950
415066
11728
30660
262
364834
262
266
750
36148
3858
24250
254
4042
268
1818
842
2040
10206
305536
1094
5258
16338
7728
39518
278
73916
63374
756
218664
1852
2784
55700
25240
578
2694
262
988
43190
3976
63458
2474
59950
224298
141456
4620
581454
352316
89904
14250
250
3714
6884
4436
187204
2584
110154
146096
2378
101280
79630
2684
252
1450
1780
11194
68
70
9228
172418
247326
2294
120352
266
1858
258
429558
22294
287710
369624
996
693228
22788
11478
2560
11434
122584
75280
3452
258
62518
104388
371452
68
706
2634
1682
91232
854
1944
736
1430
1846
840
250
432974
2708
5984
1966
710
35408
4442
2164
6688
22236
4418
2666
248
81734
74672
1776
968
66292
856
2456
350848
268
81658
41208
159408
1854
8578
5006
24288
332598
39248
2578
79684
1450
52456
251590
38846
750
1818
11358
29048
3834
24804
1012
284
93648
1244
155778
1944
950
69292
1434
264
14228
1118
1128
244114
1096
2186
856
4792
844
3150
1112
65796
28200
5112
10300
5052
56510
1448
3964
2940
1710
4516
2062
3344
185540
5920
996
552746
2106
286616
754
217596
1060
1314
68
1118
1502
100948
94270
1344
3722
1132452
206498
44492
13768
2082
1103470
1824
1504
35988
276
142174
950
2778
2182
756
1090
240
5596
3744
33374
264
4498
28210
2538
284
43492
7118
68
82
81822
198122
189622
1394
126782
2462
123780
36322
1114
290
2578
44224
87774
45978
2768
2018
1978
152070
3550
21894
2908
3628
282
1456
5122
1572
424602
1734
768
1636
1382
6462
289454
1430
47858
1878
768
93200
70294
256452
23684
5778
1970
85466
3040
385308
1828
730
1296
3784
732
256
1866
29734
263698
1988
1704
1220
4954
3878
220042
1456
264
5056
1888
3728
221924
2252
734
66
68
2610
254
76928
111578
43894
2180
2388
21526
878
262
75706
882
248
756
298442
2894
4468
64514
11548
262
2834
262
71326
3514
898
82944
15052
31250
104124
254
135566
260
2080
2950
38324
30038
1696
1844
1408
2354
135168
1210
2174
2822
6016
2008
1080076
20566
1572
2954
32204
4484
320224
1692
748
16050
972
1944
2704
2638
2478
632
2210
68050
6986
260
252
1710
258
1360
1118
1316
956
576
740
2228
3210
1746
610
616
1010
2552
1618
1102
25554
18918
2102
1628
740
4884
580
4004
1094
3410
1134
740
600
612
748
2108
2264
752
622
50480
2384
2036
742
40662
12766
2114
114558
3208
60626
2444
618
77434
6896
21694
73464
51500
65450
716
1292
2460
2188
734
2012
290572
2436
578
744
71660
12056
1216
1120
1224
644
37902
1244
5202
750
256
730
728
742
3650
302272
260
4002
254
19906
2204
62148
2064
1144
13750
10166
710
900
3858
978
1452
618
15876
3820
584
874
292
252
103436
1878
254
1134
1118
4246
736
1252
77624
260
266
606
1620
2260
43464
32658
2088
30052
3374
732
318114
185038
3820
2758
4030
1706
642
1354
1474
28706
760
250
754
41222
732
620
732
260
744
964
63706
70436
278
4402
852
254
42798
7972
14848
1172
30052
68546
51770
716
1732
258
584
1588
2410
1564
730
972
252
100616
770
1848
244
92078
604
1882
2590
1120
1092
938
2530
26802
764
740
79368
730
1842
104704
730
614
742
2366
736
51208
143394
256
286
254
56030
2106
1580
1392
12716
258
726
574
718
88060
1472
790
616
242
1318
590
1854
3814
26186
1260
602
874
8328
30016
738
38800
3560
59168
622
100300
926
94374
9644
177530
244
4594
252
1108
2150
1630
7852
270
736
254
1252
1358
280
55600
18408
584
742
1656
258
3666
1096
1382
3106
1792
72738
50242
1326
188174
4550
1776
13132
716
260
576
2458
606
2830
3280
1116
726
578
42894
604
590
3606
91750
2632
1466
99416
1178
73784
2942
588
956
81474
778
1246
1482
74664
1216
870
950
3988
260
1334
1358
97168
1106
3988
254
71758
742
60016
1932
260
10994
70706
77034
3590
742
818
8462
2120
2450
736
6516
736
2390
250
748
1084
3922
75536
2642
20348
782
770
598
720
3036
254
1528
17120
6152
13386
260
3706
1506
1112
105426
22116
590
768
1110
740
254
5330
7834
1396
51624
2288
1472
79448
1080
1336
722
252
4076
2222
726
768
266
740
278
1142
264
2502
1358
31064
2704
248
738
1088
876
33684
646
12822
260
3304
17560
770
952
258
752
988
3616
81166
724
82990
884
1000
46054
252
2802
776
2410
258
738
31514
1262
100574
1122
266
596
1038
4178
614
2080
738
758
768
622
42354
61868
776
2268
60788
2046
260
1372
90812
30282
66488
1576
606
96074
2076
122212
966
1750
244
258
316176
3032
722
1694
107628
50026
870
278
3664
634
250
254
258
56564
1602
79972
982
59892
1718
722
26516
2552
3208
1390
21610
2844
10272
1242
52804
75332
64776
1300
91228
760
1484
256
260
29672
890
2212
52838
3416
256
66264
11340
1592
712
604
2852
106690
256
1024
1436
276
2492
992
47150
248
1362
8994
2000
610
242
628
1378
139070
620
994
1282
594
264
4726
616
620
594
17170
594
2662
252
700
256
126460
864
256
1498
1938
592
1080
718
598
1356
3152
24340
1260
9142
13808
972
9042
15866
848
736
1648
33282
84270
2768
256
602
628
1002
26672
768
1584
766
954
102468
3040
2578
42394
1276
584
13180
2076
3788
750
590
2166
2476
4388
592
10304
22660
1350
8832
41796
2128
262
86414
716
4566
616
27482
6808
1844
910
614
1134
770
244
736
1680
78758
740
40764
1160
1954
256
1092
1270
962
254
94488
262
31560
886
1706
104066
3174
1496
3128
930
26608
256
2868
1436
272
3314
2080
4560
28702
6560
610
25430
97466
2936
902
43394
986
288448
258
21084
264
738
240
586
846
4854
440526
12790
248
1392
258
1452
1496
762
3450
972
258
264
30306
20008
744
634
2878
3274
11016
1976
2252
1086
3524
980
3600
608
3598
156424
2702
1530
592
3230
594
1752
1540
970
3728
636
612
256
578
246
95814
21364
732
1136
1194
256
2098
1282
3240
3698
944
742
22300
752
1242
6256
260
1152
1088
71368
2654
2318
6130
610
19498
254
3464
760
1086
1866
39620
9234
23648
2936
27280
3402
2224
46014
20448
586
1554
246
1150
1478
962
634
988
69052
602
738
600
1222
1456
1560
2654
1834
1228
135688
78536
1810
93920
3566
3402
1448
710
63306
258
3472
764
616
762
7134
1844
3168
1480
736
1004
746
2808
1842
4090
1828
610
610
250
75728
764
262
45820
232
1088
600
258
750
2834
604
728
52992
1488
258
1092
1104
1222
2634
2766
638
606
129228
83452
750
952
878
3414
1122
748
1372
274
742
187250
8182
984
1350
157504
2332
3438
236
1972
3582
1120
1622
3860
274
1694
1618
2632
1118
970
2620
37024
608
868
954
584
2266
57786
130904
746
1234
10060
1950
636
1818
286100
638
1558
1080
2356
1370
1014
4022
1014
720
612
250
2604
762
1120
1336
1274
746
12838
1114
3236
30004
258
874
2250
22414
71866
632
111064
728
708
258
718
2180
30160
1498
1348
584
720
592
618
1466
994
256
24924
258
119862
4202
5576
1324
3322
610
1220
4456
738
131736
2914
250
578
1828
28236
706
254
1672
722
258
2192
5394
16110
614
1922
2316
2458
12576
95416
3006
960
112702
6252
1284
39182
74820
618
31216
712
258
1566
3214
3630
2834
2374
970
1110
606
144384
1020
1976
1510
3052
3694
256
278
2072
1606
15146
1692
1942
3846
4742
1586
2644
576
13536
7084
1324
4108
1646
158500
2112
21404
4248
258
1466
1712
618
738
1414
25582
1390
53892
978
260
878
60044
244
59610
5084
1756
2312
258
754
638
18740
1440
1018
2950
254
2122
258
708
36938
1472
852
6806
3900
2560
1120
91460
1970
2182
4386
43322
88248
1262
4782
266
11678
1872
632
1434
175090
72
15396
113782
724
159186
978
14220
254
5938
1186
1114
1070
250
2312
1120
1252
1348
4576
2066
