1fff:0:0:0:0:0:0:0:0:0:0:0:0:0:0:0: (total 13)
0 1 Thread 0 going to cpu 0
2 Thread 1 going to cpu 1
3 Thread 2 going to cpu 2
4 Thread 3 going to cpu 3
going to barrier (cpu 0)
going to barrier (cpu 1)
going to barrier (cpu 2)
going to barrier (cpu 3)
5 6 Thread 5 going to cpu 5
Thread 4 going to cpu 4
7 going to barrier (cpu 4)
Thread 6 going to cpu 6
8 Thread 7 going to cpu 7
going to barrier (cpu 5)
9 Thread 8 going to cpu 8
going to barrier (cpu 6)
10 Thread 9 going to cpu 9
going to barrier (cpu 7)
11 Thread 10 going to cpu 10
12 Thread 11 going to cpu 11
going to barrier (cpu 9)
Thread 12 going to cpu 12

cpu 13 cur 13
going to barrier (cpu 12)
STARTING...
going to barrier (cpu 8)
going to barrier (cpu 10)
going to barrier (cpu 11)
STOPPING...
Duration      : 10000 (ms)
Acquisitions  : 3504794
5648
5940
2064
3314
1494
714
608
2972
976
4000
273240
924
21670
1072
1814
258
4600
232
1732
2110
2904
354
302006
1694
3958
370
2918
3250
5284
4450
268
2162
2244
556280
3242
186404
3282
1136
926
2086
2000
4148
806088
296
1662
808
808
1834
1756
834
1834
1445150
1550
844
1832
5250
262
1624
258
800
10796
1436
1694
356
920
2842
6482
2950
920
5810
3404
1836
1432
135154
566
4294
1075038
838
1000
430
2046
932
852
50630
3032
718
2832
1590
5688
4964
4362
4662
682
3232
7950
240
612356
262
840
1946
1726
710
704
4742
216
1940
1542
5352
4126
1052
7864
918
7994
2108
3268
1358
1304
1494
1256
1402
5172
2770
800
1032
3712
2832
736
1612
574
12762
1970
333716
734
984
362
11710
2048
994
1482
972
3262
244
3712
2208
3722
2432
3252
7966
1496
5102
76834
1464940
5382
1766
840
938
2494
2920
3174
3162
1714
1260
1126314
4164
842
846
260
984
197034
191368
48044
3104
1288
24842
1281172
846
1498
1954
696
9954
262
240
1594
6030
2030
1810
7436
1176
1538
4782
3680
2766
2630
1206
2182
4154
6030
6118
982
164810
99470
2786
1846
942
2084
2238
1494
2854
2794
790
2634
398
1944
382
708
1500
2486
426
3386
914
1079770
1218
1150
2788
942
258
8082
994
818
2388
13412
262
710
4410
2094
1184
1758
564
3808
6922
828
688
2924
4670
488198
1020
1958
1588
111334
1386
2768
982
706
6500
3176
2602
918
732
1077168
4138
266
2904
10316
2436
1898
1850
2216
1174
298
5086
2324
702
1874
576
1396
262
4886
840
2080
952
2898
4872
2262
5170
1774
1834
354
258
956
3116
8708
2630
738
848
234
3808
3300
798
554
3858
1458
7240
4036
3020
1018
1982
298
1134
662952
2602
246
2354
1672
3042
2732
3160
5780
5156
2902
1566
696
582
1004
4652
3754
6404
5442
2850
2400
1272
1872
6834
4024
1015956
244
484
5748
224214
250
2068
3010
3120
944
242
582
1394
366
686
5858
1016
376
248
380
830
2350
19516
1432
1248
1668
846
3222
12142
1350
1432
4502
1406
40880
780
1120
1006
1678
684
984
736
3136
1724
704
438272
734
195056
4578
694
4550
4814
1780
1849660
262
3316
12046
1499530
2928
2270
1948
1756
556
432
3592
986
1368
688
576
5874
678
802
4632
1650
846
3446
252252
3360
696
1842
73218
850
3696
3828
82562
4400
6326
2660
10668
1036
46618
4596
2348
1720
7640
7158
19740
1392
10380
2440
804
242
3296
2040
1350
3314
5448
2214
1128
842
4420
1018
2308
752
278
1602
3860
2018
1390
5544
2326
2588
2498
848
582
6264
2078
1666
1204
379834
3176
3126
2574
256
3040
975186
280672
3626
3332
1512
1400
857246
499758
1268
1334
1030
2808
263720
7420
2732
1256
2190
614
1600
2894
374
2316
1488
1330
2784
278
2270
105766
1476
2990
1454
191326
1336
798
2010
2682
3606
2882
4206
954
70
4284
1766
3114
582
4076
384
972
1642
1219386
1790
560226
2426
3010
246
2586
754674
4150
834
1093430
1352
6904
3508
7096
2570
422
8066
10620
572
572
4394
1778
1390
3302
846
856
266
6522
3032
2218
704
637618
572
1536
404588
3998
480980
846
3066
3062
3606
1842
252
1600
2794
708
34642
722
1056
1000
2278
374
4868
4924
3212
958
698
13646
5898
144402
2568
8238
252
4252
382
354
7770
262
2548
2464
240
2146
1050
8668
246
38694
730
242
2654
698
1498
3548
7138
1836
3062
2982
1180
1984
301264
2028
3708
351402
844
2968
952
4616
698
822
4290
1138
5944
992
2412
1536242
2472
4288
7964
1474
778
3164
434
982
1058
1998
2036
1692
376
244
3466
1543816
353310
242
1399512
684
1666
2628
380
33784
570
372
252
1244
18690
3738
1580
2178
4166
260
3786
1021058
395770
2710
1040
2400
504006
574
1854
2616
2146
85028
252
252
2222
3534
5078
2864
2410
1232
2906
480996
6272
97108
106266
808
6768
832
2100
2574
8466
1454
2910
1080
1762
1917242
698
938
259168
2198
1534
818
1918
2230
706
856
563928
4708
294
2898
258
778466
1044
133376
708
4746
1282
1158
1528
6860
416112
1161320
2222
4252
366
512566
362
4004
1418
3023952
944
278
3150
2642
5226
952
2496
280
3182
2356
3590
1524
3756
1952
3730
1514
4804
1644
680
248
2472
207808
409708
597560
5160
2558
6256
606
1478
356948
1108
141346
300
926
2220
730
3174
3870
8494
2038
109526
5334
2638
1602
1580
950
1656
1366
578
982
2492
2292
1948
1866
2216
354
2218
3214
948
810
2526
808
982
2264
2352
964
720
1242
392976
1996
1584
1170
1544
320340
1694
822
1284
684
6868
706
9350
3016
996
1260
13498
5100
682
3170
664
3902
2840
3312
678
1394
832
1394
2122
2004
280
2374
1046
3422
6040
1050
3706
5202
2974
2434
4398
1344
1290
272
43910
3944
1898
4320
373496
2226
1772
1350
3674
3440
2402
5230
4562
1604
1056
250
28888
390
568
3632
1992
1346
858
6224
1128308
4552
294
685244
3656
600
4188
252
380
376
4118
1996
1486
3564
2036
3520
1402
2568
1850
262
296336
844
4280
292
708
834
5746
916
1778
1856
5268
296568
778
262
6810
1382
3594
3140
1754
960
4908
572
1530
1400
2598
3882
240
4130
3764
846
2086
576
250
2478
370988
1520
1600
7950
968
3932
248
254
908
474032
2048
2418
948
1352
4964
1198
97340
248
1346
1618
570
5856
323742
670
700
2310
192936
3176
205620
139554
1046
2994
1946
120542
1874
844
2062
238
2406
352
1652
2094
121770
2542
3754
3510
2252
1758
4412
192586
1468
2150
936
2220
1430
5472
1384
804
3736
830
1662
262
7006
1256
1192
6692
867724
1120
930
952696
1719368
886852
954
65982
572
7800
238
1109320
2026
1600
704
1038
246
8282
922
376
1748
824
1894
264
708
2228
2816
1512
816
6306
2940
5158
922
1492
2792
2430
1090
1112
228
3494
2212
394
6826
5754
453982
1684
1562
820
4146
4244
12488
3062
4104
2220
257500
418934
906
541866
2192
447046
4672
1697226
544
5652
378
1066
362
407674
3938
372
374
336
1806
11606
262
548002
1455890
267922
2169700
262404
1692
596
3474
1390
2428
1226
4544
1592
1050
125246
1856
559410
4278
376
262
8276
248
6306
658
3804
4860
246
1476
4880
994
3714
1404
1406
4770
254
7770
1296
4910
1058
1228
8842
3072
2262
9612
3568
244
1218
4938
836
246
260
2684
326020
2314
1600
3682
372
932
4134
11090
1498
354
4600
3076
2494
1379656
1854
1004950
2676
242
2948
1366
702
372
380
2316
264
574
2924
838
4008
630302
1550
938
142838
3400
298
938974
3482554
2946
126204
4500
264
4136
3736
270
8756
3504
1989598
1984
6186
2814
1786
1604
1292132
690
684496
1280
1648
594
378
1640
2142324
2362732
268
944
1702
578
260
68
68
209218
1042
3712
964
2808
7648
1264
5370
3822
958
2834
2102
836
558
3958
506308
3152
3788
1054
1880
1178
103564
866
1012400
924
3152
3364
5536
1180
384
246
177322
820284
561788
3400
1799282
1686
7702
740130
1994
5632
6506
298
2564
1196
584588
1880
262
508
1628
276
265390
1548
3812
3078
4522
2022
981826
3604
1276724
5266
7398
8040
90374
81216
1130
1068
5520
850
271482
2792
4290
4354
1384
8594
5558
3276
270
765914
1776
301524
944
1924
1704
2732
2510
133576
1188
586
978
2908
1459704
105398
2350
1716
4058
8044
2188
2886
5946
1962
250
5552
1012
4440
1109224
554234
250
1358
433698
248
262
408
3970
292
7542
1694
8868
8304
8112
11988
382
1126
370
691064
1198
243552
7720
2606
256
2176
2238
7348
1238
5042
2922
3326
1382
386
3822
2246072
1192892
1858
11960
3356
4346
1774
2156
3390
598
9654
13034
260
7028
1464
242
2688
500
292
826
1120
258
3010
4208
1044
2030
2652
4280
1291246
657840
3684
296
248
6266
388
2896
236
4898
8950
1070
105438
3368
1416
3246
68
66
256
7520
4162
7204
1560306
9738
258
2018
4980
2640
6388
418820
11776
984
322646
317042
662958
412
1264
4614
8946
11080
4962
5922
374
272
90532
4276
2306
4190
5422
1174838
820
5704
598
258
3224
254
5802
1518
7146
258
1410
1294
2790
2136
2536
6598
498
827460
1200
5254
5540
244
3032
2440
175624
364
1582634
716
934
1750
594
260
366
3886
2488
702
3664
1543328
1532
262
1540238
3352
2882
16796
1583344
2112
1106
7192
2162
908
1941542
8274
4824
868
6760
819372
865824
6502
2332
1854
12486
2022
2074710
492
1284
1264
276
597056
3332
4160
2132
4960
3014
5742
386
1142
3524
5514
4332
3990
1808
2832
4098
9462
239090
9954
690
1620
2186
932
4220
370
6004
2014
57614
4998
617352
3086
3846
708
256
5406
1156
1692
908
1284
1209114
5540
904684
1136
2850
3111346
3564
500528
802
2302
1372
1770
2486
924
390
429464
278
63340
1316
496
4272
3954
1010
1202
812
364
566
490
4180
810
3384
268
2600
824
27704
1149246
396
26344
12258
778414
3410
1982
435104
3280
963344
684
494020
3016
690
92122
1094
2416
4124
840968
3416
1254
6224
824554
2482
5280
6306
6932
976
12512
912
2170
12852
3326
2482
970
1385402
2486
3800
2406
1174
952
2176
70
68
50098
1446
5658
5682
262
1732
4326
4520
5526
1260
1506
7460
532
2050
2796
1626
636504
708
480
1500
1380
1702
4412
294
5748
5894
9384
3806
262
6798
213228
386
2610
3440
12070
6676
5972
8778
3032
1058
4826
6450
3270
584
1158
2312
5028
1708
898
1968
5456
1202
7286
1812
1513216
412
4986
2536
3692
238
1174
2220
250
248
1170
507526
392
1882
2674
3748
125398
376
1014
820
998
268
1932
2728
2990
3706
432
3462
2258
1614
6756
1544
2382
3474
2334
1294
2116
6276
5984
6772
136014
939084
167504
1050
3666
3190
1944
1174166
250
2838
260
6716
1688
3926
264
1506
292
1032
576
2792
3644
1936
3582556
7098
2144
264
2188
4712
2888
18750
4328
3608
1158
1532
1386
2132
7316
4024
2098
6300
1640844
294
146274
3130
2358
4196
250
2624
2636
258
2214
292704
256
7952
512354
1446
2616
1418
2886
207386
824
3356
26666
4074
974464
15688
285736
375266
276
2060
378
2378
260
1760
1464
4144
952320
149546
28572
1440
1196
39302
4582
19188
1566
1744
2928
518
697452
8580
1826
674
3266
424
4670
1056622
106090
2855158
270
82392
262
5766
8196
54568
1258
2546
1214
248
2762
258
270
4922
2252
2241712
4410
796
5546
1122
1604
2318
1074
2012
292
500
836
2240
1928
272
3856
1712718
1754490
978
2380
1742
918
2644
1608
270
1268
4852
2830
266
4938
6952
382704
1756
3028
3046
4152304
5418
2758042
3012
14930
1764
1964
2274
7272
3290
732538
5022
2088
2328
522424
2228
839370
948110
1650
1960
93914
958790
1146
1138
2280
213662
2112
2364
2749092
276
8462
2202
14058
1518
262
4026
584
2500
1516
717204
1984
1258
4538
802
266
3748
2670
6450
80736
39060
174390
10610
2196
4852
706
95218
4142
264
2984
580
362
95398
7696
3118
5744
8660
1201892
1396
6612
2828
1194
2654
5784
3154
22298
7252
2932
4378
1714
528870
3118
3288
272
384
4272
4138
946
1865544
493162
2666
3054
3678
435096
248
1175688
250
4292
1382
256
4240
8286
1154
1230338
1632
244
3180
3212
382
1478
2198
2356
11038
2478
404948
921668
1968
1014
1532
5466
1320
4918
398
1988258
8554
7012
3646
498372
260
179566
274
8546
7394
2308
480076
1680
382
600
4276
258
2334
254
563572
1550
1496
4636
6414
4766
3870
4414
240
3010
1810
12064
4616
262
1042
2160
278
1734
1618
7964
1964
3666
1818
566
2252
1171096
2004
740240
352
5484
256
844
824
364
715734
1032
5280
370
574
1664
111340
1068
5998
1972
6136
4532
8680
376
568
1316
2796
32864
568
1444
2576
268
3234
1360
258
3220
1586
374524
4032
250
2412
1594
260
264
4354
2046
1396
2628
10410
6988
3252
2338
5756
2245062
163202
802
3750
286878
10696
4856
878
404
4480
2774
822
582
2339414
5464
5748
2432
2814
1896
1806
570
5830
631556
3916
374
61106
10588
728
2842
604454
358
370
5254
276842
600916
138306
2760
596
1567824
246
1702
398
48930
282
244
798
254
300
8512
710
4958
1140
3138
158696
4146
341510
2322
2476
2166
2650
1054
7806
714
1032
434
4090
1322
3016
4424
2394
8140
1866
3716
1466
2498
1601028
969008
5590
868
986672
360
2060
54964
1288
266
3170
934
1708748
1046
3570
244
2493740
97368
1010
256
1510
266
3018
1382
367962
428
9282
838
68
736
402
2188
1474
1780
2008
2800
260
279040
1138
66906
354
1020248
4470
3108
3642736
2084
5374
698
68
1563934
1116
2805308
2094964
359134
4378
6408
358
256
389248
4360
2330
492174
6740
68
824
1104664
235810
4586
12828
2036
3116
802
380
5208
5914
2352
2410
394
250
386
1744
1740
3904
1164
370
3558
87462
4420
3406
2558340
606818
68
3590
3182
268
202658
960
68
13912
3752
1568
94958
6238
856350
252
238
1092
364702
3236
3548
1260
1050
2930
2840
844
2522
752090
855016
59336
1394
1356
2205122
1162
960
1486
3196
580682
4272
65710
942
2583172
244
1480
382
244
3014
3262
938464
5958
246
8102
44374
99980
598
2214
2058
7040
1142
6202
3146
430
3086
388
1184
4242
534
264
2754
1132
3206
8628
68
2254
262
947430
1282
1468
5866
726
101010
60752
5692
13614
3338
167504
418942
11392
5660
3638
932
5142
5468
252
3666
265044
2222
5918
244
281960
4234
1089078
348
2498
904610
2397326
72
8994
1856
3486
5154
1674
1260
1990
411352
2760
3138
502578
715288
1620
7288
2340
7028
1234
6286
1600
412
96188
2528
290
250
846
7920
3086
1246
2172
5110
676
2456
3270
3250
6480
4166
1330
3436
7350
470
834
1184582
2020
2802
8130
295590
1480
16368
5200
164374
158376
564
268
1820
2026
1800172
4300
4446
938
1614
1908
1822
836
1286
249828
5958
358
898726
560
3528
260
8620
1074
932
4546
934
8220
1904
1090
68
370
107910
922
3404
268
6770
1392
1258
4310
1178
7914
1030
1134070
920
268
568
1164
1546
3380
1720
4624
2402442
397110
1984
266
3744
230376
1258
3818
272
1896
2036
5012
268
1748
2838
756
380
250
3414
248
6290
2127608
382
752994
262
1152580
77794
846
240686
734
476272
916
3792
270
1370
250
1220
2294
1970
11642
1520
2754
3024
264
2224
386
6306
268
5422
1644
3426
2304
7530
598
3214
5936
2562
619572
2448
4486
354
1064
2894
258
1840
1642
1148
5028
270
254
6564
274
1858394
186766
8276
1015964
68
7672
5362
146172
260
706
1880860
2958
1878
7250
374
1556
296
6050
244
274
1858
1306
2373690
3360
2876
262
7906
370
260
260
2258
692
4852
3024
1484
362
4892
16566
1377972
366
254
854
252
2058
382
65754
1736
442726
250
366
2722
4592
1367916
3052
536522
264
920
5866
2058
2654
1766
378828
661444
12776
959514
765732
986
1252
3478
3204
3926
1512
484996
844
2230
482
4970
732
622
7834
262
3270
378
7246
8730
1344
811128
1512
1994
848
5374
33220
1380
1958
258
855180
682
142092
2572
4646
2844
4590
246
1428
3642
1736
1352
144834
814
466404
254
4138
788
2074
70
6766
472
12640
4328
8554
948
5314
242
2294
1792
3598
266
542166
2992
2586
258
707622
3399806
66
3626
4902
258
486
206882
1592
13290
1730
7568
1994
2016
270
488070
208100
404116
2320
2500
3346
600880
2042
6082
60682
236942
254
7026
4070
23960
2848
1834
8138
88072
1254
276
4874
6018
1036
5198
942
240
1044
276
5228
2654
260
7594
1171742
998
620
1276
4330
802
855472
2876
278
4100
1390
1500
2630
708
5782
4202
2920
2426
252
3132
834910
296
256
2864
78414
808
3484
8170
268
956
354
6394
2220
11324
3116
1327152
2964
1673108
6104
570
830862
105206
2582
2710
6086
1982
238924
1954
46338
2620
724716
2204
1300
958
1350
135748
409342
932518
5474
3187272
3700
86532
3306
2648
2376
1124610
1628
12530
4848
714
1478486
246
551188
2232992
1486
820
5370
123504
3294
67240
258794
156678
1492
3042
496
5224
363860
1702
262
3960
10088
3484
3538366
280
7116
449154
627136
996418
3724
2130
466
236
4506
68
1052
2168
2714
331826
1176554
131138
382
2016442
2474
1996
3224
256
181716
6602
5944
6474
2872
254
4002
5726
428216
5662
2846
758
3658
13052
397870
1452
390
260
557042
386
299700
372
391280
1030
66
68
2314
3084
5190
4558
244
1438
2640
1460
2132
1544
211720
2420
1258
1812
1054
4112
6580
306048
2070
2356
5920
68
66
808
2948
1350856
72
70
2218
1480
1400
5066
2236
2249250
526
794
364
6786
2148
356858
2770
2080
254
307820
776
13658
2448
2612
139612
4676
367328
607524
6334
1998
2122
1726
2362
3179974
1556
1504
5476
6198
264
216430
3162
3634
7620
144214
3130
10152
800
1352576
3658
1586242
2398
3052
2096
3222
8966
8156
2604
2236
2076
268
930
6420260
1437146
364
1519518
266
2944
358
70
105566
838
258
9038
441766
1148
4056
830
1052306
5190
1412962
2204
1638
358
509108
1942
3274
1372
368
18694
2696438
2532
2062
1166
68
2404
4046
1418864
68
804
771074
1534
298
1181714
822
2146
1666
294
642456
1670
596204
1272
2916
298
252
680
256
378
4108
11420
620
4528
4596
1012
258
1936
2540
3126
378
246
1378
978
366
3228
712
2818
2730
1496
195676
6158
789006
248
2070
1244
966
1705324
286
386
4642
628128
2762492
1864
1028
2888
3438
1850
1072
2380
675436
1555640
2566
1066
256
68
1838280
386
3878
1448014
256
2530
2016
398324
392
354
332
1682
1242
70
806
1012
10520
13116
70
6528
1302
260
804
226
2822
706
1160
596
1806
2066
1852094
1252
2092
376
716648
1638
1312
564
690
2372
1268
1793316
4844
1174
9200
1415086
5308
3494
1504
380
2444
331104
364
714
491124
8160
591534
258526
1698
254
386
1380
138890
7208
10456
252
484814
1403042
1060
6458
814
1764
1604
156410
1056
1810
7298
2676
3396
3072244
1128
3242
2336
1118
1488
1794
712190
3676
3534
405626
2836
1184
1394
3242
2174
292
2955180
4014
1482
377758
4602
462226
1902
844
488
61566
9762
4550
262
502
2992174
939538
1750
68
1724
2162
4998
938
370
698
3404
6246
7406
298480
1594
722
2734
4830
3944
8646
1764
2758
13060
3856
421708
2726
3380
6126
916
1570
3112
260
488
1762796
5462
70
1364
298
1980
246
4278
258
280
3546
4054
938
266
1382
417442
262
1422
618348
2366
4140
761928
250
252
2840
576
276
4274
402
5016
5674
916
116216
2180
4564
1052
1744
6550
5044
372
1366
798
3024
4600
6490
4242
1976
4738
5558
3668
3756
258
1566
1424
1192
968
272628
1048
6324
2432
1052
14422
722
1654046
4480
2658
4726
1876
82614
378
846
242
4452
10586
3824
262
2904
1127074
68
544
1512
2310
2896
788
2456
4826
19508
372
4906
3412
3376
5510
2976
1548
3616
1370224
2624
3178
3452
70
70
183028
3108
1944
958
8584
1476
553118
5554
274
2068
250
1916
1954
9518
260
3956
872
9058
580
862
4966
4604
5896
2410
250
926
1666
3038
260
1672
3728
70
895864
356
3124
34050
3476
5862
3396
694
4958
898
7162
744
6054
1019298
3486
400
380
954
672080
246
2848
2114
11940
872
4032
292
3356
64384
4992
5274
4522
3516
266678
167990
5912
248
1728
3272
1722
3620
1686
410
7378
3524
513162
311856
2944
238606
3424
1998
248
1012
1832
1528
264
1758
568
570
4732
777824
2824
6782
2586
718
654652
2218
1122
2334
368
1754
1976
4990
4264
3412
1294
2016
6312
2008
1410
264
2052
6560
3452
4860
268764
1530
2402580
1088180
2232
5660
3088
3178
356
6704
254
1058
5948
310962
3204
3804
384
244
582236
378
252
1832
2410
244068
3964
782
1374
4278
201472
8930
1708366
243154
250
4642
1676
252
694390
1728
362
3556
82584
1009988
2626
568
6274
3546
2536
1088
2258
1876
1876
4000
1490514
7518
602
2600
1026
1060
884
3104
190478
374906
268
348
8604
2790
2182
1764
6488
952
846
950
1060
1158
294
684
2420
5996
838602
2058
3014
938
690
1654
2418
2594
1158
744
5780
2144
4452
9080
566
1290
6852
4198
1502
246
260
2540
235258
3076
7528
7406
260
1154
2100
778
7908
386
3224
7076
2778
2990
1120
4976
4824
3280
4362
41302
2928
1838
8638
248
6784
10056
2778
1434
968
17392
2254
904
612
2558
524
258
4148
8276
380
1766
2354
748
482
2350
378
1462
4128
1620
193292
1586
3682
304832
1722
266
394
288
1040
7484
1734
1890
248
3860
3322
1422568
6634
2930
7546
6824
4690
1138
2578
830
2504
722
2582
680238
262
11954
5236
2610
1500
724
1600
4220
690
746
260
7904
2432
252
2250
1206
2650
1058
6422
1559150
1972
368
2286
1246
4092
8310
2916
160900
1368
2848
3014
266
810
1748
716
5062
4194
2324
3518
368
911442
362
3502
1158
370
346
3860
2216
13106
260
3966
9620
252
262
1524
4610
3402
846
6184
570
264
574
3042
382
1026
1284
2328
60580
248
2624
982
690
5418
1838
2974630
1724
14154
248
2630
256
1910
1978
1426
2076
268
3572
1726
3670
802
1256
6156
4898
1390
630
1058
6344
2710
380
2492
266
266
3344
5814
3398
3184
1866
1822
572636
3868
3016
1148
814
1894
5988
1226
4546
294
268
5830
2658
9446
3286
2664
508
45148
2990
1104
2460
246
3120
1532
1076
294554
728904
494
1918
6754
3874
1680
360
4334
260
3384
2426
3664
1944
5522
386
2276
1298
5340
242
5856
1940
2136946
708
252
1630
902
1674380
4576
3032
2030
3626
3990
12692
272
142114
2206
12116
924
1796
1038
2656
1374
384
1052
2768
865460
2520
570
2730
8366
202504
1840
14434
364
2054
6752
9742
13254
5652
258
2200
754602
796
1526
2402
618
838
2548
8676
4156
1830
4294
816
1020608
4270
2108158
846
1184
960
12506
210310
4270
3858
1334
2646
5604
1534
1966
5782
2460
11948
1378
2439510
4666
1500
258
1368
260
656458
904
1386
916888
3068
2606
4520
370
1696
628
600
7876
843822
2478
2948
6264
1260
1758
822
2030
13224
1386
250
3130
1748
4878
332
254
1370
70
68
364
1782
2254
9354
260
3750
5744
5866
2410
2540
572
1618
3974
1176
3406
136112
5596
3098
4806
282
2328
5298
354
3990
1944
2802
268
6262
2362
446174
370
272
762936
1176
3356
572
622
296
4826
376
4198
2004
9078
1334
7318
3408
4550
244
1156514
2428
9092
2422
8286
70
68
6722
6506
368
592010
2042
1504
4850
5886
270
2200
3316
70
2128
229950
1732
1618
260
3532
1232
550
894
1312
2324
2602
836
7238
298
2682
1236
6654
3052
109134
1245888
9408
1308
264
1310632
8966
1536
4448
1359326
260
1482
16032
1896
1292
6894
4414
391504
7100
462
3488
5736
10180
2886
1482
26352
2878
7186
996
2658
3280
1520
3986
434
2124
4166
2264
5240
738
3714
358
844
3046
1226
376
5554
8482
2056
506
260
4542
1254
946
7056
708
2036
4678
4802
7184
2248
8020
924
3794
1040
5012
568
376
1372
1798
5600
492326
2132
2762676
3870
526
6956
5624
9082
1598
518708
260
4730
260
832
6236
570
1576
936
522840
551508
920
1570
6014
13532
6028
3092
2952
2082
5828
948
1628
7604
2950
51700
3912
8756
721510
1240146
1222
1536
1118
684
2936
376
2190
2636
1720
3500
3586
3758
7116
1616
838148
1072
3571316
2644
2178
626
1260
850232
570
1622
5582
570
2932
570
1196
9012
246
4590
1774
4774
4966
2440322
2726
9752
1764192
1048
1176
1736
570
262
1158
1496
12370
292
290
2738
7184
264
252
1477632
773012
4886
4404
508946
1938
8224
2198
686
382
832888
958
4602
4792
270
291156
378
2014
1804
7838
2384
2178
2596
7258
1712
376
6186
294
4174
1628
2956
1492
1864
2548
7352
10892
5254
2764
1178
1514
4294
70
3550
4246
1462
680
849374
362
978926
5666
956
3452
1404
1038
3314600
1290
2662
382
109084
3214
12702
2038
1516
390748
606
2396
6252
240
1868
2308
1188
448758
5128
914
2100
706
1144
1386
7716
6178
2760
236
3376
816
244
716
1146
1834
3178
2704
250
463518
1592
908
1285828
904
2232
824
3682
1492
920
5614
7568
4684
1740
246
2802
240
262
7432
3658
1954
3400
5280
800
256
252284
1786
1250
3432
289590
180228
252
5554
7980
17778
2136
238
7012
3108
2656
3344
2758
1352
692
1380
1170
910
1506
2454
2444
218942
2064
716
6580
2740
3850
1668
2398
1498
1877254
708
7376
89002
1566
2746
4298
7304
2592
3592
4994
588
382736
248
580
3186
2010
1674
6888
688
146036
284
325130
455924
574
288
268
2468
1824
1398
7394
256
1342
223466
2082
564
2428
706
1646
1944
258
1200
3524
2480
2090
3108
3760
548
2904
92072
816
994
808
566828
8594
3042
2354
5886
862
402856
702
1242
572
379508
1954
1572
2242
819690
780396
3510
382
2172
1340
574
2318
910
244
243096
2052
5972
2918
1274
1534
546
3298
276680
700082
1048
1986
238
1728
1006
17822
288
818
5214
790
808
1188
11324
1724
41824
4008
9772
3382
1198
7514
3662
1500
1396
710
580
568
1260
270
9044
4194
806
4872
848
23118
931414
2764
252
666
378
4298
3220
258
254
846
1720
10594
680
1812
849328
153206
3584
682030
9936
78638
2548
1198
2978
1652
7286
1085476
7624
664
2168
1154
6796
4048
1315478
153092
3656
3894
6734
1668
2814
4560
316302
1372
704
3586
1992
708
6404
4272
2520
1056
246
926
211800
1830
3688
248
570
6152
3314
4426
3524
894
2052
1242
1222
2160
940
1832
2508
1032
418
1530
2196
3276
1108
252
5242
2526
896
1770
1626
2964
2208
6472
1910
238
1016
4872
3802
6392
227344
1896
702
690
2884
842
3886
3828
252
1974
4138
5834
964
582
1392
950
934
258
384
4258
469400
2050
2356
4780
2202
7018
1458
1728
5810
3656
656
1688
242
1652
812
1156
3134
2246
816
2688
2604
1970
3998
1400
238
8484
4190
906
2964
1704
100364
282
982
250
1136
1652
816
1654
3174
1798
1120
3034
926
8530
2208
246
5260
270
3454
2184
2826
202434
2892
5234
2046
6636
1526
970
1510
2286
684
4824
1646
4532
2612
1942
256
4770
321362
2076
1474
910
830
564
4796
834
2862
1854
1018
4630
3034
790
1628
2148
254
692
910
2466
1156
816
3026
1962
15046
2842
236
5112
1662
576
2348
5652
1538
7040
7710
2534
2102
2292
1332
13764
10856
1594
484
1886
1614
1934
2338
894
153742
1480
33728
5558
2026
802
250
7328
892
2226
424
2300
2258
4708
1724
1260
918
356
5012
6032
1808
710
564
1390
1674
846
739076
1228
1494
2232
792
1360
574
948
2486
706
1276
2144
2624
816
2876
3596
1103186
2478
68598
1270
1116
1020794
710
2202
846
2260
2446
374
1160
4124
1736
1014
1050
1038
276
920
506
2926
910
982
1034
4420
582
1190
1668
706
802
2206
1050364
690
912
1864
820
188334
724
8638
444426
806
826
3290
4698
256
3290
1584
672
3072
790
1100
3040
315264
8698
7006
368
2604
246
3960
2218
246
2372
1754
414402
1808
224
248334
6046
568
284
1308
804
844
4352
1960
938
364
170226
694
802
6904
5016
1274
5010
8432
184578
2244
252
2728
796
1544
582
1104
1276
1026
250
2056
4592
2490
792
702
1252
848
1142
3392
354
268
6998
574
4024
8672
3514
920
2352
844
846
1532
2176
1034168
572
1322
2800
1834
1116
6370
2148
636072
1936
2082
921624
1190
1282
836
804
5100
694
390
2758
4912
258
1202656
3420
594
1826
2170
3798
1392
1470
910
1808
2564
7220
1264
1032
1138
2724
2432
2594
588
6150
1780
252
9058
546
806
3552
2310
250
3986
1716
1358
5184
5376
7760
268
1052
3690
4060
2092
2420
4134
3230
230714
810
1022
692
1372
2068
264
5800
2101366
6440
842
2876
3592
256
7304
930
2622
1258
5758
1532
1662
1954
1180
1530
1118
4500
5330
530464
4224
852
48330
2986
286
690
953130
2764
568
4882
2272
4422
2300
708
690
962
978
928
1272
2566
2330
1132
1604
3316
2338
2002
8396
4434
842
2078
1216
686
2174
272
226
2246
256
1032
373106
1670
6942
1258
1368
1810
2962
601398
4518
360
1946
1866
1282
1804
1046
722
4148
1506
4262
3718
1274
958
3184
708
1548
1896
2488
566
1226
812
2868
159056
2050
5140
1558
3060
1492
1502
8306
280
1050
964
2862
798
718
266066
1706
1288
6932
1420
111176
3080
521110
4202
108610
250
234
2224
240
1836
1288
802
2228
2246
3450
1566
2832
4850
3702
2568
1534
1082
2138
1668
666170
3812
24568
3860
1042
846
1148
572
1640
3168
1282
6308
2236
288
1142
1458
3412
2836
556
2568
688
850
234
2368
3830
3790
2800
2640
1526
3324
1704
2520
3900
69712
974
2410
290
244
5312
2556
4450
2370
234
3358
706
370
3452
798
1028
4824
2644
1736
1036
1116
4248
1906
234
700
1490
2808
1532
6610
3136
2784
706
4834
982
2292
3938
942
3432
2080
1068350
804
1188
1354
1284
4028
368
1942
1024
1180
9234
4030
1148
2394
570
164658
1498
4400
2422
11034
2350
710
818
1434
358
3452
7212
7348
250
4288
678
814
2388
1766
686
3050
4566
4826
810
2694
3542
928
492
366
64752
1532
99768
2182
1688
7922
3242
1530
5716
2740
552
1256
3284
1034
3030
67202
1120
5802
2152
4346
575978
1510
3154
6606
4224
830
2060
3040
2146
98222
242
790
5934
378
3118
236
254
8106
710
688
4486
360
4204
1646
6648
2350
2582
342772
5130
4826
4576
8516
2848
250
2390
4440
2314
2220
4828
155494
2168
946
684
1726
2902
5922
1862
2628
876
1668
2664
2564
2036
3716
2476
5750
2904
1664
2616
1842
1314
938
8224
2630
824
3114
10190
1260
4030
840
3278
1986
881734
316234
5298
1118
4750
1028
704
3030
1760
2412
1340
1574
2198
1170
175424
846
1506
3586
942
9686
4798
2354
1646
2078
175152
53660
12706
536372
3198
248
684
2836
1010
4794
2850
260
250
2628
270
254
3016
250
2408
902
3258
5388
2058
252
2444
250
460378
1256
612010
3222
4048
1522
2022
220
1706
1802
3708
2720
7780
2008
1498
1750
7048
468
3410
3298
1210
1196730
681106
2938
123982
1678
2356
8034
2876964
485852
1526
944
2246
8208
932
1352
256
1986
6610
1298
6080
5704
2092
6920
264
2242
1150
4500
499680
4498
678
844
1428
264
3856
3868
352840
3136
580338
1092
256
4032
250
186712
1610
95936
1256
238
674
366
21564
2856
857496
129714
824
7386
2462
2446902
2770
5198
369968
3204
497104
4304
256
1080
219460
1908
258
1425040
270
8416
5188
4514
517138
7714
224
1148
280
2792
2180
416
664
4364
670
610
252
252
362690
2496
648704
226822
8860
1263454
4360
8436
482452
2332
6508
166698
839368
512
4746
1555068
2624
238
1534
3396
250
288
1113298
378
2406
246
1950
1262
1742
5640
373408
5932
1798
986720
1536
256
1524738
2160
1718
13348
10162
172430
394
3678
674662
11850
2422
8234
608432
1156
254
1856
932
242
3258
472686
254
1632
1008
2060
2862
2944
574454
852
2592
3292
8134
3350
400256
3006
5684
2120
1178
2218
3800
303986
246
264440
995890
6492
510
3958
673528
2094
1470
554618
45828
1826
7102
74414
6010
3400
496
1176
1392
3010
236
2558
1842
3160
290046
674
980
244
809770
380
433390
260
27358
4136
584
2084
7578
3404
38372
252
3218
5548
5700
6000
3756
682
246
1612
413400
1942
68
4764
1956
4738
672
2308
3014
250
1215948
3020
556
4178
1124
256
1005010
907694
5342
2154
4214
2440
1322
262
9132
932
1018
990
395034
2969482
378
3394
250
3580
3232
3090
5996
879412
804
918
234
1538
7486
1666
698
952
6070
4850
732
2034
1304
10110
260
822
812
519912
873134
3606
11136
564
1630466
1597164
268
7680
464894
1280818
526944
1644
6442
4260
1686
266
1668
3316
2544
1466364
2090
4418
266
602
1616
8310
6012
2060
721674
260
4682
854550
3540
7554
3706
4220
2076
1654
258
8248
2126
3552
14572
6618
66394
1262
1998
1194
97152
4138
816
96344
2074
236
200726
954
1038
4362
3444
786
236
1109746
902
3212
830
4051420
1248
6060
566
6882
376
3318
2018
2008812
1484
2892
2754
244
3470
262
926
1080
151744
676314
258
14884
859132
1970
2996
570
688
684
1780
189480
2974
258
256
810
690304
1062
4748
983168
5626
1014
345446
806
1824
264
5522
2306
4482
87370
1046
1278
1364
2806
3094
262
1050
254
1691854
374
1076
30488
266
3958780
7024
260
12404
1158
2100
1648
1018088
1440
1886
530
5062
2998
111676
1866
1135684
2792
6858
24832
608152
17418
114456
7580
2178
15468
4032
1078
254
1154
2740
464270
270
5856
1036
5050
1808
6900
508
851970
268
266
2570
2332
2626
44134
256
5880
686
400622
266
2418
8644
394
3190
2428
1282
1902
2254
13018
5364
28976
4368
66
178968
948
256
4240
273138
412
8674
2882
1360
252
4992
3820
258
1554
908
1732
8466
240
5290
1552
3854
1766
9310
11974
268
920
1016
5682
1946
10072
1642
1210
284
2626
3054
11510
968
2514
6616
258
1620
2416392
4022
252
3088
4200
244
160124
3190
758760
1790
1748
802
816
3112
266
846
682
3726
2680
3962
2166
1254
264
972
1548
370
8252
3540
6116
240
5548
255172
2328
1866
1506
575196
2586
2272
2198
6590
384
1504
4390
1990
5568
5322
1680
1918
6210
1083304
3120
492
84682
250
1494
1174
5412
1338
1750356
3228
2904668
7402
2052
2288
2132
1351762
6048
4140
368
3024
10006
674
2860
950
278
248
6740
1386566
3400
2516
808862
3874
286
5280
364
4826
544
551480
506
3436
2070
643978
113908
566
1298
4478
909404
1527370
473880
1260
2572
6808
325216
1126
804
286
4952
556
8352
796
7132
404
2612
435318
856298
258
1402
2080
5922
119796
4516
796
1538
97958
707940
1250
268
4430
4442
8070
4460
3688
3400
4550
270
1286
9474
1160
795676
3204
384
3050
1632
62674
356
2710
9984
3690
6042
5860
1320
76472
983576
4026
1804880
1806
21152
846
2198
4286
6000
258
711808
4692
270
1701004
1954
2414
2908
2400
2272
8162
366518
2200
61266
5048
496118
700
2964
5396
570176
798
3940530
5702
2566
2394
3392
256
482
2490
1130
2900
258
3592
5444
936
238
844
804
6722
366
248
252
264
1956
6544
3384504
708
260
4822
960
3138
1162
380
2543590
12232
260
1168
1574
268
454308
6972
2190
2938
5620
3022
2856
248
9470
5766
11900
4588
7328
1102
133262
69720
2472
504882
4108
2674
1068
920
7706
297046
42346
254
570
2362
1998
948
5878
4300
268
1286
6570
268
930
924
692
5816
7792
6366
256
4666
3110
244
3068
54084
9372
1973132
816
2906
3790
107324
564
250
3020
258
6228
382
386
6224
6098
6364
3110
1810
2962
1258
266
6012
183414
4644
1164
765836
450600
225904
3790
1954
4758
5162
678
2950
1864
11822
3946
64256
570
25112
1248
1258
2330
165042
565110
1744
4404
4078
1994
254
256
1912
568
268
5490
2258
660
4698
682
1218
570
510794
579620
15632
3090
246
1604
2390
254
1404
2245022
3280
4670
694
271916
240
252
185358
3482
3374
1768
1071940
112208
1146
20060
4058
1020
260
2034
5422
406
501320
1386
474
240
256
250
3238
561290
1100
692
5258
2188
1038
4826
139062
11076
322398
4674
1346644
690
10772
753844
240
1976
4410
2466
936
5890
6488
356
4300
378
3760
992
341792
2984
1808
2918
272204
604342
146298
704
2368
3308
3102
2018
4486
1294
964048
8354
266
356320
1074
266
577796
6424
603098
233042
504
1600
722856
2624
513384
36070
2210
1250
3252
384
588
368
590
1234
3870
142484
112498
11230
270
1750
588
248
2216
4552
256
607742
10552
2416
2128164
3794
2156
324138
7646
262
250
1838
501908
85538
3180
1724
2384
1502200
2672
256
4278
948
448758
2734
4502
8508
2226
4148
1298686
674
7972
394
2732
7460
4592
736
12374
75718
5216
3612
11670
1046
8058
777320
234278
17414
250
2674
2472
2886
6182
3908
6702
3051930
1338692
284
1110
4212
3466
85384
2368
506
1564
2690
3226
240
1936
3590
1900
1950
605260
2064
1696
8434
374
378
226
814
3030
2528
3514
2660
2394
1578654
3692
248
796
270
2730
3404
912
8988
5750
5512
468
1492
232
1728
374
1666
3880
386
1920
68
2040
79766
260
378
1478
9106
3360
1788
5758
826266
1594
2086
7570
68
5600
2832
1041524
6274
364
242
1760
258
1594
1262
952
6762
60812
250
1730
9238
248
1488
3122
6066
402
3146
270
68
66
2244
926
8002
382
2614
3564
2900
3682
68
852526
273304
2400
16418
68
794
932
1032
256
244
366422
5058
386
280
390
242
1690
641384
2032
9080
574
2022
1298
5818
3618
260
2080
1108168
594
1268938
5226
1570
2274
1704
6104
5972
254
5666
2247816
4114
1305544
1114
1367986
3474
4486
68
260
2178
570
1518
6488
4084
2742
5350
2186
2044
244
578
1812
2986
678
1742
2170
1592
2274
260
1044
2846
4316
5960
2536
840
1150
798
4364
1268
280
6490
755504
10310
2344
1062
2566
252
238
584
2790
1717402
3884
2832
10104
936
481338
876628
3148
2706
266
1092
618240
5246
4396
1516
1268
7606
250
5054
1494
1668
374
2380
6222
262
514130
528
3062
2078
1704
258
1618
246
5902
2860
2036
4882
4930
100116
1250
2038
2056
236
2974
256178
1386
4024
3978
68
1126
1468
256
4284
258
1664
1942
244
378
256
614
4052
1396
4840
2332
3378
4690
3352
380
64016
255348
1096
5004
3150
502
240
4604
684
2804
4396
818
2214
278056
242
3566
101880
1806
234
358
1112
808
2486
1140
6082
6106
244
8394
2558
7304
412918
5216
958
1594
256
2956
7442
3774
254
1066
1766
2546
3802
2766
1508
8916
20478
1726
3644
958
1558
1876
66
68
2454
1668
7624
6124
989244
378
808
3476
4904
8354
3192
250
3614
5108
680
9316
252
2450
3076
1514
2090
250
42926
3040
4702
1229984
2262
4460
5830
484
830
1472
4356
3846
6532
1764
1600
2112
238
272
3160
134952
1070
860
370
586
3802
5848
4182
5054
3956
1674
1170
708
854
3786
1396
6006
294004
54430
8984
3642
2416
11036
816
1724
258
5768
3984
384
8872
24148
3932
2464
2076
7228
6664
356
70
68
1341438
1364
254
2298
248
4396
4452
246
2150
828
657218
59330
1700
244
452944
4500
197558
256
1642
3384
552
342154
2294
7144
3162
258
270
718192
228
4756
1088328
2992
3050
796
250
3988
1342
1638
384
10596
252
4220
4390
1922
2280
1030
1868
360
2038
2088
3138
114084
6750
1288
828
6478
784
1196
1308
2430
5626
5626
2329244
1602
1146
250
700
1185160
2366
1268
3770
2356
266
2884
1862
2430
386
15630
572
1914
388
1816
372
3206
1415362
1300
362
1970
270
1576
4138
368
2582
1452
1396
1689892
6406
4242
7174
392
4652
742082
1920
6928
197094
4838
1326
246
1808
2642
938
8970
7744
250
1628
3370
11596
568
370
7096
6306
1310
1248
7564
1590
722
6998
3412
242
3418
384
4574
1756
374
550
1384
2248
2598
1732
248
5508
4094
2022
254
2244
1498
2850
2941832
5196
3230
4210
364
4758
15818
583104
412
3940
1332
4656
3398
1866
836
437980
1820
794
5140
240
3932
574
830
5892
1838
4902
258
916
2234
13992
2192
21114
372
1060
11662
938
1598
2370
3223026
4516
474970
250
3658
2270
90996
256
4938
812
9162
6244
490
506
1020
378
5892
7200
942
564
256
13454
256
5318
274
1192
2646
2016
1170
1824
3218
3330
574
8146
242
2246
242
940
9564
340
5067218
6574
3406
11786
815756
3214
4034
522806
4732
1550
519066
68
3274
6022
5218
1953688
6262
912
4968
3698
3158
3359892
2906
2516
704
3120
2820
3732
119220
266
4094
370
2786
4138
2628
11230
264
6328
900
1734
974
1016
1233796
1996
3994
266
4084
228
258
6506
2218
3480
266
16668
264
2332
690
1260
932
1054
4724
1518
2436
246
1714
1046402
264
1416
2646
678
1574
252
5180
3996
585476
521260
6320
386
3324
13276
8086
7268
552
238
9964
4474
2312
1138
1600
3684
3586
3124
1724
7340
1876
2734
342158
2452
1506
514
244
1888
4114
7668
3342
2242
4436
256
1730
1782
1110
1206
2202
258
10710
3752
68
70
54638
3404
3100
5552
6620
370
4878
254
1472
1280
914
254
5406
11264
1022
2388
11478
8840
9082
3480
10118
3612
2900
244
3386
954
254
2066
3232
4104
272
10110
362
262
1664
1732
250
5128
3824
21318
1506
1418
472
3004
4372
1156
5306
6580
6108
4886
4970
356
5466
250
2344
1038
18600
2380
6144
1028708
3868
4418
6398
1414
376
676
7384
682
9818
4488
386
236
254
1036804
3984
66
4672
6456
846
4256
4686
3892
12906
2304
1026
250
2772
4788
3984
63746
1014212
1422
8170
3092
256
3828
94694
940
11868
5508
252
2026
5556
5448
1144
2362
370
252
4266
558752
258
3176
4546
3013772
2048
1428
248
6480
1274
980
3000
988852
8394
1612
2178
3680
5942
1914
9242
3852
260
1546
6180
3816
1996
258
591364
4446
3134
1292
942
2753286
1612
2770
1864
4042
1108
5264
794
4030
372
1554
3230
2618
2890
256
382
1254
244
4052
252
2800
7512
678
380
2440
4880
1472
354108
10482
6782
1180
252
286
252
5948
2038
2414
151202
5066
244
2306
260
238
5070
196122
6100
1608
2632
1294
2519684
1624
3780
926
1116
4046
2694
10214
359368
268
284
2576906
250
3614
2242998
11920
4062
416
1040
254
8332
260
1366
1474
7294
1398
2072
2810
310894
256
384
1796
236
250
1626
1948
1046
574
14474
1518
7742
2836
4654
66
68
826
3764
3108
4722
28302
33178
789366
4746
386
7684
1054
240
4826
4476
3158
6108
252
2742
2994
794
1820
4666
822
7810
2950
500
254
248
16552
252
592
6844
7328
1286
70
9216
3058
3954
1260
2362
612
11102
1144
1380
374
1904
3402
6688
244
2074
1146
672
262
1804
2370
1852
918
262
2962
246
270
2510
508576
3164
818
4102
775766
1312346
4412
1068
244
2788
1902
264
5278
356
254
542150
4276
1692
7900
2646
1592
2946
3870
13298
384
10038
4468
1372
270
7764
6122
2156
10410
2462
24824
1682
1642
1026
939262
268
1394
286
256
1344
1254
9790
676
2168
3460
2072
246
1311856
3892
3314
503968
898
1266
1280
3250
570056
3316
2206890
2015620
266
1594
976
672
3542
1044
1015942
814
1164
9458
808
1036
3934
4942
5464
252
3318
2062
2392
1386
2218
268
3876
17214
4080
246
4428
3772
2986
1530
6270
507708
3876
2037100
1690
1154
5514
3978
4584
3518
780
1546
788
262
300664
262
1972
9866
70
6600
7198
2828
878894
2838
418
1864
264
449082
2770
248
730
1810
1166
3178
1081094
5168
4108
6506
256
262
240
3232
1528
2882
91728
394
4860
1566
3422
11138
209670
3552
505206
944
3270
4340
1153718
2200
816
1390
99368
6878
252
2160
2608
924
2378
372
5390
3616
804
5084
3976
8196
1306
550
258
388
4222
2344
8156
7394
734678
258
950
854
4050
244
384
2712
3372
684
6122
14572
1660
14404
3242
2521262
3152
1102
1888
3180
2292
2340
256
1404
1866
384
578440
1960
4182
330450
4132
375180
1678
3808
3962046
1808
970
1606
5094
4804
4006
7940
1530
4160
410
1502
3886
2892
1626
3678
1770
619372
358
5804
1418
4698176
690
3952
3400
946
2158
204860
792176
9666
6976
2668
908
1437578
258
240
260
2287796
3206
9596
2255224
370
298126
7756
240
2594
8354
956
3888
998
2850
838
3048
3170
2682
2914
800
3826
1490
2702006
1486
2371346
4036
274
7364
5378
276
11654
5146
5600
3086
3108
628
4314
2664
4042
938
268
1510464
838
1876
2662
926
3156
290
644166
5944
8764
1188
1250
6316
3634
11986
448660
700
307266
1304
3702
4004
2212
3020
2115766
2596
4546
950
248
4804
630
3222
1307076
507202
1071038
4176
2158
77098
70
7178
2222
246
3698
2046
1640594
800
2224
3120
2674
1865996
5668
542432
4632
4014
4236
4028
2608
1116432
77422
939178
202
1666
684
232
1428
1618
4578
792
414688
3554
8624
4026
3206
1920
337042
7106
1226
54436
3530
2464
262
883688
2578
1418
838
1732
8320
260
1698
3648
258
5336
4936
254
2606
34356
2682
948
260
374
220
408
804
7454
1044
2542
7444
3050
1152
256
702
396
2264
1648
5208
1150740
700
25094
1030
250
370
1590
3204
634
1616
2046
4538
2750
3044
2624
5174
1070
254
270
2286
8502
25480
9270
3418
2640
1608
4298
244
482340
775870
51800
2536
922
2144
502
3316
68
72
584078
3476
564
1250
6892
350262
256
25088
1582
248
352952
1838
6834
3698
2702
2622
252
730218
2606
70
68
765304
4082
695674
2626
966
832
244968
3460
1542
5168
1088
2716
818134
270
1590
2106
262
252
9618
3374
1736
620
7842
676
1982
2054
3912
4744
4932
37452
946
460
1112
2554
1504
380
1800
76040
6470
2524726
694
4496
5612
7332
1126
2244
7546
964
818
1282
1154
5074
1019474
1242166
2944
270
706
8254
1984
4042
242
2034
5086
7710
294
5790
6340
1192
3694
82066
3482
1376
396
1158064
260
8288
6312
260
5348
292
303262
780550
3610
1730
3394
374
1590
31840
8338
2644
7218
730
268
5772
9778
1302
794
3912
1096
250
6484
5050
2244
402
950
2402
2030
942
4736
1036
2812
5972
2012492
3760
157428
1246
964
4940
7028
2518
3314
1648928
1474996
3092
7180
696
2050
4218
2786
3674
9678
260
1920
6642
688
2212
1174
256
10088
1912
4962
1508
2228
1578
5288
2102
1816
266
264
5020
2084
1096066
822
5124
2746
2094
3570
266
5122
5482
254
225540
6174
1146
54844
1142
142526
4214
954
110200
624
822254
256
2148
1146
384
9372
132764
247812
3244
812
1714
3556
3634
8050
686
1054
4136
580
260
1392
248
1134
832
1322680
376
8314
32072
3740
371824
1490
295164
3098
8870
1806
3406
832
2044
252
904314
1952
8088
239660
222208
1758
946
252
651352
2160
674774
7176
4854
244
994
10460
5154
386
2192832
1271376
1331842
1598
4990
1598
1460
4762
5132
250
2740
3400
1944
7978
2652
9466
5474
3002
5942
1496
930
940
1848
818
7862
1372
1590
1636
510
1582
4828
479972
296
3090
380
940
4352
790
518
280404
920
378
254
4166
254
392
8530
572420
8290
264
258
3582
3698
266
615384
4552
11958
839620
508
4074
1142
5662
3462
242
4440
4538
375800
624
1279176
1864
1251824
1558
3862
377692
248
516
5238
370
2140
7078
1061356
706
2332
2104
1022
1956
1696
3674
240
4976
256
282
1806
6420
8518
740
4706
1066
10218
5416
4404
4718
2422
2804
946
4498
1748
53480
268
380
5702
1542
2824
697840
8762
43890
1452
242
1474
498
1194
1806
1208
408
104460
5106
2886
2450
248
3618
2074
370
256
2889016
7862
2628
1886
962
612
1390
507898
1286
1087894
1604
337670
2748
3286
502
1254
262
240
268
384
228
258
1510
2406
6085292
4254
1413526
1278
254
6664
1826
932
252
1720
161980
798
2814
3176
956
3268
8384
4740
1054
6532
5282
3162
260
1610
366
826820
4050
3980
260
4692
3572
240
1068
3426
468
1593410
3180
1600
2560
5708
2862
262
252
1530
10564
4144
2156
3152
2694
2070
1934
330324
3437162
1332
242
3890
1322
70
70
1928
4420
209988
153502
262
4896
1620
5756
974
6850
1279150
777948
12544
246
906
1916
2064
1106
250
662498
848
1304
3242
3686
3418
1582
4006
3266
8032
4580
4718
2470
4164
288
395710
692
686
2356
5322
5376
1260
2180
672
370
9024
1458
7384
252
930
26494
9496
3736
232274
1124088
1114830
6552
842
1126
392
274
1886
17206
1152
2000
254
920
242
258
11866
8224
5650
820
766
4728
4714
796
7828
236
2922
2076
2052
2950
3122
2136
254
2274
262
2066
382
627324
782
3128
1598
280
74652
2366
2074
1626
590
586
1406
106800
1792
982
1154
1120
10224
240
2158
3878
3338
7870
900618
4026
1150
1164
706
2888
898
2384
938
370
4150
580
1114
2476
374
5224
4388
296
956
1940
802
4556
2196
3056
5374
7708
766
1070
614
810
2200
1800
6792
3392
2212
708
962
5978
1118
6334
8876
240
212652
3734
3566
788
1314
1088
8780
4750
250
3180
688
372
2240
1302
806
2082
2666
1810
2202
186754
196660
2278
3288
859926
796
564
12272
3464
702
570
686
562
960
368
1670
452
2358
248
386
2384
4066
2716
2288
404
1222
5858
1420
3326
1376
368
810
524
572
688
1954
522294
1962
846
828
914
2080
354
826
1070
1952
3204
602
684
2670
802
5594
588
446134
1838
810
734
1380
74528
250
9728
1196
844
270
568
1046
1686
556
1032
1380
1732
3618
3544
1030
706
2314
1872
2620
1634
1148
4010
3062
4550
1974
734
3550
2034
5366
1170
710
1400
928
246
1282
568
1252
1396
1864
3686
2288
3898
590
2886
12930
1406
739130
4276
554670
5650
3550
2746
404
2126
1974
4100
4396
2046
2874
252
1712
848
2074
1658
812
1158
1508
5236
1708
2980
1342
3226
418
2558
840
2622
1696
580
252
2792
1852
3462
1304
2506
1364
2713468
908
1260
2390
714
6304
5388
808
4622
2336
2268
810
3540
1056
804
34880
3068
2494
1055712
10054
400
684
6402
686
250
886
2630
3886
1186
2692
3482
5510
946
3292
856
1360
3588
1806
209002
1440
4166
3284
240
9268
1112
244094
2464
2308
4956
8520
1638
1186
382
477544
2926
679558
2794
4980
1530
1048
4746
932
4576
1438
256
355100
4694
2726
2812
1768
2104
948
478
1344
4788
8940
1300
1076
1120
146502
258
1660
926
473120
976
2830
1060
2164
7718
696
2526
242
1054
566
6338
2698
1216
1328
13174
3098
2180
236
3964
1788
1216
2422
368
3476
5730
946
872
722
1458
6420
154736
378
1350
3664
238
1562
792
767594
244
709362
5694
2964
910
4394
496
506
8170
806
2838
6708
5430
485758
2022
256
1016
3188
603990
4866
10792
906
376
2996
574
718
2722
258
2198
9686
926
258
254
6984
2482
2490
1874
1140
2654
696
3412
3924
171590
1926
710
3938
6922
6666
87158
1040
344
818
1568
1162
252
1262
3336
1504
4552
1544
4706
1396
252
580
1170
722
2052
268
1870
1938
1414
2454
3920
780
3224
2422
2098
6400
5990
5096
248
1470
4408
2732
576
786
2918
504
812
3118
1480
276
708
1300
1548
2610
800
6348
2346
2548
1728
3668
3500
2880
796
3952
1168
9082
3432
2356
344
80096
1268
3030
3768
2690
596
1686
1390
2220
362
1842
1486
2310
2228
1592
3672
6226
1678
5928
576
4730
2354
1850
3102
7186
2892
2510
236
1542
7160
3042
2336
2084
3534
350122
614
1934
570
256
962
2134
6462
1446
5240
362
582
710
1532
2438
542
2558
1434
1310
6888
382
2430
790
2348
260
96708
2642
238968
3810
2604
3710
6196
1942
1282
990
1520
1732
2256
1116
918
376
9834
6724
3576
2932
352
1466
1944
5432
3322
1010
4980
2216
3008
4620
1686
4940
700
357488
3350
1912
2968
2918
5220
3176
3700
2634
1116
12014
1460
290
278
1574
1572
3264
1388
3102
256
2222
554
1746
1826
1410048
2260
796
1086
1028
4066
250
554
5320
4092
932
832
1528
1336
296
796
3040
906
3682
3114
4228
2200
1394
2032
480
1378
1772
2238
394
3110
2356
1740
2792
2928
6430
1630
3304
2200
1634
3428
4098
1296
698
806
1260
2558
1164
686
1512
400
1756
1022
337382
3964
1314
1060
230
846
710
1466
2086
1034
1138
572
1152
2294
6238
2346
2092
725342
8390
2212
246
686
252
5362
2502
2174
3170
808
1345458
4566
1358
3040
698
250
552
3780
1392
1742
1634
1046
4374
2648
1408
2766
361246
2288
4006
1296
5456
1192
4124
248
2414
1260
4142
572
1156
3288
1834
169290
2060
1700
4964
2740
972
1384
1860
674930
238
514
2024
1120
560
290
790
1042
1250
4294
262
839758
1844
258
722
2188
2846
240
2908
1068
155018
1410
5036
1784
912
5522
2990
814
1972
2636
240
374
540
2838
250
2334
812
1368
808
7722
2286
252
4838
956
360
580
3916
248
3938
288
1736
928
3746
4012
294
2336
3040
6100
360
550
4698
1228
1050
1810
2520
4820
1654
2408
2082
2906
3438
680
3550
1964
4352
2676
5304
2562
2116
2916
1126
1272
2044
872
252
2094
2050
284
1142
260
435866
716
1050
590
2612
240
686
8578
753914
4002
5050
1100
2906
2080
2950
2438
2524
810
260
1936
4164
2546
2536
1322
6414
802
1874
1034
2494
2642
456
834
2458
692
1164
4080
690
260
1246
1256
4540
3026
1262
566
2094
2490
270770
296
2846
2644
6020
414
1330
570
380
1948
2354
734
3502
386
856450
572
1046
9784
1804
2768
2980
3240
1832
6140
240
3566
3522
2864
962
2356
254
906
1594
942
1388
2008
948
260
940
2528
1032
930
784486
1942
5700
4142
1736
5290
2840
2614
1210
1714
580
3242
1090
6270
920
1346
2936
704
712
1150
242
848
1170
2272
3344
248
252
59380
73124
270
5992
254
370
2832
2848
3726
1714
1134980
356
1142
4912
806
2846
2618
1838
706
1940
3152
7916
980
1120
884
1436
1024
830
1398
1362
1160
5098
11472
370
240
244
5536
2334
8708
3766
2434
6294
3176
1678
984
6044
2856
254
11242
285976
1528
1418
7504
59432
458418
5332
698
4672
808
688
716
1416
2836
2006
3170
1930
2090
3296
2038
6476
894
1832
1526
1514
972
4020
10534
3450
952
1762
4660
1960
1940
2040
2500
4830
266
4626
5066
2846
1592
1384
3030
800
2328
702
2384
1688428
11906
8106
256
142950
4172
3138
7586
7260
151876
175612
1512
2620
242
1476
7460
7160
801956
708
11350
3038
2530
568
2586
950
1844
5932
3140
594
10370
968
4458
974856
2186
51016
2459640
396
3850
3317512
258
2386
834908
1626
246
1808
1880
686740
2896
258
6496
571310
2540
1850
2630
1610
2218
2312
4394
1740
242920
543266
13194
1914
276
929758
246
372
10608
616
1970
902490
3466
404
4692
13640
250
2522
4298
6146
2474
569156
6066
783570
4740
262
2650
318688
236
7828
244
262
1528
12212
433656
28604
6618
3338
2770
236
6934
7130
5278
1726
25808
5888
781796
376
394
3786
1328
238698
1116
250
1530742
1162752
3682
270
940
6436
1504
81056
242
3126
254
3206
316936
380
256
3494
5348
3564
504
938
11546
2762
246
173076
1756
276
12702
7512
478766
3452
1554
384
422
54184
1146
260
2050
7988
2722
296
307100
1036
3650
2982128
256
516
3504
2086
806
260
1195670
14396
2060
3266
1754
246
489478
599356
250
604
1400
4306
932800
10604
1046
5808
2241314
393282
256
2502
1622
401982
201846
1238
10132
2388
808
1122
3849724
1538
912158
8648
276
268
3906
1470
19758
1418
2226
1166
406
3058
234
260
3706
816266
2322
8722
6414
12932
4004
5294
293992
588
1590
1867540
294
496
266
1668
240
22940
296
4554
88672
2468
726
359828
2506
41582
6326
2818
213684
626
262
2444
3232
3117932
1534
242
250
3374
900604
70
3496
1160
2090
3566
7228
867246
3700
1589396
3696
562942
215108
1528
1558
5646
710
370102
7048
258
2210224
6948
2738
11178
1563376
1538
6656
258
982
404
80
456632
2036
1694
2552
6490
4032
3890
3182
4582
1756
679896
530646
181738
1868
2112
379012
1290
1348
302192
3948
254
3788
690
7462
3850
307568
2060080
703082
4126
1396
3416
776204
248
588
81274
5334
590
696
946
452298
2822
1810
922856
312050
5248
1083944
562
24298
60174
11096
660768
8284
1055616
1950
361680
470444
1658
6578
131148
292
552754
3404
4682
1137464
4820
1423168
2460
258
3458
1480
7176
45184
6530
90052
252
916
1206
1518
5790
12050
1752
1290
638340
3526
4032
236
386
7118
370360
936
828
5848
1238
10852
2970
1098
1160
383920
6150
17914
14282
688030
254
10806
4910
2934
1696
3844
2588
394
260
804
440
2364
4402
930
6444
4306
1396
2526
6790
926
3176
5764
806
388
254
2482
1323274
2436830
84672
2490
6064
9492
270
395590
2326
6964
5240
1823718
1792
372
798
256
39048
1970
39134
14782
1142
2394
382
2464
3000
2488
5356
5750
5496
5186
4494
9246
7074
123552
1144
81218
8380
1553810
12436
885164
3748
1810
360
912
1554
364
2980
4122518
193576
265916
1500436
2222
1996976
2306796
2402
93758
2070
41640
6736
2330
1526032
578
10420
3642
252
2436
1508
6924
3392
2930
4506
2208
278
2646
574
904078
4318
1084
4144
4688
1006
2130
246
294
1882
1604
266
250
7842
828278
1261956
234
806
4644
9190
530220
2866
3778
4740
3706
6400
1808
696
578
1610
1676892
3734
2990
1542
2922
258
4960
2518
6022
1962
14368
179546
3456
2842
8604
1551242
256
1373404
270
7068
461398
103626
250
1938
5464
17688
179232
136700
568
1896658
1392
3698044
258
272
6610
349686
946
1592
336808
8558
8248
706
6584
4554
1004
3248
4770
2558
824
274
2386
710374
934
210816
796
284
9658
2086
686
1810
2628
3128
5050
4162
8882
6356
1320
2546
2690
280
238
3716
12622
182290
2086
1106
1638
9022
132436
3144
3760
1556
2518
4210
9692
327996
9522
832772
570
6752
992
2266
258
7818
190784
1874
6742
6310
5366
4430
1051846
506330
1454
171090
1204
1970
1988
236
3254
1426
3064
1808
8862
2088
1952
1064
796
592
264
1404
386
4770
4618
40402
6146
2034318
368
1783572
252
628370
268
2222
3146
1288
358
260
2366
610
1752
413682
3100
292670
266
4138
576
1107332
1284
700490
818
821308
19460
2504
244
1812
914
8092
5454
1560
2404
1406
242
942
3744
282
46234
6226
244
1944
2916
816
250
1452
747778
580
2148
3200
5504
824
260
2440
276162
145094
1577836
1052
803430
195128
1534
240
3490
3922
332502
5222
4532
70
258
254
653752
268
2054
1532
473364
101014
7672
282
2210548
3098
2154
2212
1170
93604
2356
242
2570
9788
2902
3182
250
3622
368874
552288
1272
2866
2274
5706
56754
1574
1826
864204
13596
1046
2162
783238
1274
3320
2054
2414
1416
236
483532
268
1412
4954
5710
5902
802
98390
1460
3574
31060
378
6998
7708
2626
3516
1482514
823260
955968
1404
264
60428
1107208
1810
1978
562
2400
4392
4906
250
698
2465164
4068666
3734
1968
370
688
1460
2851280
1101912
400
7732
1378
146720
372
6978
972474
6228
14292
1810
365374
203396
4278394
3040
3464
254
8482
936
270
6274
1814
89798
4710
845006
2486
215970
1664
4834
2696272
4338
186622
244
576
663214
72040
272
918
2808
2104
6680
2644
2364
4554
8536
1932
355542
254
6612
3746
9400
2322
1452
83960
5154
7732
256
3862
240
864
29858
690
942
1390
594
921152
928
5932
5562
1432
262
14936
2740
3186
2916
710
248
4102
2288536
1836
5784
788
3022
2202
250
3396
4216
314616
4888
1118
372
763434
296
199686
2412
3122
1175772
595748
2672
3466
378
233196
4324
806362
2066
380676
952096
262
4568
521550
250
368
1036
673066
3098
292732
1834
6450
3124
4862
31978
6324
481136
824
2490
6880
2004
1988
36570
151342
910856
11732
4316
254
2096
2264
34528
6410
124074
3310
824090
12698
532660
5484
4036
1224
461682
1270800
10972
106476
6632
44726
271968
9638
1827560
72
70
1168
358
4892
804
1928
946
3604
474054
2586
390
372
928
98692
17288
1644
7454
4566
254
71730
7790
250
3470
1146
2100
3084
248
362
1998
966
104630
4462
1801826
3102
1902
406228
1942
1010
4744
2210162
97592
386
386
1196
3178
60386
934
1118
3896
39656
1256
4404
3826
1536
1088
317368
790
856540
708862
2086
101202
3202
732
6176
11284
5194
518138
1096106
368
3304
357300
2298
9698
5302
1748
250
798
332076
248
3194
1532
1113634
2262
364
378
4690
196866
2546
197574
1954
1614488
270
5326
934
1754
4420
244
5622
1420
1278888
3212
610
4744
3840
153856
1332
1672
6536
2606
280
2468
1042
926
123764
242
2538
926
1154
1176944
5114
3686
270
2813330
1728
3700
6918
260
2122
5440
5124
4170
380
1304
14336
51004
2226
368
1390
2230
250
2840
240
250
2136
1288
2988
5644
223196
3000
2992
2928
4938
930
970062
782
1944
356
382
1582
224
1338
2626
1254
2154
794
584042
920
68
585516
166198
4630
2718
1318
1354
2594
244
6490
91394
356
264
4036
2336
7100
830
2022
254
3930
1280
676
250
2668
649296
391380
372
5614
761948
1626
6642
2064
356
1042692
349888
969400
680
232
3088
3526
1274
1172
87302
11454
1266
2438402
3744
234
1648
242
1740
1650
1670
4274
3172
2398
8724
2820
2686
254
2338
5440
869746
2370
260
242
4168754
260
4502
4806
682818
2816
6200
7128
94882
296
1000
2334
1583038
2632
3646
1072
4204
268
1996
6248
1736
1316514
2710
5994
1842
3110
67506
1177642
4350
2882
2077324
1984
4382
1332
248050
2994
1552
16242
5064
2607634
1668
1306
812
1692
1142
68
2530130
256
812
4406
4052
8838
6710
304990
9646
266
28816
368
19220
398
14196
3066
1266
2358
6774
3378
1840
240
1852
800
4390
3466
2162
4408
1188
2356
3854
3132
990
920
2224
509746
386
2002
5142
1272
1480
338108
4272
721254
2768
4738
2008028
5830
574462
1284
1976
372
604974
2590
6566
818
380
530
1714
88282
4400
370
3608
2328
368
268
2502
254
248
940
4994
430
3245552
6140
9170
2064
490
1096
2066
7648
5080
388
1380
1883688
47084
2900
1888
3874
351884
2012
5942
7462
388
360
6042
4378
2716
1470
1858
1852190
689462
1062
254
3242
789512
260
5560
2264
1272
2900
2528
7538
788
894
704
2040
2832
10166
3332
7526
276
2166
1856
4780
3082
956
858576
7506
250
2818
1586
1748
3222
3540
1809016
3982
1398
2610
3174
1392
2836522
6426
2772
224
768
8092
3772
1836
1628
1154
1460
1806
287802
13766
1006
2004
1838
364
4240
2268
388
492
1134
2002
248
7124
2584
956
692
1829858
1272
814
1026
5590
9960
5398
1760
6976
3000
376
252
124624
286
1964
1462
2584
2848
254
2044
936
270
1702
2306
264
6888
1142
319346
518906
2044786
360
145288
6878
814
670
5980
3166
1638
1804
246
501086
1900
3532
2358
256
1218
394
1620
268
3666
262
1756096
5076
1960
4764
388
2242
686
65486
3546
2264
16686
2886
378
258
3598
1396
516426
1294
1554
27636
47918
2012
828034
5570
136106
1916
4708
782
2640
532072
606
386
9386
2674
8762
13004
1614
364
248
226
1818
378
940
648
264
2235706
8904
5046
3264
236
280
256
258
268
1946
2300
1170
1832
848
988640
1974
109804
2560
3422
1942
1059048
7110
2376
680
2196
1534
266
3686
1912
5864
1484
986968
1364
466320
2010
4118
4104
5694
380
4904
835940
500
3084
256
9194
1240
1832
4390
2714
896424
6742
9336
2890
356
4928
3198
600
1022092
698
4994
2526
1492
2086
2596
5006
1950
3950
7112
258
936
68
260
4164
2430
463954
2592
1392
4324
704
402
1616
3686
4324
692
1140
8926
3380
1604
870
1120
200250
252
10678
68
3382
4596
2126
9562
1404
388
427148
818
1574
3616
526
54912
725628
1874
240
292380
4398
3118
3854
11306
3214
9798
648338
2250
256
14906
7404
2036
384
690
541266
5678
238
404
12234
5046
14540
1395320
1631092
7296
1513408
2418
1959382
2516
2714
4568
3104
1700
398570
370
2618
6966
4152
8410
331638
1540
2208
254
1428
3782
68
3312
2930
406
726
1842068
908
1978
2766
11538
2940
4682
264
844
236
3238
8974
493560
3596
557536
1592
156640
2152
1290
3452
1054
250
256
4400
260
1180
702
384
3822
1286
238
384
296
5200
686
1010
35662
1370
4560
2064
278
1348
6006
1676
101202
2174
2710
4384
667084
1394
10608
5198
254
896
262
5200
250
4784
252
4630
1094
1326
4168
256
12968
3078
3282
1990
3474
735864
474
2534
1252
3262
708
2030
3880
3354
256
932
790
576
380
826
506
6578
4504
1630
8436
706
3972
5614
1012
384
5910
246
238
5678
720
2112
1886
5630
916
5864
2424
264
1512
242
1538
1286
39476
4002
4326
672
374
808
2754
1550
327048
554
3116
236
250
2630
3262
2336572
252
752052
1600
246
5732
3770
3914
2764
298674
1388
1256
3034
5144
416
254
7518
246
256
820268
4188
4656
152914
4984
5698
2076
1078
112436
12638
246
796
8032
1772
3160
3588
422834
4526
11968
628
1546
934
6736
2396
4066
1212
3234
3284
270
1089740
4428
264
432196
1244
5106
10276
648
1280
1811206
3024
400
3856
4930
370
2526
670128
388
3836
1452
490
2638
1430
258
70
70
382
5388
2038066
2150
2684
382
2007478
1938
2066
1284
3178
771688
3384
316722
4942
4140
712
1716
6904
2882
3814
3410
3528
270
1100
2794
426164
2896
2376036
804
3442
254
2932
1290160
260
250
252
268364
1772
1416444
1288
7026
368874
826
1289704
1956
293726
2112
2358
1940
4146
1054
372
1146
1065816
410384
232282
2994
308486
1980
366
262
5152
256
1618
3608
246
5488
676
290
248
1480
2892
1670
1998
2766
3090
242
10080
574
3366
172876
4290
6756
3144
3808
4098
5776
2874
4214
944
1352
282
1586
1264
1342
3118
70
5778
772922
10614
2774
7880
7412
1830
4360
246
4402
508
262
2770
7984
10834
3492
1652
7916
932
2746
3794
2530
420
364
262
264
600
1299624
4070
380
11518
3322
248
668
250
260
554
246
1648
254
710
911314
1848
354
250872
8532
564
806
602
5682
485454
2448
370
2444
258
644
5470
556
2922
3282
68
794
7996
1708
4560
53334
356
563388
838
4750
354682
9786
246
1702
116290
237838
264
70
70
70
70
502
815884
1184
3488
3064
583232
680
2202
1472
1470
1382
2000
390
256
2875468
802
502
1812
1130
22832
3378
2726
844
364
10364
42896
2170
68
66
7062
4280
186598
816
8876
898
3436
837022
1061418
541896
3412
2488
125898
4042
4934
1394
4768
1902
2780
3316
250
76890
2368
5236
8948
3664
440878
3882
848
2866
912
5566
344260
1478
6428
228
928
270
1828248
494186
997540
1236
8952
2632
2286
824
6890
690518
2660
3794
8620
262
2512
79376
77984
2342
2570
566506
1596
2492
248
1924
1572
1750
2936488
2734
2528
4356
4140
4996
986848
1186
6264
1588
939724
5066
5424
1408
3508
262
262
2220
2870
4398
2034
1968
2488
256
1272
398
6858
270
32722
2195438
1212
12160
6128
1406
260
2516
248
978
4808
2505054
7016
2624
2888046
244
3772
1532
1018
1331964
1502524
642
2244242
1698
355786
516
78516
1118
359172
3128412
301654
2628
808602
1660
2888
1036
485374
1504
926
368
416
256
818
1492
716
252
252
262
1776
2206
1374
5726
4400
948
169752
2004
980756
4124
850
1061712
256
6020
396152
1370
122494
1265838
1964
254
1499782
2908
9740
388
20390
296
3834
404
264
34164
3172
1750960
1708
1816
272
7190
4432
21624
3604
2758
1878
388
34228
1062
2080
2000
1252
4418
250
1514
490022
2762
7000
796
377188
1930
168946
254
6164
2488
354
1022
244
1284
1164
1064
836308
4736
224
4182
8330
70
382
3074
5286
4466
3456
125018
1508
139878
1356816
1256
9594
1810
1154
820
2602
396730
862
2976
8388
292
2056
518
4258
1640
6012
2142
3052
560
264
3344
553226
1209826
1464
87972
2578
7576
8484
1984
496612
61592
1320568
1030
3012
4252
120382
4842
165378
256
1854
874
708
1614
1384
1728
3186
8262
1388
12158
3730
414
944
8064
2540
2106
8162
179696
3878
1560270
244
1600
4402
2028
7004
1433726
2510
1842
3434
260
250
1422
1476
6112
2158
244
7236
5962
5034
1242
2302
2312
2380
7896
927876
7016
1064
9820
812
5018
959284
2858
1234
5494
5564
3686
4068
1942
2950
2312768
3332
38734
266
2590
1928
1325118
789296
8306
3980
908
272
5004
331774
1714
4390
254
1569916
5526
2934
2100
976
1326
260592
416
14714
922332
236
502
7306
2802
1645150
4416
260
233754
345086
3060
1806
2574
1482
1234
3354
250
1786
242
260
21460
10016
802
2320
906
2318
1422
759984
252
224
4308
4962
1686
3564
424546
11458
11322
1896
1713030
948
504
1116
274
8920
2072
942
3092
420
2164
3454
6288
1040
3044
262
2652
8540
3710
6064
5678
4826
1272
4500
366
842
1826
362
1958
258
2660
342690
2074766
515292
6864
2188648
10418
295468
8450
2194
3042
1872
672
936658
1176
9272
3726
973608
2404
906
3332
376
2038
2500820
2906
877818
262
1764
252
13296
716
1600
3398
98362
3108
4632
6936
2572
9288
327286
570
3582
5056
712
1986
6214
4426
250
3008
1832
1738
1303106
380
1230
1177854
922
1134
3456
1504
31292
378
1314
2889394
296530
14852
288
1298
5380
3560
6566
6476
7336
2066914
237146
223088
4846
467818
9310
980240
1040
2464
424
6112
1312
4342
1712
70
228
4898
580
57378
158724
1266
258
8036
2316
1406
866
1977908
890772
1310
824
7764
272
5630
4834250
6834
4412
1176
2978
10138
2194
2554
4068
3374
5594
300
254
2984
11824
138486
3754562
270
784
5004
634518
5548
1720
6308
1552
374
3594
692758
1452
3706
1266
2756
3092
2266
250
664560
794
252
4264
928
246
2348
268
386
3580
1092
424192
1926
187822
3348
6318
2380
4032
3270
255902
386
1074856
710
3090
4378
8950
1708
8164
2708
6474
246
4086
12016
8950
5976
8766
9916
70
70
8498
4178
1188756
1976
480726
260
3094
443724
1940
4138
533794
248
865214
4234
2902
3202
862286
666
3040
109078
6164
1812
4796
3460
3220
4482
412
308648
1488
6198
956
2060
370
4962
5100
3028
2400
4002
4028
1308024
4368
1292
8798
593742
2834
246
2480
1884
374
712
2380
8850
2022
5124
1118
2548
6778
262
702
1606
674104
70
678
250
1750
556334
2086
3170
4138
708
10466
354
3510
460376
5854
507552
444844
1563908
4960
2972
246
252
8926
5502
5676
1986
4990
8694
2368
13660
914
1139096
335224
234
1258
616
529230
698190
586758
908
686
1282
802
1194
33262
11192
449944
1631992
258
236
1480
710
508
3902
273350
296
2022
684
5822
256
4608
258
4140
1702
3508812
1286
916
1920
2358
264
146328
7114
1398052
4992
114750
2892
4470
2886
366
3668
11526
1336
362
1070
2118
3312
1269384
262
1642
936
4674
2534
940
3760
4336
102516
554668
2820
2058
1088364
3918
889890
4192
262
5934
1466
2420
3796
2448
6070
606
1056
2548
2190
944
4688
132338
491944
7324
3222
942
1766
1016
916
1840
1293580
756040
360
519260
924
368
2346
482
6506
3136
2606
482290
5744
890
250
248
1900
5702
1482
5186
1345748
1158
848
2474
918
5652
1474640
3536
1152
1962
3070
4380
3128
254
244
1546
1578
2188
152936
244
4466
2176
5376
936
10552
5006
232
524838
1320
295892
7466
1786
3950
1027766
800
4234
284832
4804
1706
1268604
378
248
3070
2134
4900
378
2948
258
686
924
303648
1764
2080
3158
2998
1040
3962
1478
272
4388
13202
5400
6104
1870
419852
926
11032
742
70
6758
2825256
754894
1512
1284
77846
2134
389200
1492
2050
962
250
3756
1005860
3898
3686
7158
3466
1083588
3648
339102
3266
815006
252
1394
1867862
5618
979730
4476
166146
1618
1156848
3162
252
3612952
2358
2926
966
3853900
1160622
8378
1144
1166348
3726
2880
1150
7038
5578
4838
958
952890
30328
894752
2890
3728
3898
7232
240
5288
1522
9356
248
296
3332
254
3220
290
2416
2942
202136
274
4938
40128
4028
8366
8778
5022
1348
195880
848666
282
3070
70526
59614
6362
708
9248
7546
297352
244
5072
12294
3230
3484
384
256
964810
3587002
11502
1453506
598
264
2800
814
4228
3160
2064
1968
678
2454
1820
1534
4136
757900
678678
1588
5258
1556
5336
8390
2860
3145030
3244
1840
270
8734
22678
5322
1727466
3829476
3168
130386
3946
92248
184490
1052890
610
3828
4126
413226
248
8260
10796
1862
3611972
5852
9772
3526
1656
1650
1924
7664
271174
5746
44786
209820
3852
1116
458930
2350
1956
1266
384
2928
2008
3318
1730
5208
3862
2612
2660832
4828
1128
915668
784692
244
265584
757828
5664
7494
7074
1258010
3389172
270
330042
1059868
2028
3614
357572
3846
111058
1750
328556
454496
689954
397698
854
696
106674
990528
998
1168524
1044
800
4336
1392
284086
2822
236548
1744
503234
4288
1739790
2920
2406
628664
3702
2096
6482
374
926
260
177542
843152
505782
1214122
3326
588
2976
1216
836286
459554
549416
2518
2168
699284
342672
116634
234332
1272
59450
3578
8354
38018
5662
720
2086
4364
76692
260
204106
3566
1954
1358
1132
3842
924
532284
203018
1306
556
252
2064
679156
3638
2356
438674
2708502
539552
902254
722
317442
950976
541880
3890
4472
2344
4156
905298
2258
238
3572
932
1329850
94158
1278
370914
1060
9630
238
650114
770928
5492
2614
570
725374
3768
2198
4486
252
820
341328
6034
1552
1704946
348000
185512
194780
712
1352
1976
810
566
2460
2812
323360
1424
97316
3976
312218
4746
545188
3362
3090
810288
1076
139514
3185480
634780
795318
729440
903768
268
10766
2068230
283824
783518
6114
91704
464832
53556
3768
1253250
924
1662
238
1124218
568134
539952
1283078
770030
49158
1070048
1836
159892
400488
154746
1005672
576246
1567348
941568
105648
230882
843142
785662
5202
4000
1160
2008
481020
834914
4564
139644
397100
415438
1040720
327170
268334
144334
2086
394
1110782
590544
3734
272
69438
263456
529608
235742
6336
1021332
1088836
6326
249134
512070
620768
631862
1242
77854
1440842
1361636
1046004
2424
108706
4918
671042
863140
1452
1276718
1031732
49216
370666
423222
145366
1340
1222
212452
847554
562
159576
1074600
575618
6724
2084296
384812
2145556
4938
4238
9028
122176
37322
156630
600246
138096
1560982
58732
165396
369172
73428
160336
8666
7036
22682
835464
11134
581374
1744
53298
107190
149116
153044
1280
551596
2722808
1264
598
1290012
162906
279230
186444
804
526900
492
7806
256
828
637880
2356
246
2306
5204
4712
866054
643768
9094
677484
155532
586
1548
3750
476208
87168
262
250
1076
44170
489752
1156
1391524
766676
273448
4544
150974
4152
4370
956
746218
350130
3882
268
246
226
1508474
2628
1231644
2162
262
1092
258
2020
267052
94544
4540
111994
1226876
2826
722
7194
359986
90658
269650
1304
816
360
1478
460420
1152
2188
372
1472806
87866
856600
234358
626010
1710
442668
436588
3173442
470786
1026284
421140
964710
496654
2146
1330
2116
345916
223842
39264
1514474
843398
7058
615962
597862
540566
158034
2716
2504
1268
636124
1144682
991188
1802
243904
1750
3374
2998
521754
1015918
605834
824
505408
5734
248
1412
2366
5986
5154
804
63196
1600
1682
452418
39650
258
242128
1548
199154
66358
661100
266
2888
3272
2164
179032
269128
1736
2206
842
4510
1417034
418442
355292
1479720
2368
1576860
123544
3080
456
2132
185910
892796
415052
2978
5816
1752
315284
679078
700
1758
2540
88678
3150
574
1380
891720
1854
594222
2984314
1942
1472
2304
236552
38610
1688
1212932
4168
1540
173776
4016
2676
447496
274
3656
4146
436
20214
445942
241346
1886
2768
250
748
1047238
1487738
1668672
4664
612550
802442
1172918
647954
1658
704
88346
482
182562
71254
1166888
1090
878352
1354720
36390
1161670
1103950
901556
1488
1868
790436
3354
755858
5458
356
7354
3775556
294654
6802
583420
643260
1436058
938
2492
2256
2074
1964
1156
1311150
1250
1388664
570782
864838
7232
322880
132882
3874
317088
3034
2360
101450
42888
682340
658100
215788
301886
238048
19490
217866
3398
8260
17878
3844
226090
1462
3074
564978
155872
415200
288500
1464180
844
91306
1057906
767860
82
667854
609310
334056
269990
294938
573956
1783488
62178
177734
1002
468570
95146
131500
132584
565048
948
701288
1954
242326
1582620
906
1072770
641280
790824
326948
133624
1413458
3449808
284486
657914
468142
271068
252
2567498
851512
159548
228884
105964
3112
85882
176638
92368
944324
894
2622
215414
1600
962
1688316
708
3094
798598
1638
618564
1036
433162
51086
283570
572
760536
2870
304364
1132222
270222
5666
3538
1272
3124
565018
313182
684
270962
260
3138
6638
7700
366
1264
2074
243498
450040
2082
2802
220956
64804
1034782
684
3342
252
708
276
710
396936
424232
53154
2076
724
2674
203166
251508
2282
1970
592
607676
223528
1026662
3326
1074788
270
2796
617228
2660
718738
1142
2566
901362
109620
153490
694
1846
4218
2586
263700
1670
16518
586
6202
934076
1118
566
284
1505642
826
676516
544684
1545568
279482
290660
250
1870
3416
62156
1114
5352
369768
1868
240628
250208
74382
2026
4586
1912
492
315800
1278
340250
1242
237166
129576
1177612
1440
1420
2628
1215068
1040
842
2218
296534
3480
5594
151142
912
1120
1394
518812
2662
1286
1812
1032
48312
584
2918
3214
527258
2608
808
11262
700040
4304
1482
1178
3216
1074
896342
5650
710
289964
250
223600
1118
1478
129692
79100
414174
113840
631132
37834
2356
270
435324
406600
572378
1078
2476
1385186
1820
259322
506380
1306402
459262
660
252
626958
1584
3864
767266
1814
1049804
61756
3672
1162
710
3404
527788
4720
4242
1350944
545174
1516660
534858
1226202
252272
55344
99934
335294
2874
336752
84
1742
98564
2299036
831406
354034
456348
86036
533208
297754
1738
3504300
381000
6358
246650
596960
478306
145276
254684
343528
71942
3094924
916
4056488
3254
358
1900864
272448
290718
660886
316378
386
759004
558280
3596298
317906
28862
604
276
280162
2628
1504
272190
37708
854222
66874
1902
721690
262
1284
97524
5530
1712514
2450
1108
282090
7596
737460
700
1638094
1528
846
21340
1100
3444
594174
690
948
162402
309802
1534
3018
392
904
440060
319030
3614
1880
793624
1170
2446
88264
4350
356784
5512
5018
1208
4414
1883118
55856
1614
946
657024
4730
60452
1810
3270
525562
4478
449044
509044
516254
22472
1484244
646598
187944
24612
1408222
1161474
484308
726546
954486
9120
57488
732
4824
1135498
496278
324264
154244
704
818060
3292
918
245688
4288
1358670
1298
706828
16848
1238
1510
108372
95816
5430
1052566
1379436
397084
1669024
780
229632
3670
1408556
604716
399388
173624
58390
115858
96914
559354
1066
137820
786758
387322
690
1398
44604
445994
845714
325900
313970
1708
1264
409938
984630
257084
70084
64704
399692
349338
792954
429322
5986
41994
1975014
1490946
202976
139068
2524
221774
525624
2346572
1128750
19626
6676
1812
3578
679074
146442
698
623170
418946
236904
802382
2345222
285988
324618
146306
195870
3192
206618
114938
1949538
1781798
84
321464
60408
186640
700004
1869664
386
584
810
4210
133408
120758
3292
455278
206874
576578
29938
930
254872
800
1726
172824
380
