ff:0:0:0:0:0:0:0:0:0:0:0:0:0:0:0: (total 8)
0 1 Thread 0 going to cpu 0
2 Thread 1 going to cpu 1
3 Thread 2 going to cpu 2
going to barrier (cpu 0)
going to barrier (cpu 1)
going to barrier (cpu 2)
4 Thread 3 going to cpu 3
5 going to barrier (cpu 3)
Thread 4 going to cpu 4
going to barrier (cpu 4)
6 Thread 5 going to cpu 5
going to barrier (cpu 5)
7 Thread 6 going to cpu 6
going to barrier (cpu 6)
Thread 7 going to cpu 7

cpu 8 cur 8
STARTING...
going to barrier (cpu 7)
STOPPING...
Duration      : 10000 (ms)
Acquisitions  : 5317462
108874
1380
2070
1480
1532
57670
272
4036
5924
1390
1786
672
27562
254
354614
926
3858
2534
2898
81550
1822
185288
1442
240
1412
147772
246582
1258
292750
4194
770
2928
6962
1466
200798
882
146906
3418
836
3114
256
236
234
2154
1806
517450
1950
256
1254
1954
242
1114
264
2796
670
274
5300
4290
236
233756
2706
914
1676
662
106662
9432
1530
71060
2884
4292
252
233804
172386
4398
723644
230
838
4860
272
3706
2634
298442
2282
213640
3112
5836
1778
256
2118
252
1196
1572
254
2084
3088
182046
4266
800
252
937808
57052
47600
1520
250
33672
9106
6680
258
172686
30278
27366
70
270
1108
992
1344
152252
242
1880
172144
357110
3214
260
10516
2654
138470
1806
5152
1736
790
1886
22572
556
2024
211970
1140
1984
1380
18234
2134
1664
3108
660
209228
2598
332508
688
548
244
1266
570
13522
258
39522
3636
248
232
268
260
1552
2838
682
892
5356
266
77958
1342
245816
1716
652
1668
4780
63026
2492
200326
157372
1592
910
4464
124246
2820
3092
284
940
3298
8892
161218
3120
1992
224
1346
3514
2256
143564
1938
166466
2820
34244
256
1996
4314
297986
332894
792
1440
3228
55260
914
6774
173730
258
2484
704
244
629000
1620
1308
1836
2120
68
68
226268
904
1878
820
2550
1900
896
1982
1876
288
656
4760
5802
1696
794
1244
47160
1370
1066
912
51760
2578
2868
910
1946
2416
147960
56784
221110
3554
87782
1124
1340
66
536
798
249368
3430
256
254
2304
288
91192
1264
1126
256
908
1358
1176
1282
260
236
654
3516
1242
1088
2550
4958
978918
5160
102226
2050
1498
140956
376464
262
1214
63720
190486
1170
252
1330
244
277938
6274
2058
1624
222538
1580
1038
4820
1020
284
258
61212
1964
1492
898
1084
1396
804
904
6460
256
1798
3668
1508
1616
6592
3442
88894
1254
1608
2886
4164
2046
932
1714
15202
682
1306
250
1680
3378
784
2148
892
2090
1566
1402
537514
386686
68
3692
1610
2420
900
2412
554
104832
1354
147282
256
4270
83032
204256
1096
2612
3366
2742
51466
5034
1020
1726
152714
2690
676
2660
1466
151006
2970
2920
4342
17698
2042
4634
4488
6144
3144
1266
114246
1812
30380
2576
2302
1470
2352
760
692
2512
220510
1006
1278
3146
2816
2742
3396
33568
4172
2422
1956
1678
802764
2714
880
7704
254
3294
2848
1992
256
2214
1344
676
446680
3864
120926
252
3970
2428
3218
2426
238
2438
2644
246
700
1016
235736
4136
898
1672
2130
242
7702
1258
244
902
604760
252
323544
868
1910
3178
121000
735294
1624
2814
262592
6586
335516
2712
4418
96420
1890
4266
6990
47856
1748
2654
252
1294
1836
5074
264
164160
556
1602
6514
193150
3550
824
250
1756
1116
170390
2416
656
1428
3084
260
686
3226
286
228
2716
1164
782
284
297280
4346
1016
816
1458
262
3054
1192
3520
2424
1176
5114
95708
882
1594
13108
270
938
118346
932
248
1620
36220
1638
2308
1254
7410
678
710
272
922
219020
262
258
4602
1688
800
1232
1532
776
1582
1444
2986
383634
2748
806
377500
68
1692
578
1556
3092
2034
1020
258
1026
26162
244
1600
1512
264
3470
732218
682
784
3620
7338
1130
168116
2632
2340
3228
22016
32946
696
3254
3180
655656
204062
1142
1418
1286
695590
1514
433434
1538
1226
3122
109834
1142
1015130
15808
66
68
1708
3418
1360
117178
1476
65490
2228
1034
1612
3448
5268
544
1698
262
1834
240
2224
562
25960
1344
882
2564
4394
5532
272
3238
1712
482984
1526
4756
254
1222
1144
51338
704
772
5738
2158
900
6480
244
818
1468
4820
536198
462660
623312
1382
986
1286
19900
818
4472
240
1276
888
1168
1338
1632
1246
1462
3478
66
68
994
123444
7738
3260
52220
4942
2638
40774
3446
5456
1424
1672
998
3872
3020
5740
1266
258
816
2052
2682
1856
246
5936
274
1008
1110
63234
920
770
17052
250
250
1350
1456
788
1484
256
3146
780
2830
181078
1120
1324
2836
342032
1542
254
256
13058
3666
244
4632
1908
1242
254
668208
9248
1032
6004
1342
682
39382
266
904
258
14804
9578
4968
924
1346
350806
250
1178
1018
1282
311046
1460
1450
235444
1910
2596
250
258
256
1282
1466
5172
2338
58556
1142
244378
250
4328
7236
1274
509464
1646
174766
1236
125940
5320
3098
4714
3064
2012
1748
936
4860
258
1796
2862
260
250
996
7096
1948
2094
1390
3638
556
792
2980
5168
103914
306604
258208
3894
1668
4254
2512
515512
4134
1806
572
2098
5544
149606
254
536
1166
3176
3040
1258
276264
348618
3486
3452
1618
1044
666
286
6978
2904
116644
51916
264
366292
4240
236
2852
786
4912
1976
666
435600
690
234
25558
1236
481570
2220
2478
1458
260
1016
2486
248
1654
241064
2434
134428
266
242
256
404614
68
3824
246
1782
2850
238
1326
4938
291220
1046
91648
1482
250
764
1036
2826
790
790
45666
264
3236
1264
2500
1952
1168
268
3802
6414
6678
4300
3296
3690
2678
290920
4280
1678
254
4750
1520
3410
266
4788
272
244
1474
1256
2062
1682
1340
5386
3258
5040
1810
1874
1820
28548
2528
4626
66
202674
7418
1010
3578
1310
258
7896
6972
1366
2556
1662
272
1182
1008
7276
2842
17898
6672
2016
68
199664
250
258
3810
260
40594
4518
2322
1858
1800
2822
1238
262
4374
4350
1610
3426
994
2936
250
642
1122
1390
256
258
266748
234
256
44900
678
280
1566
1396
63140
1278
1400
2690
1592
5080
1766
3598
1652
2908
393268
1118
3944
1592
4234
2266
245792
1342
256
2548
1394
1264
1518
3898
68
266
65682
347196
1654
716
260
1398
3028
996356
2496
2380
162292
1624
2112
630340
652232
73636
794
1668
698052
430146
2938
816
1216
1980
45170
820
3766
232484
820072
58144
3420
2670
2004
60932
3442
256
1798
2140
274
7078
1372
790
2216
3516
3470
2426
124646
40904
268
652
80
325274
2878
1458
48176
266
86362
3358
361378
43726
838
1778
23248
796
3970
407514
2264
61246
250
2574
256
694
37020
1788
1156
236
2444
808
2356
80552
1176
3190
4416
4700
918
260
1494
227712
1954
894
260
1534
1982
322898
3796
1428
101556
294218
120318
1310
1114
267774
960
1706
688
254
2516
1838
2994
481350
15498
3314
910
136290
298022
4232
2322
3848
266
184742
2222
115810
5704
360152
53012
2134
2146
75890
260
3882
924
1782
50118
1138
1910
19152
1922
8530
8136
110626
2198
3670
258
1332
256978
244
135916
700
29460
39804
3810
1478
577774
503488
266
2764
242
4138
79416
252
1176
234
26966
9250
2624
1340
536056
274
838
4536
2180
139184
11526
262
784
706
58282
474390
1662
702
792
826
1744
1900
5632
79136
298608
244
233554
686
768
299740
1950
3100
1350
258
2434
1518
401940
1426
399148
3482
256
2044
252
1464
2490
2784
73802
1148
4140
1141400
224
574
228
250
766
7942
2272
1338
2056
794
246
1466
323666
220
1124
4132
3058
105312
1474
252
256
40570
9162
1154
248
1970
659186
235334
68
4240
146686
252
4190
3266
76
1482
167436
34786
4120
1800
19494
7628
315850
3042
2798
2964
133202
3464
2050
2930
2824
6412
173070
2532
1014
238
22856
213772
1608
2632
5236
20830
1458
4552
55432
2556
332822
18790
128614
692
13696
1852
123936
932
21004
2194
390422
240
76
203384
4662
1244
2374
5236
3630
916
2110
666
186402
784406
1692
540
1660
1888
279654
1834
1202
4076
1708
714
4812
1422
50648
1256
190252
415412
260
274
236
572
4764
574
1656
5914
2470
250
820606
94710
2402
1793346
3272
2034
17938
1572
236
590302
72846
19550
74484
20334
710
888
2890
560
1032
88424
29154
6958
469888
220
690
2968
223594
1326
264
11096
4358
2000
3574
40470
1012
50816
607334
4402
1920
242
1944
2430
3748
52428
678
252
3208
254
619688
294118
1806
3784
778
2478
3270
308718
68
3612
250
12826
1324
880
782
164034
238
1130
1010
3012
31432
2114
688
10698
2444
6468
790
72224
53410
105348
784
236
1810
31094
225286
1444
158648
2166
812
6306
20358
39698
635806
1990
2700
1766
1382
1270
1902
2266
100050
417238
2434
792
1856
80158
67062
35980
33986
1940
2120
78488
1866
158936
159682
252
2084
262
236
2334
1902
4354
248
4994
2642
422896
503154
254
57218
212368
242
1194
708
846
1468
275342
4604
105334
3198
1912
245948
566
188156
291384
5322
260
248
10928
688
250
191738
2656
2480
235788
51322
53680
248
908
252
2640
5744
242
178876
1460
2404
244
1578
3302
2010
1672
1500
1452
4476
238116
1806
790
1346
692
6232
1650
810
1636
1038
246
1600
678
2776
1126
97002
1260
5564
1036
235978
244
1552
1336
2024
29130
2818
4656
256
2016
2358
688
1470
248
254
222
2566
458488
90014
83728
22824
4066
1338
69532
31626
816
104608
2334
3836
244
28294
601842
2494
2288
3024
2050
2984
103454
1252
2622
778950
256
256
4694
40998
254
69030
566
3984
65960
20062
2790
604116
2552
802
501864
2492
2198
223702
189730
256
51242
1546
320466
246
1132
2078
250
5558
1580
245008
58888
2816
2246
98682
443750
2088
5332
1136
1004
276
190016
1388
900
388408
344576
668
72266
262
248
1456
1258
318626
49606
1716
2816
2788
24496
236442
304934
84982
1808
238
21440
6716
68
838
248
1464
1188432
668
1560
331812
1118
2258
5832
1116
680
1796
3964
1608
832
800
275560
3454
333390
2758
250
69270
2880
35796
276
5590
688
1718
27630
2944
270
244
250
794
256
3094
24484
6024
1518
1242
690
1754
68
244
233852
54706
1472
1252
4110
377766
3818
1642
23352
252
258
990
68828
305682
61162
562
3256
8542
254
92438
1004
796
2046
1242
87372
1490
52486
301538
1834
684
672
678
107264
212386
1840
2058
353936
2550
450490
1048
3732
1100
1948
708
2744
68
146554
530224
1154
1590
266
1324
3798
3632
24978
1038
2448
111036
48792
50408
1236
1130
326040
248
35312
129142
48338
256
68436
402320
94314
2324
1034
3386
1906
700
184940
2168
268
5472
6190
1338
66
268140
1630
201108
207424
748698
570
3232
68
354142
31394
248
1128
1672
237654
3254
1012
7290
500750
1322
706
1804
242
240
4234
710
3560
264
1290
299252
900
2894
1090798
1486
1132
1352
236
988
101664
828
20186
1760
1352
41462
2936
3316
904
2924
230
1818
1254
270
109936
157880
1358
1970
1890
244
906
208490
8966
3626
2286
266698
236
272
1476
254
312806
72516
1688
702
3166
816
240
3242
1656
183004
99232
2108
187386
56514
2584
2298
7480
3434
254
1450
1518
8376
784
4284
3234
250
151426
1174
1862
23896
274
264
2132
802
230112
2408
569174
2218
1614
782
121542
870
50502
1926
1032
3080
692
2372
9032
5662
708
2288
428210
3066
66
244
252
11078
1266
3712
256
300644
475438
3914
4118
264
56708
242
3802
1558
248
2468
2306
1014
131836
2142
264
248
256672
1028
136360
577450
4670
230
4736
161212
1018
220724
2588
2238
335072
1032
998
249452
3530
66
3178
5318
682
250
1172
808
12416
2768
802
6268
674
1152
1522
10040
556
2704
1958
356484
3410
2986
270
1124
13770
27016
733318
818
4488
1444
258278
1008
1670
1354
246
950
1630
278
235378
2020562
2056
1044
3280
118290
5320
1256
107316
141170
706
242
3968
7146
2034
928
27890
686
254
4878
240
383542
1116
1730
1114
248
217298
2178
2716
152056
244
254
254
246
52154
262
1612
3008
1728
68
3040
796
2234
176656
182958
760718
2824
1950
1020
1852
409362
487400
39576
5742
1330
236
2052
2374
2198
58878
5420
3446
2016
3070
288
238
14314
242
8016
1368
2436
700
2540
1018
272
818
232078
894
250
1258
20168
244
1452
113450
108006
2878
7930
3024
4986
287104
1452
308534
236
897630
68
952808
3592
1120
254
1012
266
1502
242
3774
256
1736
5266
1254
710
5274
95794
230072
918
297994
680
10334
2698
692
250
2348
1006
1788
682
2440
1046
282
2440
942
44836
814
262
3704
672
2750
4884
3156
266
2448
242
1822
828
26526
21722
621882
270
4532
32956
3124
69858
130832
529484
1382
3110
1238
178566
7170
436684
1326
1896
810
4240
33266
662
256
2696
140208
570
228
242
157838
3718
5034
5736
278
2666
5178
244
1106
2478
4092
1152
1674
246
4604
4492
1710
796
1414
258
11368
704
1142
119766
4888
682
250
2310
68
2392
814564
2584
2472
932
17254
804
248
930
790
2796
3516
1936
262
268
258
790
58380
2512
2592
677132
1108
696
24608
668
375966
131484
181588
236
682
3642
1456
3274
3488
1240
144526
2876
3052
7826
2376
256
634094
252260
670
252
428922
2040
3226
256
1788
242
7102
29200
260
258
5792
7376
1680
276
2184
168536
254
1302
237912
5370
332328
246
3650
601240
1664
96914
3626
82100
2136
259624
1112
2278
722
692
684
264
1576
260
486600
1950
2196
3994
2878
6756
2066
1988
125318
1462
310228
242
61964
173560
445618
1842
1846
3266
1696
256
1672
908
3020
200636
2020
3302
73928
9176
1124
321424
660
254
145862
782
181112
1928
3242
2852
1860
1830
254
656
3186
85030
1356
262
55422
3072
68
68
4260
167328
238242
2020
348718
946
600960
7852
1510
1644
1870
252
788
800
262
2078
2630
1306
2736
996
796
68
260
6428
22674
712
98978
128332
262
1536
794
278
170646
1594
4892
183276
3964
110210
234658
680
42766
1308
3096
4016
121360
81800
2808
2198
1494
3042
8640
395580
272
1276
570
2832
989048
3848
379992
1904
38346
832
986
1456
912
670
12300
122854
4616
1972
246
3828
8128
656
664
154112
2716
4812
3634
264
1396
221082
336918
83964
1344
3454
447824
131360
1372
2274
904
1216
1176
1870
838
3214
88902
244
280
544
668
487940
2848
1600
2092
272046
4516
167976
98904
143968
1220
674
2484
2552
449252
868
254
1720
2260
201052
1384
1648
256
1916
3192
4670
7594
1336
221366
721238
798
1920
1008
2142
19666
1134
2158
17300
1914
1006
258
788
666
1340
415900
124698
56498
37530
1852
3808
1572
1576
85926
2102
680
1122
2102
228
240
972
1384
2316
264
87374
2114
3570
6258
59546
2314
158676
996
484646
2594
2302
318362
900
903720
1162
1290
2560
1040
4446
1602
285896
1048
872
282
3432
4554
2030
254
2944
1046
313700
1230
11570
105424
790
2062
88662
1576
1938
688
4004
1992
796
8094
1932
7624
3080
3092
274
3522
320786
1288
4850
262
4898
429138
790
2352
449444
258
4610
262
798
674
2156
1282
3232
1018
2924
2982
107462
2626
1706
258
235486
1258
678
256
1522
5244
3400
248
2768
252
231916
920
2140
1554
2648
6334
234
280
1238
4682
1486
1698
3476
1316
1504
252
678
3656
10766
1730
389502
7196
109522
5876
76336
6018
4322
6094
1262
2608
1776
1004
2630
1318
1110
1260
4348
244
3324
1478
1044
3482
1152
101278
61564
256
5332
262
5192
2142
256
406574
3392
1832
808
6536
244
2670
102520
1266
1474
3596
141638
666
1832
5450
898
1742
72056
8460
1024
668
106656
548
53980
2224
175236
794
828950
1752
2838
1398
2406
654
2362
58536
798
5094
1540
2350
244
36362
1028
1188
2020
2572
2580
1266
3044
564
904
45830
69188
173068
484680
2322
17956
1766
3270
244
2454
720
173774
260
710
60182
2868
986
262524
339708
5242
248994
189308
3430
73768
1006
242
798
8188
2306
15978
814
2502
276
1748
1058
1154
248
246
256
776742
577848
8488
688
256
4874
788
2228
616848
2892
2924
20120
246
1328
119682
2802
69738
1998
240
5820
2786
250
5548
1544
1258
1662
654
3880
1210
1528
268
708
1384
2908
2894
1132
1070
1384
1466
874
2440
1688
139884
794
2974
872
256
3572
449734
4706
8030
1342
3792
964
2518
545624
238
276
2832
3348
11480
2330
1118
253024
2326
238
45136
6812
1482
1398
68
66
81036
1240
1914
2662
4686
3612
2690
674
1276
274
552
582
158584
9862
1926
1738
12186
3670
1138
25642
294456
246
2082
3346
256
240
1497402
2284
3762
312882
244
1316
2110
1660
459580
1172
50250
78316
236444
1944
2410
2058
3504
246
2288
212934
234
1466
1474
90248
235122
10758
4144
3858
41470
252
1234
77930
3538
1778
82174
258
59636
2348
2384
2636
255944
246
150092
1878
3348
1448
918
280
85964
364258
1018
276
3170
800
1940
1344
3712
1466
1118
1684
4192
32318
2468
1724
717408
4580
912
154118
6246
1862
1114
28616
8978
3368
290
664
2078
4016
244
4606
1718
676
297838
2734
260
549628
940
4826
726252
3178
256
5040
1014
2814
1106
570
2280
200796
1208
1668
2680
57146
60062
1266
570
1058
794
1148
242
272
1114
3732
270
1008
347954
254
904
796
790
3468
617980
1040
3796
2188
2622
2218
185826
20486
1066
1564
1384
3588
3504
2730
2212
912
2154
792
358122
9144
3828
248
826
481772
264
258
2680
1856
1060202
2490
926
3050
3264
33172
2944
3826
1114
2266
74596
260
1590
1766
5898
220
1566
4354
166426
3746
5790
2774
244784
3504
942
5858
7310
3474
3246
1800
4126
248
5090
674
1256
256
1210
824
254
6492
682
250
4018
258
620428
256
256
256
3456
573982
898
1028
252
2386
256
289484
725246
253504
47790
1720
1586
5506
774
1898
2894
72412
254
272
36434
3948
6974
8004
553436
353576
1618
2030
340648
2690
914
120506
244
1490
22390
156122
1978
4340
70626
262
2348
5588
674
3916
258
4564
3444
5884
240
511644
5186
328986
3316
698
6464
2276
332502
2468
1026
131224
1250
4848
45978
254
3646
252
88800
248
242
2694
1708
11086
270
68198
68
3156
920
1706
442404
114238
252266
258
7002
1336
3578
1468
246
165796
159130
106356
79140
262
5570
258
75820
1280
233200
44414
282
119060
2288
72996
248
254
184262
3226
928
674
1514
5610
700464
266
223876
242
276
202716
709042
611046
244
1392
2138
134126
1816
698
5192
175390
512322
246
2402
670
2120
7606
682
85350
238
1958
333928
680
276
4256
1592
242
588
253866
940
1804
570
1348
310758
51030
692
1780
3726
954
1680
552
666
29666
3438
278
3550
1198
1200
11006
1532
570
1776
3062
2692
297720
570
248840
3816
852
4958
256
68
4270
39312
2510
250
8546
3434
538
1978
1768
2822
1612
688
826
36338
784
696
1774
487516
726
560
838
24220
928
258124
2174
1876
572
556
4160
242
706
3180
256
940
2766
1332
686
1616
2796
846
1038
3602
1818
834
262
246
1190
932
4966
1048
236
832
708
68382
4168
37788
2248
256
806
814
3364
858
222
1586
2110
928
3248
65066
49322
1822
2042
256
23786
244
258
682
3844
936
268
238
658
252
1048
830
6474
684
568
264
3116
1878
90388
2230
6108
572
2114
1520
68402
249636
2036
1480
712
1100
562
3234
568
1806
5062
702
1584
3380
1348
92010
3264
1358
244366
1554
1750
1388
4090
4320
946
5798
4158
568
548
15336
1264
1052
109954
694
244
252
576
934
1344
672
1638
1740
3458
540
231556
246
1404
1578
2068
792
282
248
1798
105490
3136
68
1118
2194
948
1622
3518
1036
246
750
784
1948
574
2562
220142
682
2276
668
1152
1212
2292
1970
1916
824
754
100632
1486
780
1176
4412
1040
1886
674
1066
1488
950
254
291942
794
1362
256
20088
256
1376
572
992
1114
2428
2902
244
99976
45234
6786
256
266
676
120842
570
1616
1028
2542
806
240
1558
1472
716
1130
1002
2254
68
246
254
296
12000
1396
1562
672
40230
6314
2682
190636
11328
1514
3892
690
888
3018
698
550
2806
276
57862
1226
924
116812
2044
18812
86842
1050
227802
1044
544
694
1142
670
4146
1572
1814
4338
1046
3316
1958
668
828
12552
1944
254
2398
252
1560
209740
814
196214
246
37398
2082
1124
2550
2150
236
248
904
5246
1802
3506
1250
682
1406
3086
656
894
540
40876
1890
710
3804
139646
50150
818
2792
2504
87514
1732
1676
1344
706
224
1466
1842
646
2452
830
1686
1424
954
171558
88114
1678
670
1352
1370
1574
2438
564
59292
1746
3648
952
684
465754
256
45452
256
1824
240
1490
1502
912
3104
214740
1382
580
125258
107976
250
1254
3960
1074
796
1928
2154
1358
12102
1808
3434
788
254
1726
2266
286946
78424
99020
1248
540
2760
3312
163484
270344
2960
704
2728
33352
578
722
250
838
2042
564274
902
1324
1116
706
2210
464248
1136
1108
1006
566
904
222386
558
142776
223358
2440
972
1806
1580
1534
696
922
3872
794
3226
1298
1612
1210
24218
680
834
3004
2534
131224
566
1546
708
1918
236
123084
806
2114
139050
1614
1210
1368
756
924
1116
572
244
902
102418
1204
117546
23810
54490
242
778
690
994
1224
9096
972
3562
572
2264
254
72
70
70
68
68
68
68
68
68
68
68
548
1384
1370
780
848
544
550
3262
784
678
254
876
808
3878
562
254
258
808
1412
3246
1686
244
572
40562
956
244
546
710
3032
830
998
274
3588
2496
135494
3848
154960
2070
564
1230
776
3684
782
1826
1362
256
8770
225242
4418
2160
568
1198
826
260
3632
1452
1732
2448
160276
556
560
2492
922
832
2898
246
62134
2694
838
3350
910
23444
2140
774
2040
1128
1128
678
1474
31962
176258
658
896
1298
570
1372
1256
580
2416
554
664
696
6640
1840
1910
30178
650
308152
1518
242
226002
2682
544
892
1826
2056
2484
1638
674
938
205682
109116
3956
284
8196
137884
668
246
3074
1442
1972
232
686
570
1604
2010
800
700
332226
658
2274
796
68752
3832
36800
4268
232
1246
1692
1166
4324
534
254
11506
5006
263904
592
1772
1154
41868
1810
788
6304
1910
830
2918
844
42002
1690
1376
726
2092
108066
2280
830
11664
680
9066
3056
230406
1774
125750
261908
836
3364
29310
250
1668
1552
3182
641050
898
1218
3074
686
1134
264
148060
1988
1826
242
2384
1406
10762
55138
824
35758
55584
680
4548
2516
1178
258
848
794
768
1138
3816
1134
1566
538
282
1830
1168
1042
1904
1876
804
1336
2658
149904
20132
1452
654
1006
802
170946
2838
926
258874
1420
1032
918
702
5870
1298
1462
670
3450
250
820
1024
284
6590
716
82172
282
1056
4750
230008
888
706
1024
1410
71000
1430
1592
990
1268
566
2276
2650
572
902
3098
24036
3978
238
784
1370
1016
2752
221646
70908
670
242
23742
1346
1712
3024
78466
666
5114
1264
548
48480
2586
576
712
72984
240
1792
10650
58276
27462
262
670
2572
1120
11736
240
1916
14000
1152
784
7716
564
926
5780
1764
2140
244
2194
42264
1788
572
926
2030
74322
532
2858
4886
654
910
99020
1154
6836
778
1446
816
546
5212
190968
1348
70620
264
570
924
2316
774
55562
13476
2560
3262
276
2490
3516
1676
270
1544
1914
8614
113826
3590
1004
79990
658
2534
1098
936
2470
74
3764
2240
1238
252
1040
41924
3048
2272
556
698
108318
153638
5170
2842
796
2282
1414
562
1876
944
2050
674
928
658
1486
682
67640
4960
1490
1458
676
702
71338
455122
242
567750
680
720
828
834
1112
3618
550
2152
1244
1964
1366
2814
998
2846
58492
236
236
1588
7436
1550
9762
1448
544
274
662
1470
686
3714
2364
672
722
1880
2978
708
568
30270
1160
311408
4016
1252
1726
1290
546
682
1922
70
68
68
86
512
1234
1392
2312
186914
268
240
6522
1190
826
1376
3410
2426
242
240
802
556
2578
546
244
912
1298
8450
2662
676
686
538
1472
116116
794
78656
198450
1848
696
61158
1000
2834
236
1384
1190
1102
158066
2682
1714
264
688
1442
694
1392
207702
3422
1142
688
1928
3542
8060
688
670
708
30360
260
2842
4134
298878
1220
8758
966
1226
2882
2652
4160
2356
1484
670
284994
680
2158
5468
836
560
151324
5528
113430
340580
1872
538864
279202
1193230
135160
173904
4592
282578
272
2614
1478
17796
2720
66
86074
1800
265534
944
3744
812
38358
1510
73118
126084
16902
48604
49332
15824
11794
4662
912
3938
792
878
621660
8532
274
1798
308236
3304
2376
93152
6326
129940
3392
3806
5010
1898
1486
4824
1340
260
2344
3180
16558
1124
290
1474
288
5780
254
264
3610
5684
1918
1344
4230
2576
1122
674
264
1884
68
248
218964
260
2022
1258
708
1668
254
401502
60476
996
52502
98856
56934
2466
3992
11192
4252
2550
2220
2966
1560
4622
4774
582
1284
11894
1754
776
774
66
68
2666
1826
1910
4312
2910
1208
1014
6322
2804
248
331338
164698
734
513880
295606
666
256
2360
2172
2788
2494
6010
2914
13896
2022
286
288
174208
556264
6470
880676
1062
834
662
83602
6474
1238
7586
5370
270
1810
4524
96052
266
2910
193674
1468
4450
2690
896
1810
177390
1190
4530
2608
104228
268
199058
66
1782
2168
1534
3624
228682
1982
780
157198
3140
1466
2556
3086
248820
2244
2292
244
256
538
254
898
453546
201028
2470
774
3392
1558
2248
1784
176168
950
3478
4650
171144
4748
779756
2914
87218
49972
171238
2754
492312
174872
1878
511184
66
3428
389542
1106
678
252
68
68
2640
1992
4900
1320
1878
1486
2076
180146
3436
7776
2776
808
5684
1564
3864
2356
8132
1238
5896
1146
298106
736280
1256
262
240
156884
906
776
4764
2068
5918
3188
2744
2388
1864
1118
1168
1864
94956
236
2582
2570
1372
1133138
2058
4400
1032
1178
1474
3904
5398
10758
82836
284
140436
658
2948
254
560
3920
1626
3144
3806
178762
250
242
3894
244
1496
68
349852
199938
816
770
784
2464
3448
66
1918
20416
4640
3446
72758
24318
123434
3728
1246
4918
1108
984
1858
201382
4986
256
74282
820
304006
343170
17060
24072
2044
3658
1124
626896
40614
5784
920
692
1600
1656
13690
7002
40024
2160
1574
4476
3538
6168
286254
2866
1264
44832
600976
4078
250
994
2058
26452
1130
221006
784
3066
1172
30082
240
1210
1804
212484
1808
274140
578244
68
984
298254
3782
4614
1042
2216
11680
2050
1682
3184
246
1934
4160
692
252
1598
4660
710810
226252
1332
2944
1134
258
1238
2484
113538
1176
254
2370
2134
7924
1696
662
22946
5522
1524
3896
254
2276
248
168290
4276
3522
240
4356
260
65940
2416
227706
3834
232
1532
1248
232
1466
1614
127340
228
7486
177710
2658
381418
161644
680
5266
5884
10998
570922
1004
5316
68
1592
922
5648
3682
1610
2628
2120
29050
68
854
4688
2018
122342
144934
256
5270
2304
832
1676
6432
258
1258
248
8492
1058
254
81500
2084
1394
1942
896
19584
3190
288
2086
75334
3398
4124
784
124194
234
4466
212310
676
1982
272
892
1416
2218
2212
6476
11718
493588
3200
2518
694
672
250
4368
3076
2682
147130
1020
76892
268
264434
4340
4400
114122
1202
1394
2534
3930
2344
65060
1796
6548
177534
4808
578
234
4490
262
936
254
4504
256
662
304
1596
796
857014
226240
115294
309956
702
796
2482
4638
2334
794
1236168
7574
231874
582
2276
2438
68
68
244
6230
292398
1010
1262
1574
3442
3304
24512
2376
76300
2274
254
1034
2068
6470
366374
1022
225036
1672
68
258
99504
1674
2908
517328
1258
254
1198
1692
3592
2772
468436
5786
2788
4756
1594
90366
147256
793418
1140
4510
280
6678
256
914
2252
61152
269856
2390
240
904
6090
358050
270
562
1314
1830
96734
55432
446814
238860
2242
1024
1924
678
798
284
4056
1808
172162
2926
4352
2468
262
672
1212
4374
282
202488
568
2434
2576
2170
483032
28000
1952
5154
4698
1154
2772
148750
2566
585614
226
2826
780
290
1694
1370
254
3884
1308
130112
4384
1804
1842
570
3496
26822
1172
670
1252
1282
204736
2714
57142
66
778
3942
1270
2276
5046
53060
1104
4694
994
250
3876
1032
1432
2690
1350
205058
601582
4028
103414
5594
1852
36370
1396
3406
1154
7998
3600
240
2018
246
1006
52820
288
794
117680
576
1208
2020
1394
3556
2392
1444
1832
644
1160
1605904
258
203306
2758
4218
66
1030
3194
60014
2252
254
1288
252
3606
264
256
3160
258
1022
3270
8116
2592
266
682
260
5044
260
252
800
14188
264
5834
50772
254
2902
1992
2952
770
254
1956
1096
2130
3982
3104
1806
1120
2976
4414
9812
217598
2198
68
3040
4366
902
18222
68500
3204
3424
2464
15322
1716
28106
150082
1468
6414
254
247022
712
236
2772
107472
288
134350
2618
3062
808
1428
4354
1276
250
2742
4468
264
1970
286
56410
2296
3494
1008
1044
151102
666
29834
3318
68
11870
702
4338
7794
66
66
437592
44590
656
20974
926
4836
315252
4330
89530
2066
2032
1466
1604
250
2020
2960
252
27414
3462
602
242
1534
1082
3480
2190
4168
2376
2360
1526
1438
199840
1038
74788
5080
138860
274
13080
3908
3528
2890
548
1130
313784
328318
2424
35392
1384
4268
7600
4112
2990
790
197238
646228
894
270
1416
32828
1030
381576
548
6918
1694
260
1896
1672
1532
33800
2514
1814
238188
2404
1214
523638
2628
281216
252
2984
841388
1468
5902
4014
8694
109690
2396
13450
1804
487836
7540
11670
1470
2116
2418
6370
1838
2872
2644
2902
41924
820
42328
282
60140
4144
2862
24004
2914
6040
1056
229822
3672
286184
3240
252
18606
102750
145800
2070
1418
64440
232
3994
674
922
44742
2030
127146
7348
312132
3590
6136
3410
386022
138136
92538
288
1104
1458
14436
3870
2924
246
258
5914
7700
2656
3316
2454
68
17412
3180
65130
142756
65006
1018
66
5980
2202
286
321890
2972
1040
122732
248
5000
88570
142888
68
2240
197214
47482
1476
5464
443100
654
2314
270
3524
2184
876998
1798
256
73976
66952
970
2362
796
3792
3316
306
1766
179900
256
2632
774
288
5676
591786
4506
1578
4914
282
316540
104784
1572
1582
696354
2424
521986
60216
261234
252
90856
6666
54912
93330
1490
2908
1256
1930
77326
850
657728
1162
10052
2010
2738
1018
1356
4086
4710
260
3132
10722
425172
980
3448
788
244
698
788
263778
874
2102
431034
252
1054
730
820
700
1014
3968
56832
1144
3532
1780
3612
9736
138580
250
684
1578
12948
253150
287916
2376
2184
1730
684
926
355774
1602
1870
3126
706
1668
286
214360
2454
250
3548
564
244
946
904
1336
147018
4562
250
15796
664
284
402224
2340
6986
252
1128
1342
1446
256
1232
4948
1018
1458
1448
1660
3714
2606
72190
268
4026
73080
268
453200
1020
5046
3934
8298
652248
1206
700
782
704
986
1704
1082
2080
1608
1166
268
576
1626
16776
1324
3480
1442
1940
250
252
240
1670
250
428440
3162
248
1754
5176
1288
1166
1028
2298
1236
1020
796
1180866
1492
1804
2038
2728
688
248
149320
636220
2736
1608
254
2698
65750
266894
154262
27718
2600
362810
2826
222644
4326
692
1964
39204
516472
2980
428440
1800
2306
1000
1448
252
3536
1648
1162
411760
2356
694
258
3870
266
1388
144942
238420
5218
1372
590
2024
1148
539006
1668
1844
2078
1934
1152
1238
2546
2448
69478
1364
3622
421338
2362
1336
427092
1352
4664
5768
1468
4012
305538
692
3882
3516
505660
1116
5788
6248
814
800
2678
918
2192
1136
776
1488
145102
1456
2468
1138
276
9214
1004
294
2844
264
3204
1552
850
1884
810
1158
1684
26134
254
252
1704
1308
954
3764
1882
7324
3650
3014
268138
242
1248
854
244
260
1686
15028
2468
2686
2216
2046
1242
233428
1058
690
2334
1330
2226
2920
413328
288736
682
2548
792
274
1806
2762
159966
2472
2718
3786
566
3452
5134
940
908
1474
4698
1460
5488
1608
37572
2208
2494
290
2032
1020
12810
668
52948
1176
1382
2970
962
4510
1668
2452
2662
340730
948
284
1802
5370
1450
252
2370
818
258
1212
1694
676
1524
254
1776
688
3234
250
2188
2032
3116
1660
266
57070
1916
946
21870
272
822
1002
2832
3360
574
1548
2012
1468
1230
1394
1394
1028
1714
2984
2518
1456
1298
2628
1142
95054
125128
908
252
816
1946
2458
294
1566
5680
3268
252
2482
4382
3358
1394
260
2612
2060
1370
240
1610
678
1040
3004
394864
1124
1590
1458
812
240
11750
2136
1750
682
188330
1534
3836
3084
278
3906
1382
810
1176
1478
1678
2300
1330
1396
708
240
4550
1086
680
1852
812
5390
1580
12158
2078
2820
1830
119536
4428
2350
3176
788
840
1686
2596
48302
1480
107384
4708
1128
2918
1034
958
264
786
254
788
810
1268
250
826
570
3108
2632
16664
335134
3608
578
315864
928
3866
3258
886
914
918
264
145950
4106
1890
256
1116
570
2282
250
3174
4996
3178
1566
155772
4182
601948
264
3568
2826
1558
18516
686
4710
820
242
1648
2302
982
1512
2996
690
1556
4876
1538
44224
5388
2902
1844
2338
260
5764
2136
1154
1846
7662
4644
700
252
3108
1252
1270
684
53972
696
2790
1168
932
3690
260
3926
238
2112
1618
3008
2330
786
2012
1378
914
1704
806
792
1018
1492
578
1360
2162
8648
240
994
864
248
838
2496
1468
2654
2660
1002
4276
676
1256
87170
3378
252
11410
252
149480
3884
6384
260
2960
5812
680
654
3638
1456
3430
260
2520
910
1916
246
257334
260
840
262
1306
1628
1052
5342
24434
266
2332
2690
2046
1036
960
830
564978
3538
1266
256
302
39152
2742
2230
574930
2666
568
1484
700
688
248
250
278
5560
3648
17272
2422
663056
1446
260
926
844
1816
2818
54442
3882
583820
258
1370
920
204484
2232
908
3454
3182
3454
698
1160
264
278
4008
1598
278
2670
908
1762
1142
253462
4908
3452
242
1568
804
2330
2218
259020
88272
242
2382
696
123804
60088
1028
1878
3586
137516
1622
2236
950
1042
173544
2102
922
175806
335388
5966
3452
2590
246
670
110966
1712
2012
256
2134
1732
19428
256010
2342
3948
469286
25434
1072
478606
266
1244
260
59050
1182
33736
2602
1146
1750
5290
244
678
1172
3354
2136
2376
1040
1140
566
3004
5422
310
32404
2166
706
788
2352
1576
2812
462420
2846
558
1234
297074
1704
1146
1342
804
2760
297830
2356
1932
848
7088
1852
74342
4340
1312
1352
3922
3900
2046
2822
267118
232
122740
1676
2940
838
3754
1014
33852
250
483576
1526
790
1312
5370
250
1284
2164
1780
696
1410
346092
950
7354
24144
3292
784
105060
5756
14764
262
790
2512
1914
254
3848
994
1472
1440
421848
1358
3962
5070
248
802
2314
34672
240
996
4196
240676
137938
2660
52258
2204
2620
500292
112722
1884
572
814
4162
1240
794
892
1458
1430
131330
3818
3754
2104
270
2034
363908
605912
121442
1008
268
1454142
1118
1016
2864
818
3340
1148
1598
3104
2628
3364
690
1007220
113018
256
246
15922
2404
258
260
816
1032
998
254
126272
1030
421426
688
51746
670
678
230
282
87196
1032
678
10126
692
14246
26948
2080
3230
1928
3372
52586
20142
736
874
1368
18152
5736
709134
270
246
41376
282
1036
932
2750
7410
4294
7818
250
784
1376
22598
2402
2504
258
2692
972
2598
115576
244
270
1672
15862
2280
1790
1420
124868
212498
792
254
2812
1118
292
3564
1046
1078
698
2602
4572
35464
1758
904
4256
264
240
1636
258
3274
209160
417190
5128
3478
330060
1120
1370
205284
282
2338
131454
3728
335184
435506
147590
1220
24110
1734
242
232
5020
4164
6940
2494
1256
1756
1824
704
67704
832
1324
5396
2906
240
1146
708
1040
1040
1022
507048
3774
85146
497848
3508
1864
2688
6474
246
260
1246
1384
1622
706
2162
44820
250
1256
2248
818
1596
250
2544
2826
2494
574
15704
668
2296
848
6608
20886
6422
3010
187738
4274
1954
2678
1518
1476
1670
218088
11984
1116
4428
1134
1486
338872
41658
513948
2422
1506
1344
68
1544
14360
2500
1234
261454
1248
4036
1288
1044
1118
2078
3456
1130
806
3162
1150
2010
278
828
712
834
21820
6288
68
250
272
2308
1440
260
990
104394
556
9082
570
266
2178
1063206
1318
68
92138
246
260
1706
5282
248
1096
1366
3034
5748
1746
2360
3478
5236
3168
246
757736
46456
1348
3470
2994
1860
1458
2602
1448
2496
3276
19974
808
99360
268
256
3948
3060
5714
5868
1706
409424
2624
254
238
2730
36368
1444
804
2058
5172
256
276
1586
774
111806
910
7454
554
2556
240
4218
1226
375602
1262
1910
1954
1610
560
4086
283120
525628
1496
798
507594
1322
1302
4098
185280
290
420320
244
1126
5588
2428
258
38980
3624
3344
68
2306
1150
1986
1854
3448
3080
10492
2336
292422
508582
796
2774
3558
2600
466276
786
1928
2074
8236
12202
161932
1346
1294
3096
4214
248
984
8690
278
4358
1692
292
244
4834
104048
566
5656
274
163962
1126
4014
254
726
292
922
258
1650
258
2044
1670
8774
2854
256
682
8200
6580
40208
40090
1176
282
280
2360
1456
2146
10416
1174
986
774
1154
1136
1836
95210
125468
1370
2402
20312
3366
2920
1314
5048
1808
256
5756
5044
366524
1442
662
1552
2826
10860
2802
284
2408
1372
4514
39480
362606
564160
4276
4162
114654
570
2020
2178
244
140486
1728
1154
1838
3040
2992
3404
4358
2856
309574
1386
162416
1002
4216
2364
5012
668
6428
429354
5648
284378
992
330770
1916
2428
1647270
1950
42156
550
8572
25250
4568
68
238
2006
27600
2404
1336
292
26670
450458
244
252
2438
240
1708
260
3330
3368
960
3768
156558
1176
26502
682
280
1506
469380
268
5388
331412
3216
2312
132182
421834
1304
1374
4946
7164
3966
280
1258
1418
2794
49396
1668
713504
296
654070
7318
1560
97684
256
2508
506758
2858
33440
24748
68
680
8508
240740
240
150014
2154
5018
5330
236
7846
2970
254
260
3406
1046590
2036
786
4308
2542
4144
2752
123244
832
302838
115016
2032
100958
5014
1916
1454
5938
906
2036
1834
19826
3188
128166
3416
1476
34738
260
1114
2490
7688
258
3396
262
3058
258
5482
1236
4550
7322
2042
2592
184270
249958
250
47778
260
1822
350174
6184
254
3814
1344
17742
20382
1410
1226
1002
254
2840
912
3654
228920
1380
252
4142
944
1458
252
806
260
1458
946974
45158
1098
8234
280
62222
904
268
3336
1960
678
806
3206
8534
254
69734
2198
2106
1132
1366
571336
1800
1252
264
5224
2384
2558
260
1966
151072
572
7452
1378
3048
1506
688
1424
1362
3776
282
1442
934
1812
3156
84090
3040
263510
258
486260
946
4898
8114
276
4390
1528
62268
8326
776
790
3830
1344
3148
198350
816
270
35758
778
392400
254
1332
3038
804
1452
68
66
3006
7554
1152
7798
294
256
1066
244
1922
344284
606188
788
112780
26218
5040
298
1482
389574
692
930
20826
14664
950
254
2696
2310
15428
1458
1510
804
2214
278
140776
894
1254
2494
5178
236026
2442
284
694
1108
1200
2178
1204
774
2140
3162
552
40082
1938
107000
352852
1000
479600
2096
46378
4842
3576
638
4174
30546
3114
287766
1496
936
1262
1468
1138
926
986
1026
187614
1638
5334
1986
109684
548
2040
6944
37718
784
52716
3566
816
1934
908
1502
2964
204876
1230
3150
1588
252
784
779768
739496
1224
798604
4694
248
1128
23638
1238
5922
287080
284
6696
2174
2432
2402
2230
252
604598
2936
58470
68442
1014
4946
1278
12816
24342
105962
240
2368
27008
2678
240
252
497010
250
2852
252
2570
127646
123722
792394
258
119134
914
2924
1734
168502
998652
2836
1884
228542
3178
188838
1250
513674
2026
1836
5380
99656
1576
1322
1932
252
986
2926
686
256
59224
2354
4208
4014
4364
3198
5744
2042
1310
579544
264
381896
3662
240
178642
890
870
3266
242
82728
4044
3244
3726
700
1474
310418
1606
3754
3106
17438
1896
10334
1210
2542
3172
240760
1782
240
109668
1530
68
1808
2042
3186
1914
1134
2574
250
2074
1656
252
414002
1258
4028
1136
272
3870
7784
1872
4550
932
6936
3714
2424
654372
262
1378
2096
1472
2364
2550
7052
284
1536
284
41868
294
1260
37348
441562
1221386
1088
272
1230
1290
3854
2434
3042
1776
34814
906
2046
260
435988
4822
1862
442938
2116
292
226568
7514
3116
2466
6350
872
242
1004
2946
892
2814
1842
2144
4420
948
258
798
3288
682
6360
270
674
254
1260
1934
37962
4516
4372
714
256
1392
6854
2258
5958
774
21190
290
2828
986
1276
1586
1606
143398
834
785836
4740
16212
2350
83876
393028
1340
1852
1498
3996
117364
4608
2232
250
6232
1224
1340
250
64892
1104
2768
2040
10074
132114
437460
193264
38288
3014
48786
1330
254
270234
127582
25848
998
254
1112
1682
276
1784
66
1224
966
1256
1580
2210
16406
246
1358
275188
3380
2938
2204
2668
1838
391474
1174
708
66892
3062
2948
4338
2100
1940
244
381374
3180
1786
3662
3014
1470
2440
226
280
564
1522
262
5870
4022
256
1308
229490
1496
260
3400
111040
1344
1516
2276
1244
2798
2470
1016
928
252
3226
11140
670
246
920
996
1886
453908
139940
801324
1350
282
3920
252
4434
7380
3654
282
320160
46194
254
2664
1022
2170
151364
3486
1106564
1340
2582
256
2046
692
254
66
66
252
23292
786
268026
672
4144
784
256
2552
666
1112
242
2946
266
286
5438
262
268
4208
3414
1978
1542
213422
1542
1114
288
4126
784
696
221458
9536
2054
131954
2896
1168
188678
256
294954
1034
7384
2718
2246
250
623958
4036
1638
1632
256
3074
76340
4488
2560
6598
690
3330
3892
246
2560
282854
266
256
1358
1442
393812
700
3804
544
2754
272
990
268
1044
4282
1202
1978
268
2068
1022
256
1698
6396
4024
539534
1484
244
1330
116732
5352
770
244
258
257098
1558
668420
1488
246
958
4642
2154
1318
1606
252
106370
1008
256
268
2348
252
918
972
1178
696
1914
1542
1378
682
1538
278
1872
101018
4152
93478
1714
690
1058
580
710
1080
902
1784
132858
2930
3054
2568
2142
248
554
784
796
560
918
2172
19198
744
1878
3594
828
7460
457502
1128
80806
1776
236
2690
696
3456
1700
690
20600
256
1504
1060
1134
1822
554
1912
750
956
2074
572
694
2532
2534
654
274
284
1450
1128
5698
766
786
570
810
564
1612
230
1000
5036
964
2018
568
87258
822
34720
1334
558
2266
1780
940
1424
648
1574
1438
250
75396
568
5128
1208
1812
113976
780
576
1324
19974
1244
47784
4524
844
3136
912
562
264
1176
936
4334
704
1234
1816
664
780
812
572
2450
87578
788
238
1632
550
1202
256
654
272
248
672
550
278
674
2754
788
2020
132940
660
670
140948
256
678
112432
1674
2702
2904
640
242
5214
2140
1226
1016
258
1778
5960
1240
7168
1110
28480
4366
135784
2394
1166
3796
1220
60644
1246
2230
1606
246
254
1146
246
1758
4276
252
2342
2384
676
572
1248
1098
4228
1478
1342
3266
2844
3516
844
554
1574
1262
1062
670
564
66034
97652
35626
248
398764
1614
1948
1750
1158
704
3944
1100
2926
37170
238
254
1218
1356
944
1128
3946
1022
806
2246
242
804
149696
266
2338
5644
1098
912
1142
1618
1830
1394
2900
1034
548
1246
3386
9980
914
48228
3092
724
262222
672
1034
568
2776
710
984
256
1384
262
1594
1614
932
774
1818
1614
2830
798
75264
8554
2112
260
5996
1036
582
1738
668
662
3508
231482
1806
1824
1896
1944
1592
2516
260
906
4472
772
252
776
1496
796
842
664
574
930
1016
684
2254
582
252
912
4432
272
680
1682
1458
2740
3598
2522
1682
792
1204
664
792
3122
264
682
1014
1576
286
54188
1912
808
4930
668
4376
572
1240
1050
1628
258
2706
20528
1776
250
2706
920
1912
1162
92364
1188
1416
400280
1474
244
906
40320
2768
157774
546
1182
5034
2790
672
7722
1354
2402
2578
902
248
1104
676
252
2518
2690
4214
3800
824
1394
1136
9644
1336
2428
2598
824
2274
2252
1582
254
3984
250
922
2680
1258
1156
254
586
11150
5264
576
828
1036
1118
560
1180
2022
3376
36436
2110
1332
1128
278
2628
169676
904
3086
26280
2606
1498
1034
244
2418
26508
242
2288
3226
1530
250
254
208078
1220
678
248
772
2140
1238
564
1670
4086
3000
254990
760
3794
13314
238
3230
700
1690
1158
278
233634
682
576
254
734
814
1064
1042
542
712
1482
1114
1806
283538
252
1112
810
1478
286
177582
4116
17264
1900
4182
1360
3698
1344
20266
2396
284
65476
2224
568
892
2170
910
550
902
1250
138496
584
174306
1226
227018
100262
1368
210966
6514
682
4018
710
1726
250
1266
1200
570
1542
3454
3326
596
706
1846
172158
548
804
582
2072
1802
578
688
778
1224
848
1060
1358
2368
916
3274
824
564
1080
5146
250
1418
2002
302424
1358
1008
702
804
3044
814
2946
4704
286
1826
898
148674
694
1570
3212
3688
664
14954
566
2068
970
710
1342
916
1424
248
1392
1902
1132
174812
1352
692
48838
668
1554
890
806
3494
1268
248
49342
3128
264
85506
4670
294
2072
1114
1354
660
2172
1822
566
2742
19840
554
694
882
584
3068
686
3982
1956
916
2510
1188
1448
1236
127556
258
1386
48666
133420
2906
1664
1098
1858
714
1722
250
804
266
246
53884
5014
942
1318
1468
5058
94414
147912
2678
3712
2556
256
2088
133150
918
254
1938
3464
734
568
1136
19822
1540
74802
3258
700
1230
788
258
2034
7482
2862
3634
3538
4316
834
952
660
35248
175458
5608
694
24042
4296
252
3322
3296
2074
1492
668
1558
3284
812
240
3022
786
304494
668
280
156550
2024
778
1744
820
988
1104
1916
572
2042
4674
1188
654
1258
2734
572
2146
2474
2390
4970
2102
252
542
254
3122
2028
782
38378
1714
3298
1736
568
1268
1618
195216
30148
784
718
2408
584
830
1456
796
256
264
1614
266
1264
802
688
542
91736
147778
246
980
78190
2688
4354
134188
670
674
1042
1314
644
243218
822
1396
2084
1012
2708
5040
532
280
1152
1822
3318
3340
2836
248
82384
678
1540
2168
370916
2118
2052
250
256
1536
252
260
1358
148202
1242
1354
1470
173732
149852
2320
646
676
990
974
87986
91112
3342
800
74338
356484
670
256
576
50102
822
8624
1344
1378
1054
1720
902
246
1258
67716
2220
662
4224
276
1576
1368
690
678
192824
2216
2944
4746
2152
1878
1120
1698
928
574
195818
946
546
3432
806
916
1592
4256
566
1852
570
91838
702
1350
1900
1214
2032
1026
1438
2398
888
412250
2110
572
1150
800
250
686
1000
672
910
240
1332
27856
708
1282
570
2660
3462
3378
3452
1012
684
700
1116
814
554
1356
2532
1360
570
351490
252
3204
2882
3670
1266
113432
904
2234
2788
666
904
544
552
2648
1274
256
1830
3656
1276
250
161856
238
1802
572
2454
816
548
2160
558
1662
1626
11048
244
934
322564
246
678
1666
2390
73524
3840
1418
1082
834
1826
2236
1260
252
566
254
3360
62176
1272
2298
912
692
1558
1232
576
4430
93376
238
1312
830
1144
258
5764
2352
68
1016
1512
252
566
6034
784
3516
1476
1456
1868
2840
1456
1092
593198
660
2854
3418
1952
808
1158
1960
1706
120688
151498
708
2682
2280
258
1210
272
35366
734
2108
242
830
1362
3042
3136
152872
252
904
184926
1446
694
1504
3036
730
2972
838
1538
250
844
5760
256
2212
1476
252
31512
1130
990
7466
1256
10872
248
1354
1718
580
278
2716
1996
1254
794
3734
1096
1390
165424
103424
1230
2356
252
2052
802
884
2978
3560
830
1936
910
248
179936
1746
1242
1046
668
870
656
1472
844
252
232
2066
2132
1460
265570
138830
824
1460
838
