fff:0:0:0:0:0:0:0:0:0:0:0:0:0:0:0: (total 12)
0 1 Thread 0 going to cpu 0
2 Thread 1 going to cpu 1
3 Thread 2 going to cpu 2
going to barrier (cpu 1)
4 Thread 3 going to cpu 3
going to barrier (cpu 2)
5 going to barrier (cpu 3)
Thread 4 going to cpu 4
going to barrier (cpu 4)
6 Thread 5 going to cpu 5
7 Thread 6 going to cpu 6
8 Thread 7 going to cpu 7
9 Thread 8 going to cpu 8
going to barrier (cpu 8)
going to barrier (cpu 5)
going to barrier (cpu 6)
10 Thread 9 going to cpu 9
going to barrier (cpu 7)
11 Thread 10 going to cpu 10
Thread 11 going to cpu 11

cpu 12 cur 12
STARTING...
going to barrier (cpu 9)
going to barrier (cpu 0)
going to barrier (cpu 10)
going to barrier (cpu 11)
STOPPING...
Duration      : 10000 (ms)
Acquisitions  : 3864314
260
300
3216
6238
3374
250
11886
3404
10722
1354
542332
5078
6388
5312
480672
1182
236
1920
694
3794
193192
492
1728
2650
1444
1027364
1460
382
4436
776
1093870
2578
86654
5040
256
1519148
922
2056
8088
365252
2402
2082
1356
266
916
3962
896
1418
242
248
266
6534
8318
4052
356
394
782
580
636
1826
1234
2330
2478
812986
2808
3524
1196
6226
44496
672
232
5328
120976
1214
1420
4418
648
3328
3224
3448
3986
388
6514
917726
6954
242
626
38306
5160
1586
866994
10192
572
68
4494
1354
1700
846
1056
262
1672
1208
1396
782
231416
512494
1250
246
1774
1922
2968
5396
3440
226
1564
9516
230
1518
11654
5502
246
2242
2446
3706
5552
13788
3554
364
2800
283216
1764
1794
4184
4412
2874
1292
1920
2060
254
1480
248
1538
792
1340
67706
2816
5576
1020
3866
4388
6654
2492
510
2012
1516
407140
2038
378
6722
2170
810
2338
250
1558
802
316124
7528
674
4664
1429010
1454
5168
2160
1224
260
4154
409826
490
1405412
6490
896
1066
3422
4576
278
1260
3928
12512
2488
5970
800716
5196
2492
1508
250
246
6722
2566
1086
1618
4012
2656
261314
374
650448
1320
746762
47306
264
2398
270
2508
1566
916
252
434
9410
2034
950794
2732
2662
8310
2098
262
69526
3160
4732
368
1608
988
552
244
4038
4190
3214
794
1178966
282
262
1026
260
3844
84590
668
153814
746
1070
1324
622
10448
2016
4272
1160
4572
74840
800756
317884
2510
1786
2986
399470
1394
66
254
69618
1653398
1210
1166
48164
4188
3830
232
3402
3048
3988
99986
550
784
254
6134
63558
1320
1748
3742
250
247696
7272
2262
250
1030
2876
124884
3006
2150
1334
10040
2630
3852
968
5828
1940
13762
3434
1798
7692
368
5698
1558
8616
1284
538
4414
2668
246
2446
6886
12958
3222
246
2700
4120
1470
254
370
346
2224
3044
294750
1564
2191474
4158
1194
1084
2724
2092
9594
6002
513428
1778
288
10322
2208
2070
260
3458
3548
684662
4144
800
280
1674
5474
229418
242
270
1726
1536
1134
715488
6158
918
240
2850
1546
1644
396
632
244
974
2544
2734
662
3770
266
3978
1104
366
959570
23458
254
5826
590974
2970
2434
248
2496
3470
4386
303380
664
742
252
842
802
240
4462
772
14750
256
1394
270
1210
5218
3822
380
672
392
502
2822
712
4118
3098
3646
284
372
396518
2980
1204
13258
228
966
77500
7098
804
242
1784
17180
240
384
5044
4382
1644
3684
161610
2026
1332
254
282
2482
1028
1412
2656
5074
2656
3762
3304
1598
204374
4064
1560
4706
258438
2770
1688
6720
4446
618
1202
3684
2072
2414
6146
5872
264
518992
1488
5374
1326
4038
670
5574
1130
1128
2154
8598
3056
2664
420
244
3078
7476
66194
3422
3196
1048
2270
2560
236
786
2930
1368
3824
10946
1528
366104
3412
7984
2074
5924
3370
1920
6244
11142
319596
5160
796846
6620
2162
9918
1181076
4236
978
2986
246
82100
1028
272
684
790
2040
11390
2540
946130
878
1448
335440
366
1221416
984
256
240
2876404
274
2398
3646
754
6618
1666
548
944
5378
264
35092
304308
1678
1086
2466
244
262
806
912
3080
5212
2928
2800
10178
558
236
4614
4830
2126
7802
286
34634
2444
1268
908794
248
4018
1270
380
1673558
4200
6016
1210
3996
10306
248
1550
4570
962104
144778
3940
870
376
290
1188
170180
319656
998
916
2496298
3174
1851596
3564
4944
158322
2414
1836
280
1484
21930
264
2164
254
3696
264
268264
276
2146
1262
3594
578
1240
1336
242
3416
1530
1336
5306
244
1422
388
984
3524
282
2572
3414
2490
1362
4112
1982
826
2572
4144
1768
8066
1688584
4100
1572
2584
1136
738404
2248
798
1116
473370
5784
177732
3042
39640
2090532
132382
7156
2448
632
2554
2216
1220
7856
5486
8144
2616
812
9022
12240
1214
6588
2858
1332
666
518
2180
10192
3450
240
1580
708
826
7584
386
256
620572
4756
232
2766
242
5746
380
2310
568522
772
361910
2860
4070
1876
2074
2164
420
1140
1452
468556
258
1364
254
1464
862
935932
107100
3272
1104
2210
57346
1882
2156
256
266
644174
9934
372
3470
2116
3074
3418
258
3692
3856
3110
10730
1132
256
329926
3188
11820
248
1272
2312
2594
1704
256
1392
3616
8010
2134
1700
55834
967698
1504
644
4244
2324
938
292
924
1066
3930
2630
4386
2522
7662
19650
270
1864
1006
2088
948
2800
5016
70
250
344
3008560
1994
892
284
4488
441142
378
4164
254
7150
284
1200
1208
6332
2624
9674
1828
1760
244
874
3198
432
3210
1016
254
696
2028
1682
252
4350
7618
1042
3714
3030
3850
321124
258
244
377028
1486
270
5228
378
101468
564
3770
268
5122
276
208448
286
510
2934
378
4570308
838512
5838
256
107500
36996
9360
386360
928
654
502
622
656
6228
388
1179222
1348
3936
250
1388
5302
1251370
3710
366
10446
1126
902
1020
13490
218
7040
252
1492
6006
1128
998
2254
3004
963102
6340
3172
256
1074
142432
1772
998776
1554
2300
22836
942
716
4906
602
1820
827330
990
3114
1786
362
2096
2030
790
247100
66
1380
862
6516
2122
3994
2774
409312
1447216
3026
117342
3166
1801630
5814
1992
266
2522
5244
3832
162094
378
252
5112
1472
1666
776
256
2058
4228
2488
3466
2694
256
1502
2388
4872
892
8250
780
2832
2180
276
1122
512374
2172
2452
2890
4644
5426
244
932
1660
282
641342
240
2460
2756
792
7000
3328
244
1402734
2866
296
1754
3412
2746
1360
305654
1072
5862
535334
4806
2322
1214
1746
3958
252
4980
996
266
4366
2148
2178
6528
592728
266
1900
246
935850
47130
250
2640
3304
250
3060
918
1352
242
3194
376
1340088
240
1420
842
113514
382
262
930766
2856
9154
1276
266
180682
790
3128
790
11912
504922
3248
1628
278
7820
254
1150
4124
38096
2826
658
23006
250
1152
230
4036
2348
359710
276
4538
3282
2614
3620
1910
4652
4612
199070
4146
1243310
3558
1086618
368
8604
3618
2700
3222
3868
2392
2242
7670
256
1056026
236
7894
254
2494
4132
4360
1326
3474
4574
2704
2070
9852
69386
264
3020
246
1042
1257634
169502
2270
8794
1303604
67410
4688
2132
3816
4874
11038
2356
5702
2066
1004842
3110
313008
4722
1114850
3536
208094
256
66
68
426
593788
545096
3982
2582
8544
702
1786
796
211054
114622
1216
221440
9354
4156
1756
270
1802
17544
4876
1450628
282
2596
1156
173834
2588
7746
4752
1642
4184
2220
1936
14392
14640
196632
1124
332636
702
5238
2176
1902
1036
2618
1902
3006
4028
1060
254
1368
3488
90724
2858
250
2440
1938
262
900688
7602
672
117282
751484
372
1756
2764
1228
702
1508
4418
415460
2174
1662
2562
2990
1147336
7254
896
912
1433310
7412
814
4416
2282
256
1286
3218
706
244
7692
274
250
2302
236
6194
1822
1400366
268
632
1229678
2164
582
4476
3288
870
9594
1346
2388
5846
2860
2658
6252
4638
1916
2218
2250
2324
6500
912
3446
8768
1854
5084
1322
256
3798
2658
1066
840
9070
3366
8688
868
4544
384086
3646
293918
274
189108
2720
648
1400
297308
5008
250
1120290
562308
7768
386
236
1704
1784
352438
66
68
2068
2028
3664
256
1217602
313336
637312
1866
1148938
11014
63510
3660
236
1198
630678
224
951668
2218
10680
240
8466
5462
244722
3278
572
2350
798
6514
645662
256
1496
2244
7472
3748
3584
1512
256
92058
250
672
593406
290
238
1577142
1492
2960
6302
2926
5702
130276
2218
2636
2632
1820
578
6472
1980720
810
7226
1328
1766
1394
1672
8266
127128
2844
8532
1258
3108
1264
564
266
1040
2684
2630
4144
2414
618
376
3308
4626
640
2988
928
841272
683502
1186
240
3242
15388
1786
286
1606
380
38900
2002
400616
4970
2586
323314
694
1670
4604
4962
258
1698
4608
248
3920
5136
1388
16980
2562
1998
1144
1880
5398
238
238
2242
234
248
431306
2596
1154
258
812
12644
1822
1938
706
4280
5482
1030
2188
1768
3274
128768
3518
66
68
3360
368
2040822
239648
8748
1766
422080
1884
452200
732586
2078
258
800
523824
8104
5748
1970
535682
6334
5096
356
892
8068
1860
796
6238
2320
924886
1946
1374
2162
1276
3456
1898
2490
514
6186
2854
398
838
1640
4186
932
284
382
2282
2278
1203136
1076
2566
8154
5368
1040
889818
5054
655370
2728
250
1298
3896
4738
902
4301384
3228
1982
254
248
163856
4268
1538
3868
686
2278
4654
2586
3954
1918
1568906
710
599562
2924
6096
356
490
254
5010
1282
2358
2311150
244
246
1350
284136
1818
9452
1214
1360
5104
580
2384
1890
2416
4640
3002
840
942
2282
2224
1366468
4482
1082
2326
3532
9572
156228
4758
1243008
5240
297610
1850
2220
6200
3752
3638
5518
11114
928
2040
254824
3746
1114
2092
84124
368
39748
1290
8308
4894
2042
248
780
20284
68
66
611578
1734860
1904
1262
3948
488
4680
68
3888
998
2442
816
1488
250
107786
3044
472338
7680
1570
49176
3996
3722
244
2792
687892
2030
1456
6422
2472438
240
2024
244
1878
594
268
2404
3026
1152
5514
1884566
3300
1168
3180
7108
292
3194
14724
1701786
878
256
1598
2426
446590
2026
3094
3948
2354
594420
2356
3170
3084
5646
686
1788
9590
2666
6202
1848
7404
3386
5116
3398
4188
258
1370
5228
1726
1394
264
4588
278896
4960
1932126
1972
1738
599380
830
3258
3332
68
1134
430550
802
4456
366
926
2080
1432
2934
2450
2608
3146
3740
3728
1896
2182
4424
2884
290
1312
3358
2170
1488
2794
2588
808
1906
1833052
249466
2202
6048
510718
1121736
319118
796
1942
836
9996
880
100162
89606
1422
1987416
4970
948
4780
646
3096
372
1454988
3498
2618
1181730
4536
652706
756
1049494
2312
227374
694
1104
260
1928
1944
1658
278
1834
884
254
274
15806
907816
2750672
66
544
4876
254
2625198
757796
2628
3376
268
2212
138464
2844
34502
372
242
971950
3020
3074576
844182
885480
975378
1458898
6864
488
5482
1400262
354
89372
1082
1789254
714
952
1006
284
5246
812
521436
1230
800
262
2238
260
5126
8628
7506
2340
7228
159206
236
1844
262
1530
4150
1336
8844
2352524
1152
248
5366
950
1422
100672
8616
3456
7010
1116
2912
5730
1053786
2214
1282
252
1512
1118
840
4298
6396
676
4070
1034
8920
4894
1506
6700
696
372
10952
1887872
386
1036
1151636
236
116896
2856
116872
1119968
1230
3446
9252
2112
1026896
1210
3610
689450
313464
2172
7420
1126
602
58574
5310
1048
290
3154
6724
4380
5222
218214
607972
307996
4946
1012
242906
14586
3657234
356
5178
3298
672
174636
3158
464574
146504
3274
867700
5094
5828
680
1004
388
1614
1362
1596
2524816
4246
970936
498
1030
6610
123584
224456
3270
1600268
242
3296
3636
826
370
1736
4280
1158
6154
2774
1278
3592
260
7672
256
980
5108
1942
149762
256
242
1834
256
422
946
278
61312
914
790
838
4784
124226
2694
8606
288
1130
6028
1079644
2186
252
192994
1530
372
2034
3726
3114
804
382
1168
3424
66
648566
757162
2220
7394
74156
5218
2666
38454
796
1498
149124
508
6504
545076
8154
246
6876
1460
685386
1204
14432
68
66
11354
2694
1612
276
1574
2258
268
959474
1664
1886
2352
796
4518
3572854
2636
5216
8366
5960
1102420
651364
4016
480370
2488928
714
294
392
2340
1558
250
4734
410
746310
4462
266
2056
3956
5140
244
4940
996198
4528
358
1096
2168
2356
624628
9700
3934
3282
2500
6384
6452
1642
4096
260226
2524
227948
704
1552
2160
1242
4398
1790
386
58440
10588
1496
1582
250
2062
68
1372
10940
66
1894
5244
4896
5046
770
6002
776
387052
2002
3124
5364
806
256
1028
1808
2548
2828
1233254
240
7774
4344
2924
3294
262
488
1248
3578
1319084
1506
2226
568
282
370
1134
842260
1686
631134
2916
270
199204
6654
2210
10004
6422
15070
2034
256
384
2674
1904
1902
1642
174722
1052
2776
6328
2908
256
544
2670
710
252
778
5982
2420
380
1050
6032
2940
3684
6024
4340
238540
794
760
654
244
1058
1728
1808
250
6304
3484
5918
1966
4334
1318
4186
7138
256
6610
4098
560
3530
1059614
684
48536
1682
690
2678578
2818
6646
1890
674
3462
230
3760
94350
3744
51356
1126
1438
491536
562374
786
358
1132
2592
5714
680
4314
7806
1691316
12020
352
4760
3290
2432
3316
388
358
459344
550
770
9732
4626
900
135620
115996
2542
5912
128448
5420
494858
4792
258
234
794
244
246
1297714
942
2764
2544
926
530146
599866
7936
349104
70032
3292
2044
1890
111658
886
5084
4962
11726
896
3436
246
1530
1152
1814620
3280
350076
1718
4718
356
1932
1296
1754
346
52346
1202
473900
3274
2966
244
577504
1404
378
3452
1342298
172296
1040
8084
1150
796
74438
380
717966
1236
808
2366
6358
3482
708812
258
2352
5076
1942
242
406122
2824
2366
24414
6930
5702
2046
546334
5810
664
1352
652
4874
7902
254
506
1616
442660
354
4380
1582452
4964
936
520
462
9718
599448
3912
632252
1346
2464
1708
1124
3518
68
68
270
541864
230
25250
22454
1024
350
4558
254
4900
648
256
250
266
1830
1334
870
3574
1232
3796
2994
2842
5136
1610
248
3460
2102
1929750
1256
1436
246
3204976
614346
3226
465092
1143598
244
260
87098
1580
1672
7492
672
358
2492
386
688
3396
4694
2320
2392
1852
2336
2106
3626
986
248
4456
1266
53010
7564
152982
1018
1944
918
1864
238
714
4614
66744
2854
1050
1420
6268
2670
4592
2900
1668
2798
1028
1592
788
3714
2602
4322
2726
888
254
2370082
4876
10896
250
904
350
406770
4830
782
272
1206
4522
6922
4740
788
599388
2066
890
1210
230
240
4448
3894
5100
1308
228
272
4840
7036
396
664
1406
2298
1898
548
5560
4574
3148
3016
264
68
699662
1512
1040
1258420
1450
4552
2874
1142
1382
1826
1498
5924
2786
774
6656
1408
256
6070
1678
2992
256
1114
232
7780
2604
1260
3426
1678
2932
2966
260592
229784
1372
12320
3482
2032
411766
3256
457076
240
4054
936
2556
5186
9966
848
1856
258
1476
2974
211616
514
1570
1354
3232
351226
2284
1063136
1226
910
3958
3992
3066
3178
798
5974
1216
28302
2188
1760
3130
2764
5310
438912
564
2251810
234
2132
340
246
2936
1934
3516
366
364168
680
2396
109868
2580
11322
1366
1810
358
4006
3070
240
90816
252
2382
1738
1132
625842
886
2678
4846398
1872
252
1394
346
8970
782
5044
366
4428
1112
10968
234
12074
66
416114
41042
802
2750
1720
4602
38540
2526
5932
579106
1906
3958
368
501250
674
68
596374
3336
380
1132
1234
4646
7222
68
68
648
1441362
2122
1636
5410
178070
5880
4036
8668
1434
378
2166
1468
230126
1002
254
1448
3794
2652
4114
1774
2574
3956
2218526
924
3162
972
250
244
254
13558
184894
583528
9098
240
3364
5498
174440
22298
1342
1830
238
1250
1436
3444
690
4036
370
344
1382
1925546
364
167178
1014
7672
1384
4128
362
286
1052
4142
2738
256796
5518
9030
1272
1366
5792
936
2814
1388
199254
19234
226
5080
264
240
1130
495768
232
1146
68
2552
12186
1432
2166
108954
654
6060
1134
262
704
5766
2300
1576
73622
1664
9660
388732
6948
1476
1576
250
3318
244
888
220148
1040
2530
3344
4314
2796
2184
1187936
8316
244
4040
263998
2136
3056
881508
230
623130
68136
790
1318
244
2106
4604
4380
228
3070
1748076
2970
156166
3456
3844
2178
566760
780
480
1220884
707550
1906
285116
2634
790
4796
2264
6086
1718
3462
3872
7142
1512
4520
500662
2388
244
812
2602
1928
985784
2222
282
3972
7708
6100
252
1338
242
279546
331932
735166
358
2712
3344
4838
1546
262
2032
1392
1174
1328996
330
668
3726
3020
7118
2740
3212
4918
4368
4202
52988
24700
4274
7432
2784
2816
3158
1242
264
4776
334326
1426
1436
236
233350
152416
1232
3678
3604
1628
812
992
2768
950
2240412
900
247806
244
2358
348
10262
270
6420
1122
822
804
256
3830
3710
358
826
366
3462
4912
8188
10474
2112
1580
628542
674
244
2040
904
1470
248
908
295850
2632
3548
1846
358
352
4344
1106
976
240
812
570
4104
3338
1204
2366
1394
380
2238280
286
554
242
1554
1248926
2140
3410
1632
6096
212152
3360
68
3950
786
235730
990
4264
662
116852
338
260
264
538
800
266
601578
384
2132
7996
4310
1356
2656
790
3210
1032
872
2094
2668
16852
1482
894
802
1202
378
908
150352
254
1874
421148
6208
675098
2893200
3184
223112
2936
1824
3000
242
6178
3174
256
238
256
7664
1053088
1030
276
4596
228
8696
1374
3938
755302
252
390
4926
2130
2158
918
186900
180176
246
93652
1080
5200
1744
1878
258
963862
2842
390
377926
804
5266
4636
381174
358
254
1050
1132
1734
5234
3004
1425822
281174
2932
2066
216
159780
1510
3908
1810
4890
308820
902
1266
242
1770
2246
244
1090
348
1232
4178
2028
1780
3010
4312
5556
2052
11900
240
13378
226
1578
55298
912
784
536
4004
266
1058
238
266
1350
242
261838
1804
242
258
1250
7298
370
228
4866
3316716
388
1519752
764
400
3006
234
252
1434
228
248
6524
8498
6918
660
3856
262
4548
666
2056
5660
662
1114
4998
2548360
4454
1034
4630
135432
15654
362
116888
7396
1142
914
1962
246
1036
948070
2086
5476
4366
1142
1342
1660
5492
4714
8448
36830
3356
450
1086
2776
4114
2336
2488
6962
746364
5984
1130
270
1440
5028
6970
254
1014
8254
2914
4418
408752
1047944
6254
61644
274
242
1248
276
932
658
918
289544
250
262
1038
4374
2474
472
254
44530
4962
1982
8452
700
570
246
3622
256
3994
2674
822
1768
914
1295562
364
814
3634
386
2440
2452
1790
670
2001404
2694
3240
5316
1796
5068
3486
1944
3066
1504
523860
346
1494
2924
266
2804
3378
1348
258
480
240
262
5712
104972
23014
2338
250
838
686
1150
4316
2714
3304
1360
2770
1180
3898
6290
1422
1902
1970
754674
2826
1270
572
1772
1580
260
7822
4590
246
1810
554
662
277948
3916
1250
844
3040
832
4330
1226
1720
3024
1232
908
2632
2368
253984
6524
948
43862
3068
1134
356
2750
4786
5652
2570
41274
1292
776
1704
19370
1104
558
7460
1116
1140
1040
1698
136778
1054
2322
1150
3306
2988
384
1554
7092
262
548
502
1946
1774
288
570
1324
87300
922
246
362862
274
3366
546
111682
197622
464288
3672
11378
244
250
944
976
339700
3524
1234
5320
1806
3630
978
1778
246
794
1884
1478
2088
170072
1300
664
662
2974
403706
2356
1806
268
4040
656
262
758
3014
1828
492
1686
1150
2250
3778
1630
2022
1414
3242
139056
1142
247680
672
2082
1932
568
3096
260
2842
1750
479694
546
296
1846
8412
294
244
1844
1064
325704
454356
2030
3276
2380
2464
2550
191484
928
878278
5024
938
676
278
802
940
394
5318
1394
4330
3612
1874
686
802
252
2376
968
3418
538
8528
3054
1094
2124
2442
2104
659552
686
3260
538
714766
994
590
906
1760
1822
619014
284712
3588
239790
3428
644
244
2424
1112
1454
4252
1970
3054
1862
130014
1864
5246
1120
3212
586
930
4254
8912
528
7204
896498
1986
2362
2754
2344
936
640
2732
356
820
1936
556
258
3134
201526
764014
780
990
256
2168
1852
1708
1238
1900
252
3502
3228
1534
746
4014
372
4800
443082
272
309234
5462
1438
1014
412
5020
236
730
236448
1288
1034
1452
520
2074
204820
672
2970
1270
2424
564
181918
784
1412
5888
1646
1174
3652
2390
876
1412
814602
650
698
3732
459242
826
2680
1034
5700
828
2018
676
4334
5514
1930
262
3288
1110
1860
248
734
7070
672
902902
249602
2076
4286
3056
2470
1274
319976
984
1010
656
574
262
3006
412934
654
3430
246
4964
804
252
524140
7806
654
1482
1537018
1576
1854
534
808
7404
1452
1590
1268
280
674
1048
296
1220
668
1726
890
3292
426
726
662
1406
4238
570
250
2876
2616
3374
2404
1002
2104
946
790
632108
3394
826
2076
3692
1034
690
2712
4368
1434
1372
850
672
242
1968
32896
258
2596
153992
258
4324
1620
798
1016
390
1532
886
505246
814
1828
1222
40726
3832
2160
830
1182
716
4226
1016
876980
256
689266
4440
264070
3128
1084
538
2712
1162
5092
890
535976
4788
676
560
2080
998
2492
2308
788
788
3144
1498
4980
2154
698
3310
576
56262
561262
252
4190
248
1312
546
1494
2278
2006
572496
912
353276
232
3556
930
1850
1478
2704
8212
1246
2256
244
912
262
492
1248
6860
1694
538
530
794
3332
5522
698
3840
706
1130
262
974
1210
480290
2982
804
683458
6660
412
1308
302778
59276
688
250
3312
3900
1008
1936
406
864
4206
1078
496302
1334
75018
4976
1562
358
1202
670
99262
2834
3866
1236
6536
132256
2526
81466
542
3318
2078
3756
2596
1678
1500
1362
3910
1444
252
181390
670
1998
798
1474
2352
2670
303828
678
262
1844
4952
3934
1886
1670
3392
1016
2902
3300
1040
2204
872
664
2840
646456
3952
4762
246
248360
1314
3114
1260
5840
802
2578
599228
242
7440
258
2862
3266
1162
256
668
4814
4418
684
1710
2480
1570
1474
792
1606
2566
954
4518
2038
812
1942
1208
3196
2838
2098
3182
1778
2798
820
4264
69964
674
2706
1944
161176
3048
49512
2866
1714
3450
2106
4458
254
790
1750
3612
2540
6742
6256
3918
1652
672
2362
513672
2652
3612
511468
294
3996
2350
1020
662
3674
808
32734
1830
794
1050
124456
920
3692
4544
43614
374
2692
2136
242
1996
8060
1456
4664
262
1584
2094
788
1390
1604
3456
1710
242
1424
806
6132
664
244
1128
556
6222
1950
2014
1338
2482
874
3678
1728
3156
670
900
1046
2150
1242
668
4094
2960
2626
1214
818
346422
223504
2898
1608
1888
2644
461396
704
2028
1996
4252
5250
2334
1022
1258
1410
242
3130
1354
1720
1154
3210
596
244
288
5640
4158
25494
250
2340
2628
824
726
1522
5600
295186
2852
1128
1380
6472
260
1798
794
1612
922
119092
318622
40056
2898
11934
3346
244
1974
540
940
2714
4106
1000
3348
4810
2812
4108
7986
1826
3036
262
2268
3064
802
1234
688
656
45768
3262
688
802
2560
2168
311602
1884
558
1312
1270
3944
1530
1590
1642
244
1010
1444
2014
1328
856
1614
1124
790
556
2226
3866
1906
1532
660
1074
2074
2418
1862
1992
1230
1050
1568
1566
5270
248
1520
392
880
1358
264
678
1758
455668
2808
3458
1938
2728
296
996
534
570
1390
2016
4104
948
4492
792
5412
1786
2946
1916
1882
1866
4380
3806
1256
1492
4222
5054
1024
1098
1472
1788
1366
264
2188
3776
912
551814
1272
1584
1466
2312
2452
2018
2238
6152
246
5174
930
3040
17934
246
1808
67298
1870
2742
1090484
2268
1056
512
2200
1742
810
1686
2946
1018
1536
1824
1398
842
1698
4144
1062
4876
448758
1838
3454
1102
1230
272
1478
2180
814
3974
796
2316
666
1488
830
2422
2276
52534
5364
696
283032
3226
1866
592
2208
2714
672
1904
1258
570
1156
982
518
1534
4028
248
244
1074
694
75158
2658
1586
277328
528762
1962
1164
792
57950
1804
542
812
1126
131518
5660
3194
550
1178
564
3970
278
4258
1202
582
956
3466
1394
2110
4558
3178
4766
12454
3414
600
1030
162752
3138
688
10746
712
1392
2444
562
1508
1764
1046
5668
268
252
3212
2484
80866
6158
1812
12240
631668
2222
790
2416
814
281170
244
832
1018
1236
1570
91896
62268
1596
1016
2298
896
682
680
3830
964
724334
680
1286
1718
2282
912
6850
732
3848
256
9518
1904
40458
246
264
684
1114
1556
2964
668
650
272
786
258
307330
1258
4020
3002
930
459702
3146
1022
81902
134066
1950
722630
688
5552
3816
1014
5666
4826
292
700
1230786
5698
12600
268
12316
2616
11994
1610
5374
296
1572
4666
1940
2116
262
284
266
1348
786
7708
264
1104
6550
753598
3330
1828240
2830
6396
2028
1802
768
2354
1374
1366
1386
1904
1630
9894
1598
272
2082
2920
6588
1842
1032
228
1666
562706
1364
1216
1108
3298
2774
1340
264
388
2870
1478
248
116320
4216
9882
226914
1540
266
1740
1114
2270
2608
250
1472
1122
1910
4406
99348
262
2174
5744
1558
1008
4628
1916
2890
268
8188
292
2460
1594
264
6738
5094
248
1356
570
8388
264
262
250
356
1784
4826
638
295190
660
613310
139630
1866
7014
7486
1172
2138
276
2902
124528
258
1450
786
1468
218142
1796
386
256
250
256
698
4792
3194
2896
3260
70
907928
4820
266
2422
10856
2006
2388
1492
3360
3000
2902
248
272
3072
1350176
2242
6298
2076
4218
1010824
1304
4262
1252
3392
7268
2130
7084
248
694
7318
4652
3100
2924
572704
3106
1782
1802
4356
2370
3740
3176
1702
394
5248
2268
4078
5780
11988
774496
4380
5178
366
2834
7328
1944
7506
1708
4426
10306
6374
679162
392
506368
3830
8344
256
2524
536230
274
8280
1044622
766
288
10122
3260
4348
3868
93226
1484584
2132
382
1226
2160
300
2868270
1312
378
1500
1426
270
2492
266
360
1150
298
1160
7414
3948
1508
572
6064
2282
4860
3496
374
302570
975020
395764
5692
4766
1446
996
3388
2642
408
2138
3326
2456
1208
382
1328
260
238
2656
2168220
4278
7974
9426
68
2180
2822
1374
3138
7290
2864
1494
265150
1992602
914062
1424
3454
278
1108
8328
1368
1794
601316
850
2994
250
1728
2100
2146
266
72
84832
684
3094
1000
2722
1204
1104
568
250
4962
153306
2190
782090
1406
2902
236
45926
2408
5780
1022
5904
1688
386
1372
4178
739304
1350
4688
2850
1068
802
914
284
325910
540082
1662
2070
420
2239566
2670
2112
696
692
5362
820
248
2244
2064
2934
2572
3484
400384
7360
1946
4756
906
5638
2976
672
9440
3670
5096
1992
27190
282
8284
1208
1572
760
2522
1152
173226
8418
310652
7738
2702
1526
2166
1788
4450
262
284
2696
1372
2912
1920
6700
11168
68
53238
3258
1783448
5688
1372
786
3566
4014
704
390
1584
268
250
2098
261162
284
1382
2348
3662
2128
5376
826
4236
2818
982
6708
296
258
260
254
1140
2934
3608
1186
4488
889998
6362
2994
1850
776
7478
1356
260
3266
1842
1758
5926
2240
2492
1678
2527612
453286
282
664
3898
674
4278
91664
838
3926
4914
3512
380
3372
3666
928
5982
1098
398
12020
4580
1042
884
424
285144
2640
1808
4126
4526
282
372
260
284
2876
4766
2130
1414
3674
392
3378
1126528
1992
1818
1124
1980
1778
292
5860
906
3882
844
1196582
2930
282
984
1775768
500
1032
916
649794
3468
2594
1984
6810
4338
3300
902
2922
9556
858
286
1608
286
3692
2620
1608
518
2542
286
2496
6038
112948
2130592
4344
816
70
4116
2198
2462
294
2138
520
914
1982
2052
1338
2076
3086
296
380
3136
636988
8694
1740
3658884
1922
242
4200
2832
1032
4294
3760
497310
12648
268
5944
3995664
898
1818
248
254
4034
4338
796
582
268
1442
587838
209444
904356
672
5092
888766
1375844
9520
729846
2026
154332
258
3680
10222
901678
3882
1330
1748
4902
2540
2706
1174
1494
410
3526
260
159292
104652
2612
5438
4194
5366
277264
183574
796
6034
3706
2388
11802
4682
5404
260
796
5916
934
1056
4534
1366
1160126
264
246
2216
4260
5046
1844
2628
5734
2152
422
3074
4638
1572
219160
2220
10758
800
278
84480
1944
1446
339274
716
5352
684
1518
499646
380
368
2080
2548
940
3156
832
278
6572
1350
1706
394
912
1776
5086
382
240
3906
2598
3618
2400
8440
3746
1394
3212
3644
696
6298
3482
5972
2492
5152
3812
4082
5510
2284
934
870
139554
43824
1494
259632
276
2766
5372
1266
3964
624
2730
2680
2242
13904
889440
800
6056
2156
602278
2750
5240
3330
262
1964
3194
8194
4570
986
3246
6700
2688
3042
686
2408
1032
179594
3602
2052
5638
5254
268
3748
8520
3406
4302
7098
622
7706
796
4418
8418
1554
1788
1752
2308
1688222
1380464
14824
2180
4230
1692
1109960
552
370
1944
2384
598076
490562
5582
4110
264
3052
2124
3372
692
5482
826
8998
9474
3446
1234
2394
282
400
280
346430
266
2174
392
4552
260
3232
290
1708
1226
980
5056
254
185160
138436
818
5156
906
5074
3678
5514
372
282
3340
972
2616
2718
4924
1610
4902
3206
814
1286
372
3140
4084
4076
4956
3552
3718
1672
2466
3806
356
254
4364
258
516
1260
786
1845330
74
505634
2002066
430
1070
286758
1258
848
4032
270
1200
4518
1782
1810
390
976360
3160
9478
1970
9626
1220
180522
400
278
1964
1056
258
266
15494
474
3140
364
2370
2752
6510
1960
2304
1712
1392
278
1894
3072
2464
2874
1008
798
580
382
2484
906768
2540
40942
155456
386
3122
494
7130
1672
66
270
2352
4896
6474
270
199984
370
7208
10962
5026
408
3032
938428
1048652
2452
5866
2974
2326
3058
3492
558
19960
694
2044
1624
280
924
3118
264
2050
2076
3604
3422
2768
3164
282
278
3082
3672
264
1338
384
4280
7030
170300
284
3232
1152
384
52456
694
2528
256
4350
1272
294
902422
2266
6808
1454
942
818
258
2274
2972
918
531880
1810
4328
5466
906
6142
1154
804
1614
664
3316
9848
1974
231866
382
1486
698
986
380
1272
68
2214
1018
3158
11288
1426
1310
1466
2412
902
5892
2436
7922
237658
2322
1974
18500
254
1720
542
280
1392
1474
2124
1484
6694
2012
16740
346
378
68
527330
1024
3488
4596
282
932
262
3066
1492
268
7770
936
400
819018
552
890
2046
2150
630
1580
390
1946
1506
3222
682
2226
489888
1279130
668
572
273376
946
7852
374
4182
7170
4116
2658
7926
4962
2103110
3356
720
372172
6060
4502
2504
248
3084
578512
1816
2320
6500
517592
5070
696
9540
260
5122
3366
68
5928
5074
73010
7028
2010
8526
2532
139728
1236
1538
686
3666
124220
4186
1390
1442
11944
4630
892152
364
1340
455388
670
3604
4372
347730
597260
512
818
792
374
2330
4960
3860
390
96736
2200
6132
1480
92030
1908
440278
7218
97278
5006
256
348
256
10180
568
1694
2640
3014
2526
4270
1638
1804
5446
134682
1952
1100
337392
2320
2544
724
7156
3174
776974
350012
1776
3508
166470
1388
682
4916
528
3934
2740
2216
706
1260
2194
2734
3128
2426
3944
792
761300
1968
6216
1152
4560
2324
2876
2926
2766
152042
1260
928928
380
256
248
1482
262
3944
4204
262
2130
2532
2614
1369812
5146
2934
1806
525714
1302
368
240
942
2490
1124
865836
68
802
1598
242
5760
294
3472
3060
1698
6160
1228
3984
1674
5232
810
798440
7338
908
5706
3928
354
7394
292362
2596
1620
1912
1032
4862
3700
248
3768
3842
734954
139648
1942
362
3508
972
1258
68
68
8530
2238
3088
139462
7380
1044
231234
388828
3462
186258
1890
1758
1456
5050
274
2058
7914
2138
3658
2070
370
522910
7552
382
1349592
244
4052
6552
5296
636908
16342
2492
1576
1166
8664
1396
797394
5412
9032
384
2868
1896
4950
798
2450
5452
806228
3018
1147568
366
1448
5800
1290
688
246
262
434384
6056
350
5410
3180
3212
2236
6120
1026
3938
696
8266
806
2336
286
1752
1238
7058
6964
2332
3356
944
6566
4774
806
1932
2168
356288
1544688
2964
4590
70
5232
694
16216
1252
1670
4340
2550
3666
936
4886
4810
696
2946
2486
2150
918
428
6082
1360
1422848
2956
6096
8048
8322
5456
260
2422
2750
4680
1886
358220
2256
3306
6206
1128
3412
2002
254
512
480
246
7162
114874
3382
4752
4144
882
6516
1952
1708
1064
2722
242
231444
262
1492
3728
7796
838662
816
1614
2064
1410
2510
5908
68
342604
1782
250
1942
3708
2512
8834
2306
2458
742228
4974
10636
2302
7868
690
2254
2330
808
18332
1904
2230
1040
8084
1994
4308
1404010
867924
9170
906
4450
362
2648
252
1526056
2284
250
831386
5610
7962
4150
1808
298
4646
3198
1950
5270
1154
399686
250
386
3176
1580
367272
680
4660
2826
9020
345782
3858
272
2174
2576
1508
252
246
1148
9222
1890
1390
6166
7772
7362
1392
5114
3424
254
4522
2504
1378
2286
280808
8090
6754
4364
5258
3582
1142
1636
4832
8094
3314
266
254
1434
916
2362
4006
2734
10118
10362
244
13156
882
2102
2104
3552
292166
482
142600
1144
3302
268
418774
420
2762
2060
1354
1322
3116
838
3376
5176
130912
708
2632
5814
1251464
1374
4688
2274
3862
6732
5792
258
1146
1344
1164
790
1162
2532
2704
28288
410
4778
2660
2086
726
1772
2064
1016
1902
252
270
141440
634
936
802
4144
6910
10882
112006
258412
2602
258
1106
1886
2668
3406
2256
5842
1488
1536
1270
372
4076
2948
1310
2140
6084
3810
1384
1054
804
10562
6876
4242
1510
4654
8818
888
6532
124498
1286
1488
46444
1472
2260
3512
424432
1440
908
1760
1554
370
1926
900
776
3532
8588
7098
2448
1976
4524
1820
1534
1326
1826
1994
1816
576
242
1576
68
358
4130
2258
266
1156
244
1964
1878
266
575446
14232
2062
4138
377440
2504
246
4120
3284
638
6828
1124
2396
1352
4654
1032
3110
11346
1924
246
534198
1396
6548
814
382
328848
844
244
3852
3948
1134
2230
258
733906
260
790
7122
436934
1264
258
4998
8196
262
778
4636
710
17898
7840
2020
2370
1644
1024
416148
1070
2942
2656
1252
4694
284
3008
2714
2452
3534
1660
389106
3274
1528
810
936
3504
1146
228250
786
3878
239476
2158
1314
1594
2880
1028
4356
250
1298
7170
2856
262826
5768
1056
115676
1328846
3710
2862
1436
1668
619772
2218
6406
260
1376
384992
250180
290
5060
420896
3656
1254274
3218
1574
1146
2822
940
362
828
11832
72
121916
1412620
68
68
3930
3616
1918
432552
1462
6476
6012
1460
246
256
1200
1520
1336
892686
382
8348
1636
1846
1530
1688
2344
2650
4916
213710
3256
959426
2832
1108
382
2046
248
1238
8320
3690
4874
956
4266
2906
1034
5926
432
1662
251470
1726
6948
1994
5068
402
5596
296
3726
171386
296
1120
2842
258
324644
6086
2886
2670
256
122298
244
192992
6940
1850
838
2382
11084
2128
7708
938
746
708
800
364
4834
7796
3816
538
2630
233600
7294
935614
7156
398720
262
223594
298940
513518
1070
6968
3806
2329058
1976
798
1656
592
3576
11122
1332
2348
2663884
2810
6010
3680
1056
733396
1230
260
684
3326
2572
248
246
1466
256
1500
4008
1246
462580
724
2008
848882
2274
2018
31440
2352208
6422
2354
2734
3072
94860
1420
3377766
1876
1074
682
6574
1178
1328
3418
2398
1966784
1554
292670
2744
1483354
1957372
1453828
2644
2352
512
5266
1116
1288
4618
66
68
260
68324
3590
268
788
1351148
888
8934
6116
2042
242
2086
2650
372
135164
1354
2590
3946
706
6266
1598
3820
260
68
68
2234
492
5804
700
248
441434
7010
248
256
1831694
390
3616
2414770
3810
40590
9232
542
4432
3254
3178
2194
2040
68
68
244
2668
5944
1648
7034
730000
68
5466
818
260
364
358
1396
21482
3262
4610
1141028
1908
2888
187060
3810
2302
18072
1346
2010
724972
3838
378
702
5248
626678
8920
1574
407166
4570
1024218
612
2287780
1190
1892
1882
292
3902
8184
4846
1738
2480
726238
6654
1718
1610
1690
2014
5286
342176
68
3256
206798
2174
68
998
6990
1488
2352
412
1372
1886
376
2186
2968
2264
5280
822
814
1898
258
1924
3362
7782
3614
3212
254
250
3244
10448
1706
1824
10144
2596
1944
2204
1064
702
240
948
1586
3048
6268
2840
2032
6378
2378
9826
6046
190958
8924
6492
1066450
1104
1446
2026
2302
1584
368
1526
250
1728
5540
1089832
1178
800
386
19976
517874
4940
393388
1366
160828
3372
818
303120
2070
10428
804
7622
4114
35166
1934
3710
87318
3314
1136
9928
894
3318
958
2404
4416
2278
6098
1570
1354
2904
2134
1214
1532
790
238
176388
3042
2468
1554
680
1226
3970
3866
1992
376
350
6284
1494
1894
6842
5062
788
2090734
1412
6032
1528
546
2186
2208
242
1480
194428
6874
5936
240
3098
326822
3368
2628
396
1511670
1702
1092
66
85216
2068
360
250
254
250
3460
254
8232
784290
2434
264
3538
800
1764
582
39956
6902
834
3310
812
1242
3404
800
2032
256
457820
12930
4758
8756
220
3012
990
2430
3266
1748
2672
3600
706
356
3194
510
1360
896
674
1500
6608
274
1124
3520
1410
401000
8258
3476
4236
82754
768
3394
1830
1506
2388
381256
1686
790
3268
250
1902
1406
768
3008
368
392
4066
240
260
6026
5424
1220
1188
3374
538134
4690
1152
1968
1470
508
291012
2114
3280
936
1142
704
1270886
4470
5566
1332
262
1940
1134
3960
1362
2696
2686
1386
1982
1300
1030
492
9278
1136
570
1694780
11688
26906
4524
10484
1097216
240832
4192
3822
6112
4332
6362
3212
2924
669946
670
888
3588
3068
3686
1680282
580780
1432252
2134
912
780
11870
4960
4186
2808
854664
2620
1336874
774
1352
738600
1700
4314
4252
702
1812732
1898
6304
1718
523318
384
2078
463774
8594
350
1726
360
3331696
340
5878
2592
7402
1075344
1468
254
3314
1490
3598
1444
2302
7002
2376
378
574084
1078
3628
6372
3056
2518
2986
175564
1394
248
5164
244
2034
5836
774
2994
382
415944
4690
680
8346
5946
244
4246
1336
1804
242
4794
298
282038
1120
2442
836
6692
1896
356
650
3176
2360
4636
294
1720
3042
384
1482
3464
1425412
1336
9050
2712
2440
1766
5794
1096156
772
1098
1476
2140
1634
5616
4000
3142
1468
2028
2378
788
11544
178926
1302
508552
1250
4130
2904
597252
1938
1866
1168
252
4286
274
358
378
7324
1498
356
1892
66
2356
4598
696
782
3952
4174
4292
4202
3150
230
3208
3842
378
7020
4006
7214
250
2522
260
768
3244
2738
1848
1122
1900
686
5312
2226
1992510
1374
650
3208
796
5914
1814
884
1918
1094
5440
4550
1042
1266
1574
3040
317674
254
3348
764
5192
250
1226
2860
2706
3254
1226
4220
1804
1508
248
2162
5652
2268
4486
848134
2702
8622
1894
386638
1762
1090
1344
1704
7612
2584
263592
1644
499630
258
5002
3148
2088782
1444
7884
818
264
478
8752
3344
902
1132556
561712
5376
5154
378
68
5232
298
290
380
264
242
296
238
1010
3844
2466
86696
916
268
6020
2482
2500
2442
3878
1232
8070
2954
2764
264
4498
1936
6048
1132
364
392112
223102
4574
892
258
2028
904784
5992
635170
884
167666
1072
904
1712
2514
274
354
291170
3008
280
487990
506
3270
2258
5676
796
888
912
1880
4348
2718
258
820
3494
1342
47134
4960
2664
386
3230
878284
804
1204
9990
420
1256
496
250
4514
2320
4740
250
2788
8780
266
2962
2966
344
66
1052
4762
3752
366
358
1203274
2160
602254
1022
3260
244
2844
704
1522
69544
4110
7252
1580
2594
5166
1636
244
1362
780
1010
6028
5040
74922
3138
1468
362
4434
2464
766
1124
1434
884
20544
808
450882
260
245594
814
13290
370
2920
1340
7340
248
376
2072
1318
550
1434
1126
2628
252
431678
296
1944
653164
3418
1086
3348
1038
676
1150
356
618
10888
3892
796
4826
1934
5378
406
2692
7076
136652
1532
2072
2046
1506
548
10456
2451220
656
384
3552
242
10638
6136
3038
524
419052
272
1916
1140
2414
5506
4292
297662
3109530
408
886
4324
5932
3394
2934
426606
1368894
4230
5090
482
358
3914
652356
540
1498
1940
4762
71628
3780
1624
13622
360
166910
116250
1742
478
458
3846
1652
4846
2834
1338878
1344
3054
6472
3126
1472
4102
6170
176598
3100
1956
5372
1776
268478
1502
996792
1970
3530
2330
294
2234
270
268
5896
266
2550
3590
1240
276
256
296
7866
963546
3876
2538
1776
5098
567844
1258
1394
2870
1248
7566
1968
360
1016
6736
262
970078
3170
1214
1426
250
63592
1438326
258
3186
874
1032
2580
362
7582
386
5016
8446
5378
795438
144892
3518
244
882
994
4442
4424
4800
5886
2192
810
262
2492
2574
1270
1444
1588
2486
465214
6636
5236
2860
5740
3968
1012
1230
260
982
3238
50698
1130
388
6426
7486
3544
3974
941574
648
1978
926
260
3396
1624
1334
1976
3838
912
9284
10098
1054
1230
254
4468
2638
2582
230
5704
374
627490
6756
5470
2368
1244
5192
118746
151392
250
4986
1840
294
4948
1942
296
2354
1950
254
242
1206
878
1538
360
5384
488
230
2892
3032
16334
396
1746
3880
3302
2646
1034
386
1950
17778
217624
6686
5116
2252
1140
2908
254
1236
806
278
886
1870
302
3702
1944
1446
6944
109546
1674
2468
2520
1392
1064
9212
539772
8598
570
1756
918
2856
2320
5624
1306
5546
906
2216
4502
3966
3896
702182
1616
2266
430
256
973514
2336
1514
296
2257422
4448
2054502
1936
2352
738
1496
1668
1566
3484
558
6790
658
5430
266
250
558
1600
772
75172
2330
254
3458
1128
2726
3322
167050
318060
252
270
2538
252
2290
13298
1662
2630
254
2044206
4284
2848
2276
3768
374
6434
1136
408
2462
1046
2994
1949962
744410
2230
7004
688
1574
3106
4826
3052
1528
68
68
2396
1998
384
1728
1526
268
1782
1570
890
392
2118
922
2904
470
3420
258
672
7164
2892
248
6556
1114434
58466
3346
3620
2779746
1036906
192782
628550
370
2124
242
590
1844
97602
9834
244
3276
709444
48138
1352
1454
1018
242
2476
366
6048
2206
768
2824
3724
1564222
1956
380
135084
216876
3158
752064
3618
236
2926
1972
1570
6556
462346
1866
2732
2264
1226
2252
254
758104
4278
684
238
525486
362
1580
4466
94568
258
6136
8412
3238
2352
3142
364
2772
242
1610
25380
794
254
840
3790
276
826
712
337916
1702
4664
15034
3554
1434
345110
1260
1796
35738
92082
1272
270
2152
378
1026
4662
808
246
700
796
2650
1192
584
1010
4072
1224
2960
2168
78
4102
864
1394
1498
544
574
926
262
6764
1752
2430
2880
1662
2202
1130
698
104436
918
1672
902
388
2386
2952
2384
1182
2798
1884
368362
1892
810
672
3236
2634
3206
2012
898
1050
1700
609734
189804
2684
704
1144
2528
268
9478
3670
2326
802
4564
566
3948
802
222
1038
686
23788
70
1800
1352
1448
246
656
722
2742
648
676
1336
1558
948
1802
2982
467514
4062
210888
3960
932
692
684
706
70
1370
706
920
4144
660
698
813566
4212
3798
3668
4886
149534
836
248
304
258
702
2466
1682
5682
902
3524
502
500
3022
2128
246
1328
1698
3102
4864
1486
1630
1548
672
1336
1704
1946
1070
2550
3242
4064
1114
2536
2736
1249296
1112
5480
490
1324
4020
258
790
6150
914
6350
3648
1590
3506
2792
384
270
124914
2036
45838
1634
5734
701586
5074
4816
386
2708
2252
1640
264
2900
1758
846
3406
1818
1012
3646
1252
1556
670
1436
282766
256
1330
1190
1906
3858
1204
3540
2582
2334
954
572
1878
1030
682
5150
930
2332
392
2630
842
1716
2582
4054
1248
258
7462
844
3538
800
4798
1650
1196
1182
1338
110436
676
2086
11186
218830
2270
680
51564
538
790
5118
1848
260
3406
132136
3242
8276
282
258
40564
683172
3258
2398
2136
3946
3046
70
81482
778
3664
2666
854664
3808
2880
144882
2098
518
1266
566
790
550598
250474
2742
572
1014
246
650
3156
262
264
692
708796
964
4750
1628
5688
810
47614
3396
710
83584
2296
1476
1782
822
878
247656
77884
4154
5332
3528
1118
792
568
1826
1866982
3982
1260
7940
802
2634
682
18006
1008
1136
714226
1602
678
1670
439098
526
2496
1578
2810
611274
1244
2686
680
1664
1240
394
928
960
266
1476
2670
254
732
2696
53234
272
270
410180
572
710
4042
1696
2454
928
2528
248
4964
737738
922978
1792
5862
229774
1116
4364
830
43564
2598
1562
966
3970
1440
494
7246
2616
1988
57098
574
830
518700
2026
702
2626
3708
2872
262
674
1458
1828
821816
700
642
806
69344
900
1790
3312
800
2318
2204
3294
824
896
1832
2646
2044
260
4008
394
2846
1034
1216
1698
1310
4028
356272
1480
828
388206
1790
1390
2720
1022
2520
1308
998
1672
2590
3496
1204372
674
2474
812
7302
388
166054
700
2018
2258
1366
3104
778
3810
1612
2646
820
298
1564
2064
1748
802
706
1908
3646
1188
666
810
556
674
282
2130
2618
238938
1502
1488
753062
1352
1320
1784
1118598
1508
268
1140
1196
1398
1712
5740
944
4850
812
744
2040
920
106990
7164
1046
1942
196394
5788
2302
1478
197856
1828
1424
1470
2254
684
872
1262
926
24918
3342
2686
5508
274
23506
5548
2966
638
682
914
2014
1238
4234
447184
4340
7728
38602
2442
2468
660
198334
804
2784
1834
85028
185098
946
888
674
4386
694
2950
541352
1030
218
1384
133232
14766
248
794
260
670
265918
4856
6062
189114
1478
2332
4106
2754
2416
768
1200
1190
331970
720
77616
574
2234
510
678
2432
78
1608
3940
972
1380
1000
2652
816
246
1526
5534
682
392
662
1074
44182
3476
13862
1170
1036562
886
183356
250
2494
660
1142
2338
790
1064
20964
4722
1366
2486
1664
1136
694
1726
2274
1466
2080
2732
1116
582808
1584
2080
3772
285102
392
1668
2188
6444
724
2136
560926
3882
1038
1020
292
690
820
954
1676
4198
2288
6044
1632
21698
568
576
912
256052
3340
884
788
674
2448
1446
2416
5234
3704
505662
319672
4200
2214
3872
266
548
808
60726
572
1024
4602
1112
5976
2094
3382
4558
4656
662
1662
415852
1834
1796
228576
710
1720
1576
3316
904
696
9076
3108
294
4154
914
250
2160
686
9824
704
1738
826
1594
2100
540
270
246
2184
1528
4366
940
1120
3072
1452
806
402
2362
4622
1248
332992
3616
239670
974
4788
6412
1598
56834
294
1070
2498
2264
900
1068
1358
329690
1404
628672
2366
1870
2336
19154
940
708
3512
1276
1084
1354
1150
2594
3416
1304
72776
70
1394
990
272
2928
3572
3182
296
1494
1984
254
566
2194
255710
2832
1992
5674
2912
782
3568
996
6174
2982
2942
842
1150
1978
1678
526046
1688
4238
670
150866
805736
1804
1488
1152
1460
2266
1616
4380
3138
432
252
248
2162
2938
6786
7694
96768
1932
704
1058
1960
244
1498
906
4276
570
3658
385744
3370
1392
4398
830
2926
2362
2218
104086
1120
4910
898
944
980
556
702
1386
1590
1314
6158
5926
65568
3462
9186
512
248
1472
4766
5430
4960
822
1992
117940
407066
886
2004
784
7320
4378
882
172812
2044
204508
2708
1284
256
566
68
4200
1028
1918
380
1342
374
4518
214472
372
1294
274
2264
186798
17688
3286
1428
692
248
477100
1382
2158
1038
2496
582
2976
748970
778
942
1070
78004
8686
1444
2228
1634
2300
3178
389996
1030
262
920
2524
552
1146
1470
2784
119808
1154
274
700
404
910
386
1182
816
1912
3730
3094
4382
4118
260
1484
1498
564
115196
5628
1406
70
2978
317932
952
1216
258
2920
724424
197198
3912
2714
8972
2762
1690
202856
932
2784
6496
676
3130
1086
2572
726
562
217082
660
70
3108
3438
1178
822
157676
590
1016
136792
2622
716716
568
1676
1808
1688
1786
764
1266
3388
1232
570
1364
820
250
1198
556
588
960
3480
4416
2484
1378
3984
1836
1554
834
2468
2946
7764
946
4056
9240
656
700
888
488
1048
6858
1100
672
414
532130
2968
427198
2876
1020
1702
886
2438
598
6814
558
3866
3336
804
788
492252
2324
1180
11956
2082
2088
192364
1102390
704
4062
376
1528
788
1534
1906
5492
3936
3016
3604
548
2580
7494
268
6770
281940
733542
8034
510
6044
666
14640
77688
3526
1068056
109980
794
270
2910
44016
2502
3178
248
2262
87194
4522
638
696
5926
1254
8652
272
11134
1282
20696
838
5812
386
382
1350
4564
24678
244
538
15570
266
3142
1128
3132
244
129230
813424
1186
260
3014
378
1378
1199154
16924
7612
3480
2724854
7520
1127556
270
242
903636
349674
1320200
264
122862
238
1818
5572
3866
2744
246
1548
4570
232
3498
1246
811690
900
376
414
7184
2924
3360
1178834
5204
8130
160194
7574
4162
680
510764
677064
3590
4242
566570
568096
2596
228
6252
242
2998
3540
4440
2784
1988
623488
262326
2312
1654
8660
672
239956
1596346
2412
1342
103928
7506
7140
29294
2884
6524
4364
842
228
2250
58838
358
252034
366
1610428
755028
3332
37634
8672
88236
368
4296
2032
2738
1930
772960
4222
5824
477820
382
4754
386
2938
4944
4616
1516
13010
106172
1492
390
7710
1170718
4790
63956
28160
3046
9316
2788
670
4984
1608
1832
619292
1090
68484
766686
1786
1720
4506
3712
66
546498
51072
68
68
250
2926
4108
3924
205240
940
4092
707480
12694
2894
1534
72656
1694
295118
368
70
36058
343316
655250
1546
1539404
2244
1217762
2910
7298
3802
215710
5290
7432
127744
343086
2272
369200
601682
358654
5308
4700
793338
6654
246
51346
748896
244
185254
586350
227310
3272
47250
368
282
1018
666416
2346
1218
108524
489998
262
800
692040
772
234
1806622
648
3316
1658
527420
1351674
178434
108344
7158
149384
46006
280
348042
250
2318
2440
4864
802
1332
365432
2092
1476
2826
487056
280
676
4210
1542
5458
3378
196990
70
7822
5370
258
546
133060
2465546
7692
252
155420
4686
990
4148
955084
244
4390
1188118
1649948
118052
2946914
4924
209414
860
820484
1030
2316
248
2800
396
3216
884842
1376
266
5520
3000068
1386
4458
1060262
394410
1914634
2044
3326
784
2680
2244
1166720
1004
1319754
86750
2352
976
16398
3180
4814
2980
226
4234
27710
926
1596
5022
372
8374
764
1338
1692
616298
6912
980
280
262
45112
260
3820
3274
236
2090
892918
21216
930
1028
2240
540310
1228
8340
5922
3048
14500
1149812
246
260
484136
1314
3482
3124
2052
340444
1382
7090
3093716
74
1360
150930
368
2216
362
4542
45940
158390
5962
262
495602
1240
73290
1212
2093158
168500
1322350
744644
66
6440
1640
1457008
388
3988
516
3966
806
3306
1450
108000
2672
1382
3122256
3414
355118
256574
541362
368
1284990
491006
116890
2632
7890
4850
1270
282574
4228
3260
4430
254
9260
1794
243880
7316
386
6284
150830
1458
3324
1708
3330
4318
3252
495858
686
1252
587978
1429802
1344
463642
244
3158
236224
279788
238
612468
268
2294
526
2191860
662
2493934
9252
46160
1770
2827042
742532
892970
542592
125450
412
372
3756
1354
1822
386
1040
2504
4988
1914176
4486
16008
7800
652
1714
570952
486460
2359712
129998
2552
272
45270
177302
248
2148
790
3190
386
899372
4222
2762
3944
6182
246
1228
2852
1008
1884112
782
280
372
576304
1432228
817084
114042
4402
359060
260
528
254
1428036
1498
548
516210
672
804262
612
2760
1686
7602
256
1258292
9832
1640
1938
3686
298254
374
1055098
1126
125186
2592
1304
3828
1448
5360
7108
994238
1340
358
1004
280
7130
2438
252
1368
1255806
45280
113958
362
392
2398
2654
4940
199752
103028
250
66
2756
10664
1478
268
17766
154486
3392
115926
238
276
1586
733876
959596
2876
365352
872
447054
5164
1580
1700
566
3750
1186
2604630
270
2742
328340
248
370
120080
208442
238
3440
1520372
6204
118648
1194394
193994
1118476
262
5802
4486
1560
1288
672
3232
262
2270
1674
3248
80632
215928
356
141024
2174
240
1492
2552
4372
8536
164670
348786
3582
828184
1316
328636
4174
268
654
772
357604
385618
510
5274
4930
764
278
68654
2352
264
2970
2439118
5004008
437236
232200
802
3826
3606
1014
1025462
932
1557566
2849146
2147540
2661162
2070
922156
1438844
1922
720
395864
1260
1096
372
514
372
423324
1208
1292
897858
455542
286
4830
557850
4334
1404
2118
240
4138
12058
1558
686
282
1434
1898
1212
7940
1210
1528
244
2088
289124
13076
2320
306722
2646
374
2466
1314
234
3490
354692
5278
223240
174370
252
8902
1655992
829050
68
813506
3304
3234
18354
3962
4460
1303128
1976874
912
322048
280
2854
234
248
534
9392
4042
246378
295008
16424
21570
3868
1028194
388
2628
1200
7278
664
3834
3914
1698
1069854
1686
985486
1462
6908
972242
2384
1846646
1698722
310514
2496
236708
7758
3390
678
354
1276
768
1470
8016
568142
3780
88026
2282
1708
298542
228
490
4534
4000
980
70518
698894
5098
6216
1246
258
1646
5292
68
82
246
425526
536
252
695228
4590
1780658
108794
1698
1108
3222
3534
3396
145756
1042252
550256
110880
500
3459204
1362526
15314
404
3846422
156640
3012
1224
1676
5264
924310
606906
4876
2010
2290
160306
111750
278
234
48786
10184
1480382
786
1398
1508
2756
796
208090
889836
57342
2896
1480
970
2058
242
376
7998
6290
2634
6406
5808
2063664
548
1950
9578
1605506
390
532
4292
5102
2842058
2460
874968
1594
892600
1380802
1986
124532
254
816
654
3286
6174
581806
1284
5548
980
3588
68
865654
2798
3946704
1146
6712
758
4962
916
388
2296
2470
281656
248
2082
61816
3534
2908
4404
2538
292
246
390
276
2012
2922
556
354
264
2890
5246
2474
5098
146032
1162
3172
7058
1198
2686
1584
1878
672456
252328
714
540
2918
227712
787830
968
828072
772520
250
2288
519980
6654
1443040
372
29396
1586
262
1900
1043318
1365284
3878
1083120
2230
392398
420438
381802
2592
362
3876
1696
3764
2604
250
1428
4474
3168
2022
656
368
2040
2998
1470
5878
2978
2516
4124
1591710
79554
1254
423046
238766
354
624
3436
906
796126
2474
10226
1748
4854318
670
656
884
7518
398
892646
14142
3856
3358
1474
3846
401518
70
2586722
1053360
1112
196852
2326
879356
244
108096
1318
2758
27252
10186
89096
1023264
370
470898
1442512
15942
1562
282
73214
1038
366
7826
1999734
1483018
890720
472816
4070
49020
142330
280
1217762
1784
91622
3504
1890
5064
1956
1024
3664
192502
722980
2682
2140
254
1384
1264
3176
10122
4658
2946
266
533244
4372
6004
928
1894
1802
562
1666
554
2578
2690
1724
11142
1362
2196
14240
7354
244
72888
898
258
3534
2130
2180
282462
2220
1448
1128
44664
306080
3654
7074
4052
282940
580708
6268
3058
44578
1532
1144784
4498
1416
2592
580
1474
1978
2352
7794
1522
248
3442
5976
889026
2854
1506
1446
3836
2604
2846
1100
1050
4250
810
3462
3294912
540638
1342
167934
68
70
3838
244
4086
258
1456
932
1100
240
3008
6698
258
4160
1167046
976440
788
2848
1864
1936
9490
1746
4928
400
3120
828
2454
1078
254
554
254
10576
4496
12470
288
380
3510
1982
10156
3190
11378
4776
484688
4698
5120
1164
1074
2718
7516
10352
1913942
3338
780992
4968
2914
3882
7596
462402
912408
5512
260
2394
4188
1682
715054
682
66
1328
3458
2834
3912
156610
2834
875038
3902
186012
3918
68
83890
2012
590448
2042302
394
5486
2168
3806
158362
5286
3728
6200
4118
71888
4476
2562
294928
260
4058
5868
12656
1124
1183576
7220
1660
1482
10306
286
3416
264
1241098
860404
3124
1682
5806
2028
718432
804
944202
1464
388
588
5698
236
8732
674
2610
2658
3480
1500824
1370
4302
764
3136
2686
934
1742
360
420932
195894
60686
3686
10166
366
1571318
1109806
1895780
258
2498
676118
4156
66
686
1364
671654
688310
250
3240
4512
2338
1652
21072
5160
1010
3456
676
2206
1046
874
2018
1062124
710
14346
718
4000
871774
6412
2320
1395516
1692
7652
9310
4436
682
374
760
3128
694498
262
2196
236
3120
1120
1902
372
1211106
1284
2584
246
8300
1546
1108
990
392910
68
66
262
1394
366
199940
256
260
5994
242
5380
4556
994
12260
2850
34670
2332
87200
12454
1737234
290706
888
4176
21498
4348
2806
1632
252
1138
1128
910
1282
8668
26578
1578256
3096
5008
4580
1432
4990
1854
197712
85204
2164
2446
7654
984
3584
2289634
376
171310
712
5256
48014
292
494
698
21088
2496
254
1614
2218
2378
1486
286
1635582
1312
411550
3782
6700
1374
4722
3422
1524
796
3240
2088
2892
1616
256
1910
12794
246
2674760
792
926
9710
236
3778
3326
9430
1614
424
666
1152
761914
3030
5926
1134
372
564
950052
284
264
1490
3774
2096
1338
558410
1458
1812
3122
398
2028
5342
1688
3462
526716
592
708
3518
3048
7114
1512
382
2990
1344
3130
4298
230
3538
610312
1194264
6270
1018
9766
1120
1660
1776
2456
1842
2530
3700
1236
485874
105482
252
5050
2336
723596
770
510
1384
4228
1168
1162
2786
3164
1675020
1820
286
2494
66
2800402
9568
2866
3710
260
240
508400
388
708
10574
68
4814
7522
254
582
5274
3108
6798
668
5640
3214
260
2718
904960
6358
29372
2522
1220
2702
2118
3958
3864
3248
244
5486
898
2076
5488
700
250
792
5526
1055318
4928
1388
6320
4002
3296
24716
7924
752
226214
3280
290
1456
244
1940
256
272024
3738
242402
1046
7284
5216
252
3730
384
4500
6448
6016
1066
1842
280
3356
1260
1870
1804
20176
806
3828
2700
806
254
7466
3126
248
644
9768
2132
1058
205204
777314
2454
5446
2786
2636
1700
1828
1596
4634
260
17614
3924
11230
244
3690
2812
4246
812
260
5790
1232
4868
272762
2748
1964
1992
720
6798
332692
264
268
3580
244
109868
7300
252
603534
238
156444
3464
10772
1358110
2948
4622
382
252
1810
3476
1578724
1742
6478
6548
1820760
3700
8506
388
3516
2858
1320
1316
10514
1246
6556
1904
3456
260
3092
2904
4438
334
9314
3566
808
6036
6912
5986
2100
386
6554
240
2852
68
66
10064
78374
660
2048
8172
266
4414
516968
5964
1598
814
424
760
852
242
5076
4636
14190
6198
250
1146
158232
3116
3072
786
2302
1106144
1718
1614
2096
2076
766
4982
1088
7890
1218
2102
6954
2176
7412
857392
5748
254
6734
439956
8672
1234
8376
3488
4392
1238
242
192722
1694
738652
4572
5186
4134
4026
1370
696
4742
2266
3388
1330
2726
1748
5356
1222
145608
1330
3650
272788
270
2780
136950
246
98958
250
690
262
1748
626892
4420
382
460646
3080
202586
6348
2644
838
3048
1186
6890
3598
848
250
9014
3034
252
1540
651624
618034
2434
2724
258
1432
5286
902120
1090872
2006
250
2582
34686
777336
1324
258
59312
694
3870
3868
4944
2180
5928
294438
2130
524
4546
68
330586
600
153260
4168
1946
4424
1010
2266
1878
2022
3544
208926
2776
972432
1956
256
7748
6384
11814
812
3576
288
1682
1886
1478
5318
22226
1134
4718
2724
7882
5700
1020
1932
5100
89070
1340
3638
736
3328
778
6880
2212
250
1514
792
415018
1148
894
1422
2134
864
1200
1798
2140
366
2723164
1004
3636
2798
2130
1072
2350
526
1164
2598
1798
2178
704728
9370
258
2682
1244
2772
3160
1064
264
6168
25694
3168
3100
2122
9422
3446
2212
812
1742
174336
1116
3484
1079354
5110
802
117742
798
4374
2540
1594
519970
392
3716
8106
3356
8218
5274
2948
276
2658
7742
6136
2902
2042
2340
3306
2376
2196
205920
2634
1890
3690
2630
9096
3818
2120
552
1768
4954
426
9112
68
850762
5282
344152
1420
111734
264
1984
3482
4978
258
380
364
924
988
2756
1396
398
1796
2262
1722
712
5256
1978
535458
798
4766
5964
264
668
143416
800
1090
1538
8430
1452
930
7800
5442
4672
888
2288
3640
290
7164
2434
234332
2858
9822
8212
2486
1066640
1277060
68144
3886
2620
89954
4420
5230
621992
810
1402544
357138
244042
10398
1014
2102
2492
802
1131736
356
1040
248
252
2474
3188
926
5486
824
2560
1074
2976
1038
252
3952
268
1626
8226
8090
2964
1702
246
3980
1558510
2008
1354322
5528
768
1990
6370
1081158
6554
1749386
256
10084
806
2310
1154
1326
8022
338114
250
1330990
2738
254
2498
8590
1808
267302
773420
2284
258
2868
254
619272
1268270
3080
3860
373572
8212
1398
520200
1666548
6032
2912
2664
7032
372
1712
2552
5472
848
2760
2042
802
1258516
1132
806
3058
4634
211274
386
1292
22604
2597028
1376
1051746
6254
644158
8524
8344
5002
1115944
821792
3218
660
4304
1112
2258
3868
3464
9980
938
4564
248
3896
244
382
386
1584
1112080
1274
3040
896706
812
4274
10268
4250
1018806
1208
1246
5436
520
3006
3444
3156
4306
603800
2150718
1988
10138
2782
246
2158
2488
801792
1608
1342
1260
1374
1028
940
524
1717010
1086
36656
975478
2286
368
252
739924
2120
1324
1344
254
4388
4404
2424
1593778
495978
3812
814
2772
822
1480
3786
1626
7740
3464
1138726
248
3854
766
366
1920
5630
3892
12100
886978
6870
4328
7374
4654
820
4076
2062
2000
2212
65698
2124
1488
509476
4296
2106
250
54074
2328
816
2134
5282
4956
328838
632
632
368
7354
124734
725190
2058
4046
457610
3282
4356
6062
276
244
3562
926
1906
3102
248
18708
240
772664
786
686
1358
7454
266
2256
236
1387518
65614
1270
3310
5748
254
5788
4318
988
1218
248
3142
390
386
2668
5132
13974
326848
453026
1112
5864
10834
236
5270
228
1868
4766
1452
4816
1242
250
1222
1688600
2594314
2280
5598
696212
209748
5200
2050
672
2890050
358
10442
242
1072280
248
1238
2816
3964
2640
117802
1584
246
1438
240
734568
1962
575490
246
2820
598
1462
4442
662
851896
1406908
5788
973660
376
5340
2218
534
223624
2558
1786
4026
3568
2002
7538
6858
1036
2242
54514
1282354
1888
1506
1766
181674
55158
3206
112292
536404
555714
251686
794
11082
368
4706
1607554
1118
3000
654
951032
1481976
7168
2214
1606
457126
1193220
244
2564
702
680262
978
431072
766
1120
256
374
63426
254
291718
1132
398098
1420
2080
581998
735888
6356
1670
277860
35748
1543514
240
248
191712
5676
892
1866
266
203434
4496
158308
1216
1806
2752
66
1700
1702
3112
915768
6918
1278
844
264
264
3848
921372
242
994
2650
220
2596
4124
278
2052
736776
187648
2260596
6050
68
1111742
806
960
9704
1248
7338
4218
5252
274
2568
264
2316
380
644
3184
766
1144
84194
682
1498
3560
6856
2850
1558
1352952
128234
924
6512
665190
717010
190746
582814
252
690692
2926
9052
1097316
344850
814
1998
3078
68
666
488
360
3286
1894
664248
1120
1212808
366
248
1387868
3404
6500
2648
1361786
1029148
7918
7152
7818
1653982
1588
234
524
244
3146
1832
297256
2843482
912
1320
244
3376
265252
246
8072
358
366
3722
2414
496
406996
2438
3620194
270402
3338
2614
1918
2492
68
117448
1010
1642
5980
3734
354
250
346
278
235590
11238
1338996
1026
2314
3416
552
648
1158
282
2276
1686
1772
33414
4464
633448
64308
1552
2070
1515116
1865658
2564
2336840
417098
39644
3016
374
322144
200230
3808
4192
1064
252
244
1356
11612
4014
1142
270
5892
1156790
4084
776
180670
244
242
8678
888
2376
583432
1026320
5456
262
1340332
2426
1986
2478
2492
1366
1218
372
538910
810
2410
276556
3414
3418
254128
492
2494
1394
346
5758
441774
1744
15306
438516
1118
1122
262
284
4190
1023842
1206
1680
10938
254
1324
252
1002
272
7828
2614
6882
2148
4094
640610
412192
770
7906
1140
1130
1376
354
240
792
5146
82732
538120
26766
4872
3314
820
9294
352644
1006
4110
4830
3412
256
3476
630408
262
1446
246
1462
210400
69536
1778
2026
1250
3130
2346
4420
4286
862
256
15640
9034
750
1438188
1386
152348
2337560
297248
358
380
2604
1024
484
2882
2922
534
248
2610
234
58004
1736
7628
2230
236
1634
68
8080
2162
650624
5958
1844
3949412
1276948
256
1050
250
2550
68526
2310
894
5256
2710
792
642086
656818
250
628
1094
4654
7264
282578
678618
234
3230
196600
1532
411458
1434
1172
774
3444
1894
10500
5256
1130896
2487790
168144
240
7708
1214
647130
490
110414
1040136
76608
4208
2290
1010
3206
2841270
1111944
2216
383454
3346
3580
2028
244
1893362
814
1892
2542
1928
8522
5356
238
206046
236
23152
3452
648
3628
1212
3211138
128916
250
126058
6874
5368
382
972
70
854248
2854
275536
506
684
1758
1512980
4198
1616
323372
3786
89544
354
159622
30704
662
332454
2370
1068116
1034
32610
252
729646
990
2532
868
1720
1606
5066
6216
3486
802
832
372
1462
2222
234
3924
918
4972
1360
4790
946
832
1012
4228
2594
210666
4960
1004696
4964
47544
984
3448
3916
6610
250
4700
936
1040
498
5012
686
2332
1912
816
810
250
924
7000
274
244
539262
4218
398
245426
802
8270
235022
4844
1006
3822
12476
1265574
666
128700
7904
920
2724
1298
5920
398
208344
1220
2754
2034
3420
1338868
4990
966688
3284
4626
3268
5402
252
1030
240
6660
2502870
3170
1567980
1560
3921022
904
72180
681762
912
2732
1087016
21986
558
2064
564
1480
1600
1768
8316
692
2592
2060
855066
784
4042
1836
607070
3562
10336
331874
1350
1792
260
6514
8154
1938
77492
240
2212
700032
782
254
2264
258
5118
238
1364
404
256
3534
1414
2320
1036
223170
950
5862
706930
2178
4404
380
1189538
1016
1230
886
4758
384372
4404120
50966
258
4650
470
1032
114264
611030
5454
842
3178
5104
1790
266
898
254
628
505422
1954
1894
922
4414
262
1978
5708
1894312
3990
215632
2708
4558
536
1914
2560
990706
262
804
244
8030
24014
6262
883508
1492
248
598752
619988
4240
4918
446574
236
1620
5842
492
358
822
1632
1524
872
1268
2908
800462
395634
1796888
276
234
1092
4052
384
38334
1474
1334
692662
2316246
497086
96358
1406858
664
1572
238
2202
1008190
2626
3458
34974
2419120
2458
526786
254
5794
207034
4266
254
68
2404
2194
1616
4286
3514
11016
4050
1834
280
248
2381144
527208
678338
1191212
1930
1710
1472
264
894
4388
972
1008
1352
670
484
5148
246
358
122584
532
1748
2014
404906
1356
636140
3388
201590
6338
2047298
16332
1098
4034
3154
1546
678
226252
244
364
13440
2904
227544
2350
3440
2732
1250
354070
372
4420
1134058
364
700
238
2286
5738
3708
250
362
3418
1562
528172
236
7092
4290
240
2804
1008
6312
920
640162
3564
1364
2570
1878
3056
4612
2090
2408
2254
2398
4032
574
3102
2622
4300
666
692788
4014
816
1790
1266
4010
696
1320
1358
8908
1774
181074
1322868
956
392
676
922
389202
1136
3554
6072
1918
4262
802
3008
4776
548
382
591196
3544
1474
4814
16740
1416
818
796
2462
260916
2132
248
248
4042
3262
2748
808
2306
4002
16606
246
550
54316
247382
802
254
2570
1096
6202
1346
536
1568
250
553926
926
4328
254
1140
1250
1760
2412
140672
678
244
582
125150
2158
4434
2312
3190
114388
1102
1010
940
1478
1396
162438
1820
676484
2336
1418064
1956
3710
103368
534
7346
814860
303110
544
660
3364
3756
5134
1366
2732
1012
2004
2180
834
988
6294
5330
572
3742
2632
578
246
2034
7254
3644
854
818
2212
1286
2230
1188
181576
3978
670
1714
248
788
534
1026
374
2086
40978
62874
892
1576
1104
312986
1368
3338
1508
928
2332
538
3030
790
674
3850
2788
4352
368
1384
4574
664
351448
1806
3042
3842
4980
19228
270
2446
664
1360
1800
2142
2728
1022
3204
1642
38758
240
3094
10574
2022
1584
1566
2414
2140
8050
2412
814
1612
4414
2228
922
800
4002
12044
1276
5664
767302
1024
694
1234
1810
2384
1626
7930
1150
510
228
796
1164
5888
256
1872
6388
4676
1742
189000
6844
2252
2908
3870
556
264
378
2020
920
171536
260
676
4662
686
538
1294
1354
570
258
1242
262
100170
2554
678
1000
3400
1212
1562
1806
846
2606
916
254
7890
1280
3072
2840
562
113788
260
1040
2702
173024
1506
704
5626
2010
2336
990
1070
211716
726
280
5832
256
1612
1306
988
4548
4622
710
4362
1288
1122
3098
1800
3306
930
1606
1046
1556
3100
1036
1784
301438
270
954
262
1218
1330
2774
1444
814
6748
548
1526
688
3962
1250
292
254
2952
568
254
1716
4300
2186
3420
5680
1232
896
834
688
536
197904
410
2882
2622
982
1944
1328
285938
540
966
4176
710
155132
652
1172
1414
2864
992
3662
1558
682
1948
694
572
288
1322
3042
10396
372
1810
1040
3236
9136
668
1170
2208
7526
1256
828
886
457734
1698
530
808
948
2102
2612
1802
3254
264
710
4998
401328
1422
546
293614
912
2284
874512
1972
1294
274
3344
263678
802
4324
664
1026
1614
610
182262
1894
672
7810
1960
2514
325328
1316
686
700
1552
564
914
256
252
1360
1013970
390
1036
2004
674
654
3680
67450
2908
4312
915924
2602
185614
656
148224
658
244
2196
2736
1406
676
167556
662
666
692
6478
1388
551814
570
2588
1732
2086
1462
5964
254
75732
1422
2910
656
970
673290
1764
3118
1484
796
16736
368
1356
384
3740
1112
5462
1498
2028
784
1644
1618
5556
2808
786
3604
824
2178
3450
1274
1840
248
1428
4150
1364
3454
2900
926
106910
498138
4530
3248
5968
996
386
786
252
2188
457802
1516
946
1074
2004
1018
1018
666
1476
4370
248
78524
254
1834
852
4298
1364
484
1430
1390
3492
4004
902
246
410562
3994
1206
1640
1816
3826
568
309548
246
1436
3496
172734
3498
570
217238
1114
19350
938
5912
1402
734
834
1474
678
5056
262
200368
1464
1706
554
2074
3174
998
1136
1434
1104
398
668
3478
9334
2570
1156
164930
584
260
6608
246
4810
1952
590
254
2334
2142
1562
290070
6472
790
1132
2372
2128
159558
1782
1092
51066
1198
550
834
2400
2656
704
464154
1974
23492
2308
240
694
5584
804
8016
2058
242
4158
544
1460
1106
254
688
2222
268
335568
1608
3804
101574
1174
1990
892
1600
1816
2314
4012
1594
3016
688
70
3618
702
2110
1384
1596
3318
2750
1974
1554
260
1816
1097134
1652
1428
852
4374
1506
3236
796
820
2458
1942
238
516
5886
1096
1134
254
252
94174
274520
552
78278
984
2026
374
1048
137738
1152
384
70384
1134
4024
3106
1362
696
1006
514
784
2974
824
794
4220
264
1042
262
1052
2782
674
225354
2210
2122
1536
2014
884
1576
268
4442
552
3260
942
2068
1518
4576
542
1668
170732
1132
1662
5952
1720
376
2178
1018
672
374
1758
1172
634
1020
7796
4242
3548
2938
1182
892
2698
2818
4076
902
2550
1944
1385398
4018
776
518
1344
4470
1112
3134
248
260
664
298470
255762
684
564
1594
256
1844
388
944
1356
2012
2392
63162
2682
2030
8260
934
2552
3378
576
1694
2310
4316
260
286838
254
3140
652
1832
2492
674
1654
660
8862
560136
475944
2018
101410
2308
3962
78
2818
2518
4818
806
8182
776
1376
1382
3512
547852
1104
890
5714
926
3862
1148
812
1936
1316
681726
2300
806
248
896534
1398
1782
1506
6104
2220
358670
564
256
3904
648
3668
250258
2942
812
556
1934
2908
330240
1458
4852
2318
1062
1058
3470
1796
3080
1112
1380
49774
1930
4030
8152
1960
2842
980
2298
844
406
135202
648568
858
5688
6274
42340
1018
1011530
8986
258
1530
1054
2932
23768
266
3812
2144
240
568
7302
792
1834
2480
904
3020
2178
780
1200
484
3554
4258
926
2752
5970
262
2010
115600
802
1936
244
2944
2474
1834
894
648
1138
2418
286
3618
816
628
1234
244
1188
2296
3428
578
1588
712
5006
2794
2660
548
2356
3236
370
4016
1536
1934
1388
2240
376
1976
5912
1552
2448
272
546
1794
680
564
1902
546
1880
1810
1322
2466
1718
540
1534
5046
1794
1370
20222
3878
13730
4092
630
814
6134
6134
1004
916
2540
11778
2624
1258
1444
528
862
1008
6304
550
4514
258
2758
260
1196
2292
662
2048
9420
4002
262
252
599916
3514
258
3178
954
1004
1142
9186
660
1968
2644
914
904
1394
544
1266
2714
2492
1282
2204
990
1432
2554
1468
6518
674
254
3766
1310
4376
256
958
198832
1396
2052
590
256
1294
266
840
260
2386
260
4048
1252
5566
2264
508
910
2916
3614
556
1294
4468
2310
