3ff:0:0:0:0:0:0:0:0:0:0:0:0:0:0:0: (total 10)
0 1 2 Thread 0 going to cpu 0
3 Thread 1 going to cpu 1
Thread 2 going to cpu 2
4 Thread 3 going to cpu 3
5 Thread 4 going to cpu 4
going to barrier (cpu 2)
going to barrier (cpu 1)
going to barrier (cpu 0)
going to barrier (cpu 3)
going to barrier (cpu 4)
6 Thread 5 going to cpu 5
going to barrier (cpu 5)
7 Thread 6 going to cpu 6
going to barrier (cpu 6)
8 Thread 7 going to cpu 7
going to barrier (cpu 7)
9 Thread 8 going to cpu 8
going to barrier (cpu 8)
Thread 9 going to cpu 9

cpu 10 cur 10
STARTING...
going to barrier (cpu 9)
STOPPING...
Duration      : 10000 (ms)
Acquisitions  : 10200440
3167670
788943
3855
2007
1383
6549
57618
113934
4521
5421
5391
309999
2355
1260
3249
3288
4947
6249159
34962
49971
1057854
107892
3354
1989
5112
1401
2925
4005
2736
2352063
51843
1421964
4962
4107
3015
2202228
2313
3414
18144
3222
3279000
4272
4425
1045659
3468
2682
1872
4491
3780
2103789
4219113
5424
4519356
399885
6492
3690
2124
16773
1890435
1364634
5051634
5031
9940500
7767
3906
2247
7128
2640
3333
1208067
18351
2106
2117946
1100292
2265
3216
2259
7799562
2400
7750944
5757
370230
1347
2169
4623
1956
3126
3069
15921
69828
2379
3990
2949
7338273
3276
2772
421617
4086
5258388
2490
1103712
2673
1384149
2970
1370685
1950
4275
1545
2664
3084
105807
2823
1434
2340
2862
5665038
22635
2916
7593
4251
1368
133890
3027
1302
1401
5028
3621
43050
2814
5772
4215
1300086
4950
4052115
4944
7371
3468
23286405
6138
10073583
4617
2415
3672
3598584
2307
3954
1041
1497
3345
908871
2703
2823
159411
6663675
2304
2241
79194
2271
3222
3705
4272
5271
1803786
3732
5537106
2127
5028
3345
146634
4578
8109
2760
1431
1175496
3696
3636
4560
6882
2883
4581
1917
2262
2175
9332214
3348
48918
6626013
3273
3606
4701
1857
16443
1000167
15771
2589
2802
5017362
5484957
1968
3207
53343
104664
3438
2181
3429
160788
2985
3585
3285
1401
1680
963
3741
2643
744867
91071
2508
8154
2922
38736
3286170
3924276
2649
3462
2283
1665819
2658
5802936
3174
13512
2733
3258
8455515
2517
2580
4248402
2961
636060
1122162
1758
1653
1215
3327
6972
315891
3267786
2502
2424
6684
208335
2274
2016
2478
873066
23286
2289
3273
2994
3102
99393
4065
3513225
2253
6348
719100
1810803
794013
1860
1772967
3226341
119940
1308
1029
3558
2355
2466
41445
48963
8178
1722
4848
1044
332631
3591
3687
64467
345612
2904
2670
2571
4500
184326
4308
158931
1962
16785
1965
3084
7689
2550
54771
8250
525990
4272
2700
4707
237174
3351
2604
1773
2457
2295
4824
43524
2796
693
97380
3051
23358
1902
2214
1368
279768
3066
1935
2742
92466
212187
292125
3594
2484
5469
3627
2382
6432
2439
138747
2841
4458
716880
81501
1836
97389
1992
1641
4245
649158
48390
3741
2835
79056
571431
2532
2673
2094
4194
2364
312990
4215
19278
2430
3753
26073
4050
15570
141081
2496
4971
1251
4626
3135
270330
176787
4158
1752
1956
39489
283773
37260
2922
135426
2319
14070
2727
5253
11385
4086
2739
449256
204003
1431
2166
3468
1764
3189
2598
80385
3345
3729
2622
104052
2529
226881
2568
29589
3228
3363
4113
597477
2292
33561
16734
4230
7185
1959
43263
52095
5127
2169
260589
142533
4326
3573
77739
7866
2082
128334
193782
2649
2958
182457
2304
2376
357066
3360
2301
1037277
1581
2181273
1890
3657
2286
2403
2040
1437
2763
1296849
2877
3639
4524
2193
10878
604269
3978
5891628
1572
4413
3003
3986559
131058
2766
2925
3171
3228
2487
5391
3450
3039
2256
261315
4107
4923
2985
4912851
3213
1268664
82941
294753
1773
1770
2688
2340
3447
4590
2502
2237238
106551
262395
4737
4125
2613
2127
2607
4362
4494
27111
4123710
3603
25377
2916
1083936
3285
1899
2148411
106341
2814
2316876
3392472
5286
2760
3267528
4977
2013
3087
4563
6631809
44094
2139405
3183
1161522
1630512
5370
4317
2301
2179449
582
4687359
2173512
4653
3048
80595
1899
3545082
1034544
3693
2727
3186
2115
4152
9761244
4635
4268421
21249
12315705
2649
15302343
2514765
2811
3060
1218
7523175
5082
2991
1467
7038
3294
3084
1341
1299
882
1935
4938
5264619
1236
3942
4455
4542
6601215
1060563
2058
4983
5246691
3654
1650
3144
3447
1475520
3819
1677
75894
2974251
2958
5385
24960
1869
2070
4734
2265
3330
3288
2016
1530
1947
786921
2489721
2634
3961563
3759
13095
2802
2262
3876
4938
3930
3444
19518
5055
2424
3453
1860771
3978
2502
5478
343956
8048994
3186
969
278142
2610
4029
390645
86298
4611
25551
1800
1732194
5562147
740091
2055
3645
1860
1092
4914
6860649
1911
2223963
4920
3237
8184915
2043
2880873
1794
1971
5265
3018
4590
17970
2919
4626
2340
222183
2589
5925357
3422034
3136278
108549
4206
140364
3942
83940
2343
4650
18582
91713
2568
2001
3867
1869
1605
29715
1587
1764
3801
4623
7122
90114
2523
2340
54228
4440
2769
2376
3441
30375
4008
5016
147603
143703
3297
446406
4791
137649
2316
400701
4464
22884
260025
330930
94785
1737
2718
4362
3447
92793
86523
1578
2817
33399
3615
4254
64305
4743
3072
57222
110412
2577
3354
97308
2619
1881
2241
1791
3015
3750
3180
2880
5991
3969
1782
3012
60888
338376
1410
3363
2676
20724
2145
3387
3840
1782
38691
3309
3165
3342
16692
4446
3954
261192
2841
3831
69537
11418
55815
2055
32130
2856
1806
81177
3126
296421
4542
1536
1398
102375
5703
18510
2430
3408
95388
3339
57015
153378
2448
3543
2439
3525
21546
1896
5517
4422
96102
236712
3384
2691
94647
1695
4668
1815
3879
3531
2133
2979
84801
131733
5328
4119
60831
23019
46710
391587
4224
3456
45630
207255
86937
4845
2364
2487
2211
275766
155811
5049
64425
1737
8373
69645
1788
53559
3411
62442
900651
7875
2988
1482429
45489
8237697
1989
1110801
2544
1329
2544
1758
61941
4197
1827
22176
49656
177006
1869
3231
2139
1671
48582
150849
19623
173619
3984
5412
1716
175557
2526
4584
27666
4137
60528
4020
1791
4251
15072
3051
1581
5487
128247
38574
91275
3879
103734
2850
1665
244440
5478
4608
5496
40488
4215
360639
3972
3801
2997
3846
5154
3036
2418
6012
1959
2322
70071
3408
2673
3741
5997
2322
3495
15570
3144
373779
1323
2163
43413
32514
161328
133098
387981
224061
5997
4266
127338
113076
87816
2829
2859
2013
2694
3519
49584
2856
55410
2307
238533
1614
1836
1956
1713
2853
2322
365406
55782
22842
89919
64248
5628
2865
4137
187083
3981
2265
25344
34551
119775
5874
27081
4617
2313
2697
3033
19677
149685
3657
86541
5187
4794
37845
6507
20493
221451
2085
3030
4119
326535
2019
2277
7857
37179
116463
2607
2076
6390
2577
3729
1707
2718
4119
106083
2412
3540
74037
2646
3195
1431
86025
25353
118296
2103
2034
298260
3108
4839
4290
2466
3507
1677
5151
65598
41061
3204
66555
333543
737346
3558
3630
1701
2679
3321
3003
445581
1356
88362
264570
2904
4464
3030
3738
4101
61368
5757
155658
24534
5223717
4845
1152300
70200
2333721
3204
874227
1695
3168684
29201166
2016
2615673
3825
186
3243
2268
3813
2655
3729
1540971
3423
3663
3291
2313
1152
4140
3786
1848171
4092
1665
2060772
1830
3669
2459697
3864
5232
1602
1806
5839026
2361
19092
4419
41019
2553
3666
1128
8316933
4395
1440
2634
49884
1578
714546
1548
3585
4746
17454
2616
45285
1287
3372
35658
1688994
2220
1845
2910
2625
8777199
4341849
2163
2175
1821
3759
2496
3996
2233860
11052132
65436
2619
3993
3558
118236
2178
3813
34935
1041
83673
2760
2526
3651
48960
18162
2628
1723770
3849
77022
1773
2202894
5853
5268
4159929
1035312
1371
3163524
33303
4872
99447
3207
2565
3264
238893
2376
2094
4350
2172
4035
28593
2568
60417
21510
2634
57669
3606
3150
106665
3216
304890
50637
201252
3933
3312
176874
2151
2214
3831
2184
55878
4446
579684
243333
40551
4518
8733
785184
3267
1392
2916
386616
94767
398049
4452
61815
1647
56112
31131
3564
47055
3234
83196
2652
115821
88131
5046
1644
328194
152709
3060
2244
6783
2337
3216
160941
87501
2784
2913
18585
4731
1890
2517
728778
2337
3690
2586
338277
1812
1152
161559
1911
55515
19899
1500
1434
2916
2361
58425
2355
399237
71946
4713
97947
2694
256128
3546
855411
2097
3237
1383588
87579
25434
2166
19398
9398010
2895
16458
48387
39852
2928
2709
1758
1260
18333
2004
1407
2844
1335
194154
4683
1728
3939
3381
25872
1113
3909
3219
54717
2376
2625
3111
3069
4323
4704
2586
6306
4719
154089
218802
238737
8985
74721
2175
2103
110655
1995
14742
342024
32115
3360
2385
2064
456072
1560
1446
1386
24471
1233
2025
5559
46002
3177
12096
1791
4515
60213
237420
1809
129939
4308
3111
1356
490854
461436
3108
59997
618
2829
2697
281391
179670
3555
109707
2313
264849
7203
49998
3558
122226
3510
3201
41196
209868
1452
121161
178740
24537
25197
47838
927
16956
2865
1437
433854
4113
1914
107967
2748
3510
1833
221505
1821
2862
2844
1959
69774
22518
3501
17709
3360
65670
101787
1983
1866
174444
2103
37920
1902
2202
6003
2592
91197
3753
2397
3390
1398
2637
108600
3447
4758
4284
3069
2307
2199
1608
180084
346698
2709
3465
1872
2784
3540
138363
80829
2205
3519
1038
2703
3033
333498
4458
993507
2049
3276
3096
2943
2685
2139
3141
4577343
3117
954330
1338
3747621
4039155
2307
1788
6672
4020
1161
3492
5706
2397
1206
3552
858744
389358
85809
6236235
2823
42501
1761
2493
1145667
3111
54900
823488
3297
4944
4869
4593
2256
274539
1086
3300
1377
2544
19545
39417
3024
1089930
2220
1210449
3168
186522
19356
2376
1944
2751
5286
792
59559
2826
1866
8782536
1764
4941
3480
1275
3096645
1013850
1782
1971
3537
1354977
3671358
3141
1805007
3531
3339
2622
1435611
12448452
5652
5028
2629488
1398
3317532
7223826
1170
1677
753504
1605
4845
3468
3189
2448
3279
6334686
1344
32343
1533
3537
3408
8412
4098
4467
1152
1683
1842
2613
3633
2424
2658
810216
2790
1632
4749
1722
3162
4776
1692
3666
1693899
133698
2016
3684
2469
321
2316
7273026
5740254
1122279
3018
1113
1384338
2655
7415817
5101098
2730
1728
3300
11177097
1671
2532
2352
2769
2403
3510792
3918
374631
2340
1935
5172534
6191259
1899
2136582
1404
1254
4882062
1122
56784
1176
3716547
305817
1296
1822536
3489
2346
4443
2217
1953
4380
2259
2358
5312592
2736
2610
7699242
1842
1260
3279
7671
2532
5481
3399
1167
1341732
6234
1458
3197916
7101282
15899925
2889
790713
3189
3042
2670
4179
6723
32952
3003
653616
3372
2370
4038
60378
1941
3612
38043
2970
1578
1965
192066
2712
4548
3147
3870
868746
7224
2083146
5116011
4425
137730
97980
2583
1402686
4620
1771839
1494
1114788
1526394
1389
1399143
6882018
975948
39879
2856
4710
4828461
193170
3081
3363
1632
15543
3438
1971
1293
1737
4059
2214
2649
5400
2610
3627
1266
2136
4851
355494
2730
1563
1578
4071
1446102
3090
3237258
4905
3852
28683
7305786
1299
2561007
719130
1464
3864
3888
2419326
4278
68310
2280
2601
5025
2097
206061
341424
3975
858
2751
63288
3312
3240
78291
34977
2166
230640
266385
24813
2550
1989
175482
265749
3258
1896
18513
3630
73653
4221
2625
1995
3195
2571
110001
1518
2160
142863
3798
1812
2757
63588
2100
1272
2055
1416
2973
130227
1095
2079
83508
3597
3354
3708
424755
7899
6522
5652
4944
1791
3120
129738
3549
3354
2490
2652
637185
2844
3696
2160
209799
153720
1983
3168
14244
3270
2454
105726
1962
2514
65064
2208
4638
2220
2298
264870
1263
1824
1875
5634
2871
175968
2571
148278
2112
180234
41418
165456
2964
24405
128928
209811
4104
2934
6087
2094
68313
2853
18546
78624
2418
6150
1785
4194
1848
1560
189606
3414
4359
79248
2088
4530
47481
1083
24699
2907
762
1935
1803
1146
258945
1665
3756
53880
3339
287613
206985
4482
2949
275406
51540
2298
1533
4800
1860
3048
201876
6501
1950
74913
384243
2691
39762
2544
124608
207453
115008
3693
1947
3930
4740
1044
2448
3378
96609
2877
2751
410877
339936
3507
1728
4425
2118
2835
2094
2223
3813
3024
5211
2502
4773
1935
66033
206499
2271
84087
20427
3144
19005
276699
1464
483495
918
3248169
1485
2469
1914
36405
1160202
5571
3789
1824
7152
86019
4875
1874169
48489
2178
6689658
2037
1017
2052972
1041
286659
2916
2493
3200286
1518
9072
2949
1665174
1314936
2697
2585613
4545
2763
4281
6303
3576
2220
4551810
1998
2679
3354
2820
2982
2106
11472
21741
3171
2115084
3345
1791
1066368
2232
4659
2034
1308
2472657
3396
2784
1581
3474
1851
714
7690758
5570337
53430
2877
1989
66483
28842
1581
5743713
3945
2738760
3120597
4413
5697
3372
531486
4875
1998
4584
797127
3978387
3312
2289
2985
2610
2526
4332
690
3783
2655
2158596
4905
3528
50886
2907
1735407
14412
1359
2388
3572016
2646
1081872
3357
1752
1831044
1314792
2085
4677
1175220
1839
67239
61707
5349
97608
3462
2169705
877170
2049
125811
4482108
1812
1236
2706
5826
3339
1527
3024
4749
1056
8283
2937
9347904
2106
2713671
2397
2343
3306
1884
1170
3335370
1407
3255
8134635
708966
2427
2442
88227
1554
2670
184233
2223
2391
2088
797628
1236
352206
1671
4194
5295
7791522
1097502
3324
3210414
4607781
3090
3414
4245279
16671
5685750
2169
1356
2838
23031
3298272
3111
3081
1028430
294174
1176
5337156
2946
3945723
10483986
1908
3648
3828
5310483
1731
279270
800787
2484
3774
507
129240
600
762
2004
1404
891
156873
312
300
1851
495
285
1098
669
128442
1272
618
1101
183
924
2493
414
286002
1161
819
618
276
651
1017
495
36267
987
915
963
564
3501
1404
273
334344
1099236
510
183
402
735
2097
426
7209
1260
807
1623
525
1218
276
1503
96372
2142
288
393
567
1023
561
183
123354
690
495
3501
294
531
555
1191
153834
870
405
999
1404
783
876
429
155622
294
720
1578
1416
1008
1617
195
39336
279
381
567
1173
1398
906
918
83205
723
702
402
570
663
807
543
10869
537
861
492
285
726
303
399
291168
837
444
258
273
1257
408
468
3318843
792
456
1158
582
852
888
1149
1264323
489
300
468
447
594
642
639
552309
384
558
804
915
1266
306
303
1319937
522
690
1038
183
177
507
696
8568531
492738
363
612
687
1506
261
903
3205260
855
522
1482
279
681
1305
402
1616937
1557
753
405
306
234
627
1437
1299321
777
882
495
606
1512
372
285
642
2088
744
273
405
432
558
438
186813
534
558
819
714
477
381
495
195633
708
273
345
507
2271
1455
387
2257671
35016
534
1446
1107
819
423
180
310224
1032
1074
414
1065
1590
771
2082
4173960
1392
285
408
666
1086
570
186
3207918
127011
465
201
447
462
534
405
2322657
414
2121
957
357
1344
282
597
1069632
660
381
1044
624
396
180
294
7046295
4192749
1041
609
1149
663
1188
186
943053
783
477
177
273
378
642
402
17076
477
291
288
381
1971
2745
288
121956
798
645
402
543
381
468
1191
51807
795
279
546
1008
732
441
654
57777
936
2508
360
300
837
510
1173
31767
1251
900
1329
675
396
1206
519
214815
618
459
282
1554
276
525
474
507531
591
351
264
381
366
225
1653
77514
1431
456
381
1491
1296
648
294
3820329
2070
390
1353
291
282
1170
585
1885347
4467
468
774
1245
402
540
276
649245
198
1335
468
918
390
1311
360
2428503
612
531
930
483
1689
783
2478
4431501
1365864
300
516
531
546
828
384
318
309
450
393
519
348
675
1344
29406
693
390
921
1383
525
297
2103
6841827
940506
1932
825
282
477
738
681
681
480
969
396
714
828
564
441
938118
396
603
396
1758
513
480
441
2427384
801
285
2256
288
573
294
405
270912
303
726
591
216
729
717
999
1541982
534
846
291
453
1008
462
444
1386483
627
549
939
711
459
735
300
4636128
1260
573
276
963
387
342
522
144864
696
291
822
765
2502
636
837
3714
915
480
657
462
384
840
417
18294
1434
471
375
924
414
786
402
11430
306
2253
1206
1113
600
492
276
7749
348
447
933
336
1023
468
882
32442
453
675
780
399
1206
726
768
4164054
1785051
639
687
486
294
273
468
800268
1002
1446
624
309
765
846
759
2451864
438
630
606
1023
2880
300
444
2140677
312
462
537
651
1161
453
285
358632
22992
330
657
801
465
822
546
67002
1368
840
696
1203
591
309
1098
21345
450
702
396
1314
837
1194
453
23550
840
387
597
612
1377
471
390
6606
288
1182
303
531
1728
432
1062
34164
414
1281
639
306
303
711
690
12045
279
1680
387
195
294
510
450
80655
729
312
2790
2043
282
183
549
206481
408
282
2808
1086
273
558
411
3876
600
303
1107
537
723
465
2325
29424
399
438
906
180
291
366
288
256542
522
2004
378
417
732
1278
1506
426477
198
663
312
1068
384
297
1344
26358
1107
1308
648
552
1971
489
276
22302
1626
639
441
357
852
483
588
13266
2163
324
1563
438
447
414
372
33813
789
282
657
615
303
381
522
327435
1608
1173
294
465
543
810
1017
69477
597
720
216
744
276
543
1038
87699
867
522
318
603
717
378
498
1086
1230
354
681
2502
429
1110
417
68943
1347
1638
366
831
1092
450
543
13431
804
1419
1368
1125
1077
696
300
80619
306
1854
1032
1038
369
2547
882
34935
465
540
321
387
273
1275
2436
13107
1041
2901
795
612
303
465
624
16545
555
1089
957
663
954
450
903
319794
2043
774
666
1275
2511
270
447
111456
2004
573
402
435
1137
528
813
137727
1701
1563
477
459
1035
420
438
411
735
2160
474
672
267
279
627
293049
1563
627
702
774
747
573
285
192351
348
909
843
384
2988
444
813
16416
1719
600
2124
333
2781
369
456
113220
903
798
276
876
555
501
441
291318
1485
270
2175
663
1815
1404
810
19341
396
1107
3222
288
408
567
357
167385
411
1476
285
1047
312
492
261
57444
873
465
555
534
993
2076
2409
144630
519
1212
1704
498
1917
1908
270
56733
1401
2373
1359
987
288
906
558
25557
786
966
1080
1023
792
519
357
317376
486
603
465
2166
375
990
270
251730
558
2088
1971
555
348
432
453
106488
648
579
981
522
447
630
525
6183
279
204
354
960
429
279
1431
140193
735
765
378
285
435
780
561
132708
618
729
198
462
936
555
1365
125139
777
276
765
342
273
1878
438
183147
1266
183
552
432
600
570
183
15720
300
540
828
759
462
522
1302
105264
2850
273
378
291
846
180
2043
199071
906
1239
372
420
345
984
684
315429
528
342
1071
372
360
363
1509
87747
459
447
1500
294
1335
561
1473
21546
285
285
393
465
618
681
306
139446
552
705
654
1989
231
351
372
36573
2940
2334
993
1041
513
1383
459
87369
531
861
444
2751
2058
372
294
82443
300
894
702
663
633
2838
876
32673
429
885
972
354
300
717
594
47031
978
4162413
1071228
2130102
2539458
783
787671
216405
12075231
444
133383
984
199749
318
136146
21816
1029
51717
136077
198
732
292887
273
360639
1278
117180
1425
40083
15672
192036
513
51831
133815
309
453
612
306
51681
119196
78294
762
54516
229092
357
1215
369
536016
234939
2076
210
267432
1179
360
14850
735
670587
16263
139203
2703
31704
260946
1053
723
16866
31047
204
68172
720948
162
435501
402
1325625
477
384
579
3349689
2463
834
6885909
1977540
6800286
1254
1963530
114324
171
2784
1193973
366489
24180
1434588
18135
1815
189
195
4879983
4278621
453
519
210
645
186
303
314871
1117203
441
74577
97539
996
1092
12669
1341
3892659
1950657
213
885
2678253
3666786
459
811779
269955
828
687
2304
3741936
174
336
366
34209
348
348
705
444
1110
1002060
1146
1082823
1353
23487
13788
459
198
2244
22065
9138
219
7544124
1514202
441
302100
1461705
2625456
598659
549
15309
2220
168
471
2679
924
15657
552
360
1068207
10920987
1977087
14870757
9339
114150
34704
5217675
84219
2112600
954
561
507
17487
1083093
183
1697946
6391686
1479813
756
1148559
156237
309
717
1032
2137284
791313
795
39636
501501
1067214
507
432
2199657
1005516
471
1170
828582
282
915912
645
306
767583
351
2692893
316551
995979
204
273
4280685
297
13095
28632
11108073
348
3314925
291
5595633
345
828
273
3946758
33555
459
174
5445804
246
336
312
634983
255
198
4265325
390
183
297
7734582
4582395
15297
177
186
270
867
717
183
3879111
67539
1149
240999
1437
1119
2290761
1251
4083495
8973
318
47724
168
17754
1865220
723
39900
462
1183500
1719
186
846066
41418
174
259281
171
1075992
22080
1089111
1149
4044519
240
1787850
192
360
735
51642
435
285
177
8381280
692739
30324
984
2640
102984
288
306
55080
4155
174
61338
10404993
351
3596583
742341
55458
708
381768
35613
1787874
180
285
408
44679
1686
11102112
1455
831
39858
192
402
174888
84528
297
1801929
696
357
363
1014
84930
711
2091300
729
1840044
3377223
831
3141165
3576
1248
136635
423
459
127215
597
108249
50193
270
378
924
279
44361
2739
465
129858
26898
283740
606
80982
357
675
18330
21213
19809
33669
831
387
957
48042
483
16296
600
96318
444
283374
194808
366
1134
182319
1380
442233
75327
17139
18393
32322
1257
74238
148734
201939
870
612
606
468
489
62406
16698
783
576
174
147861
264
98925
16326
192
1299
1200
215595
2913
14364
17418
49134
262356
31833
150513
192
699
186
126147
317781
189321
192
71562
453
240333
168
17430
49068
374514
282
377331
456
480
780
1719
349575
4092
183
198
696
31302
2178
7224
254262
168
189
32502
31758
744
201
726
236409
735
219
18771
32850
59787
924
279
105498
35769
167826
19398
342012
4548
16053
879582
1132323
323781
20172
62322
3163014
1956
6204612
145338
168369
2241
210
60942
465
720
801
195876
96177
213519
48699
309
44784
927
1032
945
118029
1023
537
1014
204
6228
720
34488
38256
720
37026
1659
195
207
615
108225
48087
198
37842
57168
1008
183
171837
578502
43593
242490
58209
204
98499
276
270945
198
99492
360
918
726
186
210
459
174858
90639
219
276
318
903
1434
183
296034
100779
1149
411
173628
39543
186
52899
55032
75639
627
531
171276
456
285
73461
177
37845
711
1425
17403
76719
378
195
35730
31023
15009
1053
207
786
285
567
219
9828
192
78594
27240
897
192
873
48369
9408
72627
4758
198
645
79614
636
708
14730
780
352221
74454
288
7998
489
765
455313
447
114231
188682
582
369
570
276
20523
89463
168591
405
44058
219981
27909
522
60282
690
77409
275190
201
5976
155439
174
17061
140808
693
930
140109
17802
21936
396
93408
61860
1146
3987
756
270651
993759
312069
202806
4069167
858
522
992130
146586
285
552
1218561
912
2341203
348
993
291
666
872538
3096564
941517
564
1275
207
279
450927
57432
7350636
810
18321
288
516
369
1497
351
894066
43332
348
1554159
300
645
1097433
245151
4203513
798
189
825
1026
34107
438
2526
7808586
441
915
811368
4655070
520776
207
1821765
2225844
4152105
69141
7428900
939
2471805
13287
203943
1095738
2101311
702
72054
183
7226241
1619445
174
15568680
375
1122
894
1002
180
177
303
6843282
4174941
177
4427238
185661
5151
19152
1292355
3797505
444
258609
4630938
378
312
2383731
7397676
354255
306
336
14445
741
456
17046
5978670
1364559
1034946
89976
83634
154476
180
537
34392
2610351
1011
2160027
2301
390156
4538655
833697
2882718
28350
277077
7471884
106020
1908
780
5468697
198
1807575
228789
303
477
8052
564
1152789
5163
29859
288
732
839616
1257
3579522
456
852
4908741
345
137847
429
369
5530452
10108248
522
1034319
10452
912
312
1150107
1638
642
747
274842
290244
180
147084
459
1338
745665
300
94671
279
4707
1076181
201
6353862
195
1440
1405608
840
5831496
1050
429
7807200
207
198
3995517
420
1834482
606
744630
258
2097
651
69663
17697
40479
2085
3559965
702
244212
192
1041960
636321
1731
669
3579696
942
2049
1560
2244
297
642
1796826
2542701
183
737481
177
2432505
131034
939
285
474
375
103125
678
48234
363
171
201942
72540
138537
552
564
10938
378
6831
297
26520
59748
945
1533
420378
357
296391
312816
162
183531
873
1830
128589
168
17931
127311
62880
432
306
615
556059
195414
3732
264
453
1101
648
457581
228375
303
133809
813
402
789
224043
49110
84018
171
300
351
1425
357
138036
186
70899
260814
615
1338
8742
50220
257046
186
146283
507
82212
341463
1464
894
408978
17715
75840
26355
630
339
44574
576
251421
189
33900
345
723
262497
189
50307
213
122052
16434
56568
87432
70653
24447
124482
285
1170
458217
17370
1743
939
185763
479760
1938
20718
137943
3117
1014
553293
561
1194
37326
618
56445
1398
166002
413745
132804
201183
186
204
56538
693
3715746
106875
1035477
171609
582
1834266
2393508
351
4333563
26253
35430
837
168
192
1823685
462
1794
195
457380
1857
1059
561
14964
4336023
207
531
291
273
527694
456
225573
1061823
357
822
35808
1728
456
381
16689
1154439
400935
1095687
300
273
291171
40776
44139
516
1644
1566
1158
1500
639
462
432
474
939
924
1236
1269
786
309
1806
1860
594
621
501
1128
714
1155
444
507
426
726
543
555
453
648
1569
276
411
291
297
585
360
3597
864
180
879
1254
366
1725
2541
429
432
282
1683
210
1656
2274
738
453
453
417
294
639
555
774
31620
2349
516
504
438
1533
867
1101
585
312
414
1107
660
378
312
294
507
351
363
1050
1566
747
573
792
606
345
1371
408
366
981
351
597
174
963
2220
792
711
291
849
198
438
210
1083
1260
891
1053
963
1344
528
618
750
297
1368
543
2952
636
862593
207
1947
405
744
291
1920
828
282
186
798
567
519
357
333
570
558
180
486
849
351
603
816
351
1047
1206
1440
594
579
309
444
1299
975
1776
375
1155
180
774
273
696
954
411
204
2919
726
417
432
744
1431
606
375
1017
1041
2187
417
447
1398
306
1371
999
354
423
609
765
300
408
852
2337
648
1668
1896
300
519
375
306
1050
1662
708
1101
360
675
978
408
288
1422
540
417
399
228
270
228
183
1371
306
1314
510
444
1476
342
342
366
459
954
342
690
291
762
474
1062
918
699
1149
606
16098
369
1164
825
507
411
384
630
1545
366
540
267
492
405
885
387
594
207
2847
930
447
390
525
567
1485
420
285
852
1095
759
279
264
1059
426
447
819
747
1005
1284
198
381
291
1620
927
294
306
1224
813
609
339
309
366
750
1188
219
927
963
510
624
1260
954
477
294
1602
279
591
714
1434
519
1143
8888601
1686
303
411
630
393
714
543
261
1854
558
492
288
888
204
186
423
1377
285
282
537
870
1743
288
459
360
1104
777
282
1389
1089
789
573
855
306
396
2190
510
1125
513
375
1032
1455
46623
1245
594
807
180
978
1332
519
285
291
228
1851
1203
216
600
1470
453
1560
939
696
1011
375
288
1020
279
402
1944
1737
282
366
1710
276
2133
747
807
687
264
3288
654
225
2196
705
480
663
444
1653
315
255
450
1836
741
873
837
432
444
696
417
432
273
390
804
546
300
1200
1134
297
297
465
372
612
282
702
276
939
279
1587
378
285
747
1953
348
390
1122
288
690
291
1737
426
678
402
1011
759
504
477
903
618
4068
2055
300
384
819
1260
1368
303
858
300
438
357
921
294
468
276
1740
564
183
411
765
312
864
942
543
660
291
759
1626
1089
231
558
483
267
975
516
1431
300
420
981
531
1074
657
399
276
537
1179
456
501
291
510
519
450
219
312
228
303
291
624
1692
807
834
771
1791
1945983
471
738
465
648
465
474
663
43983
1434
447
273
297
834
378
870
1045851
1698
1371
297
402
633
2115
1557
303
783
492
180
210
708
957
204
582
1338
447
339
2169
1035
273
201
387
1326
1269
1248
258
1338
309
3345
840
810
882
471
1038
1641
561
927
1773
693
426
351
378
1197
282
573
576
2409
273
303
1131
2172
2436
1143
1683
1284
441
1992
1143
279
225
267
441
375
291
531
393
444
300
441
660
540
273
381
504
420
861
648
1053
627
1766760
690
384
474
378
216
273
510
519
210
756
396
1281
1413
1986
426
648
2214
291
1467
276
1191
594
732
285
231
459
531
492
282
933
1392
1068
756
402
261
3455520
258
705
837
384
900
1074
543
273
267
639
276
387
540
570
579
720
726
1212
1689
306
1155
483
444
312
180
1740
372
1962
1029
282
1085037
501
270
258
474
273
273
495
678
447
963
678
723
441
1014
414
204
294
291
303
1137
636
1812
606
600
3933
1620
513
1185
855
333
1173
582
378
1803
1077
552
1329
381
510
519
354
660
567
507
315
579
600
1242
1686
780
177
696
696
708
423
471
306
837
282
558
651
267
627
1356
180
303
1404
831
669
393
894
729
1572
459
687
543
729
1434
285
273
432
192
606
3102
555
1830
1443
762
762
543
1137
831
513
177
1170
396
1824
591
306
681
1047
891
585
1467
462
954
414
828
1482
789
444
315
1029
783
306
294
678
3387
690
216
663
225
852
1473
279
918
792
306
180
1068
822
1311
804
780
909
2940
339
603
969
603
288
1803
294
447
492
306
711
1308
393
807
534
627
1197
1104
600
1314
699
402
1188
561
768
468
513
204
984
279
354
285
822
1137
996
282
693
216
2115
270
369
282
954
1185
534
696
1923
2199
1008
1749
4623
852
1071
693
303
621
582
573
354
441
282
348
594
228
288
1644
1170
450
291
276
627
1203
1323
1359
1035
1890
1623
414
570
447
972
480
5075916
969
2373
462
375
981
993
1020
318
567
306
291
387
363
435
375
795
600
1299
462
396
906
291
363
1407
204
480
396
744
294
636
303
4285962
300
372
519
306
729
2259
459
2119353
396
711
294
1047
489
501
1842
1008
1503
297
228
282
1056
525
1386
37407
276
468
591
786
414
735
522
873
633
567
1767
282
2295
1383
873
4021698
852
2697
177
699
567
1287
291
621
1167
2850
951
744
906
300
978
318
735
678
786
276
213
396
1896
16440
399
183
876
540
399
366
180
393
381
456
1395
1860
288
303
666
17820
612
855
417
420
711
306
375
4668648
381
1296
516
228
606
450
1380
760962
732
558
1128438
858
936
468
507
5295
435
975
828
219
297
519
198
345
933
1149
192
420
318
189
540
204
528
450
372
189
207
483
366
195
1611
468
984
171
561
699
891
1296
471
1080
870
186
579
1029
747
1176
207
207
603
648
435
453
939
1128
681
264
375
1212
579
717
573
207
219
3198
177
393
1311
1713
423
912
177
180
396
1260
186
708
171
192
192
207
369
168
855
819
201
186
186
1035
546
342
576
201
612
456
1194
726
579
270
1740
183
2049
339
603
204
468
201
183
183
1761
363
1647
834
609
540
813
471
171
195
1452
189
180
519
201
192
537
387
204
222
564
303
339
273
1140
177
471
372
282
630
267
684
825
609
180
2757
519
180
633
570
207
1080
189
516
252
2301
177
435
183
195
444
1221
723
1272
1422
2601
615
1092
840
207
513
468
2427
285
366
177
186
930
384
426
204
204
207
207
558
480
1170
807
1743
294
369
1233
168
261
597
342
501
1263
261
264
564
978
600
186
201
189
219
615
288
249
3195
351
1341
363
213
204
276
1074
405
1722
1128
492
300
498
1617
810
330
780
543
975
192
210
903
537
282
183
189
1278
186
183
975
288
192
201
366
294
375
201
282
432
693
753
2082
390
357
444
459
198
1479
378
1047
204
177
192
885
186
216
477
876
207
450
453
213
177
201
879
174
357
702
189
201
201
570
171
534
345
291
198
867
348
174
996
189
309
489
195
705
1329
816
183
840
213
1278
1527
189
270
189
288
180
207
417
429
294
1059
207
735
1092
573
939
348
192
1083
279
780
204
186
306
219
1056
1356
774
267
576
186
1563
213
1221
219
1152
537
210
1527
183
930
183
2001
1059
672
180
786
279
201
192
201
711
717
1764
1473
174
177
309
198
189
699
414
1089
1002
654
570
1563
180
777
300
1215
195
201
1296
468
501
288
498
366
645
1146
600
1155
195
456
966
186
207
198
204
528
432
186
207
282
342
717
204
1338
174
198
474
186
192
204
444
462
894
399
186
432
285
276
1263
282
303
186
198
429
1080
189
810
381
609
699
180
705
219
186
426
213
306
519
1302
366
216
177
198
459
1047
783
378
195
192
207
1047
204
1731
372
189
189
195
1641
270
645
1278
615
189
786
1641
645
1569
1164
351
963
351
597
1149
192
672
1299
381
2241
1824
183
651
1170
189
1845
183
267
174
207
213
258
204
291
447
1170
1005
174
540
171
450
198
210
261
216
192
180
201
441
903
207
441
351
207
588
486
723
750
201
177
696
672
663
498
1041
1662
1092
192
423
189
606
186
282
414
720
285
294
402
810
192
1392
291
186
696
189
183
1113
543
333
411
216
369
645
1524
402
189
201
1026
477
1092
180
639
285
201
189
1185
210
291
264
543
348
363
2508
891
543
180
1503
207
201
471
1953
189
774
888
300
348
291
834
1095
543
1458
207
1404
438
192
432
309
1596
186
207
573
648
186
174
345
588
516
354
1296
1857
1089
1599
177
531
450
1278
183
696
1851
1098
597
438
210
540
456
183
417
1029
198
879
792
384
627
198
540
612
747
492
696
204
390
189
834
192
204
204
294
177
450
267
921
516
960
1767
1293
402
468
405
213
588
660
348
1092
576
297
195
450
753
186
558
546
1215
1926
822
204
189
1410
861
1173
1416
429
201
186
900
207
1626
273
441
483
696
264
2832
273
858
600
186
444
1026
267
174
1113
1230
1296
726
186
1248
447
1050
894
957
174
180
303
1269
261
846
216
198
180
315
210
288
186
588
828
267
288
489
570
186
516
441
885
945
300
321
561
192
309
867
390
204
840
219
183
393
201
186
972
279
627
198
207
195
429
819
186
648
1011
546
708
933
360
192
2325
1041
186
894
207
477
171
177
1725
606
363
657
915
201
402
360
282
306
1287
180
288
423
303
675
600
2205
498
828
396
183
1278
981
468
1221
270
882
582
348
381
837
300
1581
204
411
186
396
528
540
489
633
564
549
747
396
189
189
2103
192
273
609
447
192
645
1338
756
1170
189
189
2736
303
819
564
2967
288
303
1149
759
330
1320
474
426
447
780
339
1857
189
522
294
186
180
306
657
273
465
399
345
927
255
351
351
669
819
888
186
402
195
2265
471
420
906
192
1344
1875
186
213
336
300
1113
513
1260
486
783
1392
930
903
447
177
990
990
291
816
177
750
384
522
1044
2190
207
1446
777
1761
270
456
426
807
192
297
261
285
186
609
192
894
441
564
312
2184
201
1998
450
1155
1821
441
372
189
315
213
342
183
477
723
192
2532
204
1302
198
1503
3117
642
510
210
456
1638
1137
189
468
198
1164
1530
1176
219
456
180
195
390
282
198
1254
888
171
366
2823
435
837
204
591
357
282
804
207
1464
879
624
417
906
306
183
432
195
201
282
747
207
213
1227
207
204
291
831
1128
651
777
180
186
345
204
1500
417
312
171
435
2109
420
561
447
267
198
351
300
648
2529
609
192
711
1446
1062
531
558
426
618
339
285
2364
441
186
342
747
828
294
711
432
2010837
83997
327207
231
888
1590
579
345
797112
660
444
780
300
504
804
417
1444581
1641
417
1344
549
756
192
540
3117
1116
576
192
438
927
216
552
6492
1014
177
507
522
447
354
975
7754682
804
681
582
612
1452
384
585
2486424
1128
303
708
267
438
438
1017
771723
282
702
453
816
366
1668
519
1532700
699
558
213
477
432
207
654
861
1542
582
507
393
486
327
2001
1842
972
345
528
345
687
858
1683
1104
1122
546
1173
1221
681
462
1821
879
903
822
867
582
1515
216
915
1404
1092
783
714
645
603
792
426
876
2331
564
1290
195
513
417
534
330
1821
1809
777
888
1143
1881
1236
1602
876
405
459
357
426
1683
411
1155
1389
408
630
411
2490
1014
411
312
627
663
228
873
201
954
1365
402
285
495
405
804
294
1143
756
186
315
1209
1857
546
1230
351
207
1116
1380
1413
1266
453
840
564
378
723
903
1416
285
516
618
1623
1080
270
486
402
1479
2349
471
369
438
210
288
642
405
855
567
477
1332
909
1581
1494
450
813
666
540
1134
753
264
927
903
177
264
501
366
306
564
396
498
975
816
411
345
2628
1947
840
342
360
1254
282
972
927
1635
375
513
1176
414
978
672
561
573
567
663
489
255
678
726
501
726
705
441
546
663
669
888
381
348
1026
1878
342
750
753
420
552
1158
186
954
849
219
1227
501
1275
306
1470
1401
1410
693
684
270
567
1419
873
438
1281
1161
777
1269
450
1350
1236
669
378
1209
369
2700
1932
1314
339
840
468
924
588
423
705
177
411
894
444
528
507
282
408
435
1377
738
270
2514
1269
396
375
801
177
1089
426
546
1296
396
642
195
573
591
735
216
1410
1596
1491
180
1164
477
177
1335
603
300
723
429
2088
300
261
387
699
1509
402
684
267
936
1110
273
501
396
975
375
1083
369
291
219
525
579
543
1560
423
1794
261
1197
1092
1182
73533
264
1116
405
348
1920
525
549
282
1131
453
1167
384
549
483
1365
489
1704
417
822
465
405
489
684
1662
852
186
1983
525
1077
192
1005
471
954
1149
2568
339
393
654
2904
444
387
393
858
582
2025
957
372
897
1749
294
1107
357
681
384
2208
672
615
546
438
609
450
1350
801
885
936
423
444
1350
1320
273
618
939
1278
396
2868
573
1080
588
1206
981
201
495
528
264
669
465
1776
1302
183
498
927
2382
1656
384
189
369
369
879
1074
552
195
1257
1236
555
663
180
411
1647
975
1191
1146
8987730
513
936
363
1377
1572
984
738
925497
1272
1662
615
384
813
1128
222
228
1374
723
324
489
186
1287
1320
12744
222
627
1347
654
297
231
1596
204
1272
858
348
882
207
363
492
705
621
768
192
576
1971
630
774
222
783
747
615
384
663
1257
222
20202
876
363
606
1464
495
1461
891
81417
810
297
711
363
501
594
354
21738
288
381
309
663
486
597
300
492
705
372
816
1596
1764
609
1173
23808
1227
1428
636
2325
1146
846
471
2496
180
1284
1503
666
630
657
222
15762
1083
660
402
219
1932
1062
507
165336
207
201
609
1953
651
1047
189
54573
312
1098
876
1002
897
561
633
64434
270
366
186
282
396
690
999
112677
1194
525
723
2445
177
279
2301
1266
633
456
1002
498
339
1344
543
609
210
2289
1239
432
492
822
444
528
726
1188
741
267
1104
1416
450
1509
795
696
864
300
519
267
705
798
1545
2016
588
534
1425
366
204
477
1398
204
1359
174
699
789
1056
1785
516
702
1050
753
1998
186
849
633
1227
342
384
1269
1719
447
546
843
489
441
666
363
1290
192
690
543
426
795
723
954
1107
1476
603
74532
756
444
822
390
450
1071
969
900
1569
360
498
1167
273
432
420
681
186
201
771
1278
1626
276
345
192
2493
705
756
2511
330
291
840
140220
594
1077
939
744
351
1320
591
522
567
1104
504
903
1572
264
1035
1131
354
225
294
294
963
1500
459
738
708
894
465
195
552
1089
2184
552
201
864
1047
384
927
264
1383
507
342
195
603
999
285
1155
546
615
624
1071
1206
1668
726
489
399
189
396
558
372
279
1488
510
2289
219
1062
204
195
516
2091
378
702
1104
993
591
525
564
375
525
924
336
270
195
660
450
1260
459
834
603
393
897
483
378
570
462
417
168111
1248
393
498
1572
537
1026
465
25131
666
753
186
435
282
210
879
5751
804
663
930
606
1389
438
585
452058
723
606
456
1290
792
444
360
229854
1044
432
570
1296
1005
2625
1428
417
1659
465
558
273
501
765
837
8697
474
180
540
954
201
780
1725
8349
213
729
2106
1593
393
864
588
206376
294
1974
702
207
432
1335
210
132891
213
447
843
870
1365
210
2463
1498875
1392
288
2052
378
1788
1146
723
2083752
1884
504
195
414
1500
903
732
59502
741
585
948
408
1185
1113
591
55845
615
627
1038
2886
579
2934
180
402
1059
690
471
693
492
855
903
7557930
1065
291
201
726
867
1509
612
34665
270
207
1146
1218
408
1164
363
234
210
945
819
732
438
1071
606
2176746
1191
663
630
501
1101
567
198
1823703
1926
540
381
1410
633
657
1062
68967
2202
441
732
423
456
306
585
30975
801
879
312
555
696
450
378
4668738
504
678
735
288
510
267
267
1845132
351
669
585
690
192
1029
261
387
174
174
651
576
291
180
774
405
171
306
198
189
396
1272
726
609
561
192
204
333
189
1065
1911
492
783
534
306
1338
660
189
309
171
189
459
954
426
1743
645
183
1392
270
609
480
276
213
186
1728
918
564
432
3066
183
1155
504
216
288
447
327
1977
639
2049
1629
186
1095
171
405
306
684
213
957
555
294
186
216
1083
189
1107
189
1572
918
417
171
303
726
195
288
1104
186
717
291
186
2154
408
168
462
282
285
966
360
300
1578
1794
207
801
606
285
756
399
354
315
435
354
777
534
1305
297
777
453
204
387
1125
540
1362
477
303
2838
561
201
963
390
960
459
855
201
183
276
672
1098
186
246
207
183
537
306
198
357
192
681
186
207
2721
183
2682
1167
528
426
195
441
297
291
729
183
297
354
174
585
309
279
423
273
459
837
540
1290
708
591
837
1248
342
363
1683
180
198
483
261
1530
285
735
1020
1455
882
477
189
180
264
171
1080
648
867
273
438
1581
1851
177
492
297
180
186
771
714
384
900
786
177
600
300
675
174
999
1320
555
564
189
210
294
375
306
900
276
291
180
201
396
312
1545
828
204
549
921
276
672
1002
207
924
453
543
396
381
999
939
381
561
189
837
492
201
2310
177
447
2874
171
435
177
957
198
171
276
888
933
1104
2433
924
201
363
894
186
441
504
270
189
753
1260
648
180
198
504
987
213
288
189
195
591
1341
444
258
798
903
591
330
516
243
687
357
357
2376
507
957
357
189
621
384
537
291
501
759
195
909
282
894
372
201
1281
198
981
864
756
1062
1167
1167
873
876
936
174
294
744
576
174
1638
294
714
555
1530
2142
438
465
273
1335
1470
387
183
261
861
216
741
510
300
1209
600
1092
525
180
285
453
180
372
204
666
1425
2769
204
1203
288
816
192
405
456
669
273
903
1320
399
885
174
948
186
186
192
372
459
399
462
738
261
390
276
933
192
780
1443
549
369
204
276
1305
507
1227
438
279
555
2901
996
1701
663
573
405
777
693
492
912
1212
540
297
522
1716
288
615
630
279
210
336
927
1266
636
846
1146
171
180
306
588
732
186
894
195
1290
402
273
1032
285
174
450
777
729
711
306
1281
189
210
384
264
1968
216
420
705
633
207
903
186
168
822
1041
192
279
2073
717
276
381
288
348
1461
306
615
1464
399
1131
1305
213
309
519
1302
1104
963
453
267
1779
273
297
909
1533
369
300
207
168
1665
32409
279
708
1005
381
474
528
837
1137
198
204
399
1326
1053
1251
1239
1596
534
543
423
174
522
189
282
456
1419
591
516
285
399
189
216
1203
195
186
279
459
1200
270
1179
534
444
294
528
174
1347
429
213
171
915
615
294
1794
207
213
954
615
402
186
522
309
402
387
1020
453
198
804
171
198
642
702
705
666
333
177
498
609
312
435
597
189
693
198
300
531
210
297
1752
198
567
285
258
303
2385
534
186
279
291
441
762
714
294
723
516
204
846
186
684
183
666
171
789
1053
204
183
186
402
2184
378
642
732
2307
357
822
354
186
282
174
438
555
1431
813
915
348
171
1101
342
447
1008
366
528
537
786
1317
447
1149
522
417
531
1650
174
834
693
177
570
363
1347
405
273
447
387
396
540
282
966
675
1707
474
1965
177
558
291
384
975
201
1479
198
207
609
942
405
207
195
186
789
1821
399
303
270
567
1617
1059
1137
180
747
174
189
615
408
1779
432
465
636
192
459
186
531
423
297
309
177
195
495
207
843
387
1005
183
180
201
1122
192
555
282
1023
669
171
207
303
183
309
501
570
177
192
258
471
744
360
498
1644
564
1602
315
180
2127
186
453
1974
948
177
1299
483
312
777
534
192
171
618
486
291
1302
588
294
192
189
282
759
198
678
477
834
288
207
399
171
420
564
261
348
687
192
540
207
1920
393
192
663
1290
177
678
639
528
183
363
267
285
789
192
888
390
285
303
759
759
531
687
189
555
816
1329
831
999
180
279
177
207
285
387
387
213
180
1131
189
465
186
828
309
459
183
633
306
513
552
276
870
264
885
1425
711
372
1104
291
306
915
465
888
423
405
186
672
210
924
360
897
180
279
753
1005
504
393
516
369
441
627
714
450
243
291
1449
1239
174
363
1311
555
288
393
813
387
633
198
630
912
1059
1044
285
609
558
177
789
177
1068
297
297
210
171
750
399
570
363
1056
5460
4071
303
399
1074
411
1185
285
1497
270
174
201
1263
171
435
672
432
198
489
399
375
1185
192
1305
630
423
1482
276
555
519
387
591
291
402
768
495
1182
189
378
558
1029
186
198
723
180
534
396
273
198
783
411
177
1005
1578
606
1098
189
921
663
294
1467
1782
477
438
420
999
1626
549
597
1800
174
318
927
291
471
198
540
186
1620
1179
351
789
735
942
2325
282
207
474
1155
690
1170
960
1083
1902
501
363
687
942
777
276
3294
456
609
4714746
642
276
180
909
210
282
1089
1200
2718
3735
213750
2235
1704
12446400
36654
113775
2829
134118
2214
87675
3411
118179
3108
2211
4269
1515
2808
28467
960
2298
2973
2691
6906
86784
2928
2433
2187
55254
1992
1911
2994
2730
25437
3150
4608
298455
2232
446616
4620
133251
5235
2967
396327
4821
4746
16854
265002
324639
97992
2589
3054
3036
4473
89127
1905
81783
2691
2763
40086
5238
65115
2763
3858
2994
56748
106734
5127
2046
102978
1719
1938
1392
4140
2238
2595
2217
4782
1635
3042
3090
64224
45129
294471
6138
1317
4998
22539
2490
4293
1689
43665
2421
2751
28143
266241
2520
72240
12399
57003
3246
26496
4251
2430
88035
4584
297156
2949
1587
1524
97707
4707
24501
2007
94446
3420
3549
49482
155889
3096
3222
3531
24966
2046
312
2298
100842
232344
2856
2460
101661
3003
3384
4689
3171
2751
3870
3492
80364
129825
6771
2922
67224
68022
56352
308505
20607
5154
2799
43779
205371
84468
2310
2685
5082
2775
279921
150480
3846
4440
64419
1968
2673
65844
2787
57711
66783
903441
5682
1902
1476114
51021
8237952
2046
1105968
2709
2610
1614
3354
67584
1683
27438
45684
181170
3888
2880
1737
52047
151641
191043
3072
2610
5814
182685
2355
34458
66867
2433
1806
21051
2472
4062
4569
123387
41541
91155
3042
19569
75048
2808
3306
242097
2733
5097
2823
44046
3285
4419
356358
2790
4272
2496
2562
2019
3456
2244
1560
2454
1065
70512
1668
2445
2055
6504
7785
2985
10629
2661
378846
2706
41295
194814
3741
129882
1992
383109
228132
4578
131178
108216
3240
80586
5109
3489
3270
2658
4818
54180
4506
56760
1704
235374
2409
2487
1824
2787
2589
2868
364590
1527
58290
185034
4344
3615
192762
2832
21258
4959
155574
13704
24090
2766
2736
2349
2478
2400
12216
4317
144732
2919
4707
79143
3849
3951
3276
40344
3465
14322
2421
215511
1803
2496
4044
332055
2427
4047
164256
2109
3948
4569
2361
1644
1542
4461
3387
99456
2127
4626
76425
2181
2037
90348
19821
122637
1122
302328
3843
4047
3687
2346
3213
4002
2031
109995
2136
65211
156579
174720
740565
3603
2205
4590
4650
2550
448860
2127
88506
268041
3975
3393
5382
2787
66750
8253
150129
23022
5228577
1986
1155357
65892
2334420
1167
1485
865359
2601
3168552
784833
3228
2412
1380
6615
179568
2604
6990
1506
304413
8652
2565
2331
3339
6250500
3732
30666
3213
44706
3717
1051935
105558
3414
2097
3270
2655
5988
1980
2598
1182126
1167747
54192
1417350
4176
1878
3555
2712
2198409
2769
2481
18378
2715
6021
3281472
6495
4695
1039041
2664
3348
3861
3129
4071
5691
2095737
3444
4218753
4926618
4422
1968
2262
12858
2109
3255840
5052279
3330
9940773
5907
6651
3309
4554
7920
2463
2139
1226823
2116035
1100445
1947
2658
3819
3729
7798290
7754799
4962
368949
972
3072
3513
1878
3000
19830
77106
1431
5271
7342815
4977
3180
415575
2556
5264721
1108980
6123
13155
1956
886476
472209
3783
2760
1363131
1419
2376
3723
1164
4869
110112
3492
3324
2268
5670045
17199
3831
4047
6723
1383
133653
1533
3720
1737
3849
4818
1731
43836
2709
6054
1221
1296288
2535
4680
4045335
3144
3813
2346
1872
2817
23286609
2976
2862471
7211463
3783
3546
3513
3598272
4080
2724
1422
2145
3267
910410
2694
2829
151485
2652
6665553
2058
84687
2760
2670
2040
2637
4716
1797291
1851
5541255
4614
3435
2733
137610
4770
10767
2022
1173744
3942
4440
3723
10737
4074
1725
2106
2265
9336387
55236
5604540
1016562
2178
1851
5301
1041780
1464
2103
5011131
5492052
3048
159030
3117
2949
2550
165879
3597
1980
2175
2640
4728
3333
3642
737697
86583
1935
3003
8490
6015
32064
3290136
3923625
3882
1410
1670544
2882397
378153
2543688
2811
9342
2190
2829
8460564
3117
4252710
2052
631746
4068
1122876
1725
1377
1554
5091
316698
5166
3264579
2439
3354
3072
3480
209448
1929
2673
880209
24087
1824
2553
3717
2196
42591
50436
1491
2718
3513705
4821
3228
716109
1812
5547
2593734
5121
1768314
1779
3222309
124629
2049
1731
2496
1260
38787
57561
3063
2181
2760
4320
329301
4137
2541
4263
60447
2508
340836
3918
2166
2370
4113
2787
177678
4371
1776
156819
2178
22008
3456
6984
3588
594954
4926
3675
7776
232428
2421
2187
2370
1311
4056
4086
46440
103818
26559
2532
2757
285624
2034
2856
91665
512061
3528
2532
3354
3069
1566
6345
2727
133059
3756
2793
4386
539736
172623
4647
72441
5196
101823
1146
3051
650061
51243
3819
3060
73494
576165
3954
2844
3492
2955
317262
24030
2850
31494
24141
138516
4074
3300
2517
3321
3264
265458
177192
4254
2604
1983
332148
31770
2967
139257
1887
6000
1455
4689
10515
1953
2787
448701
199761
4491
1476
3042
3678
2424
2907
83709
2775
4206
102561
2574
226497
1974
34254
4533
2952
605379
55680
3891
4449
3507
40485
2979
48753
2664
5145
265917
141921
2937
3189
89019
132255
187455
2628
2943
187506
3921
1746
352644
6765
2109
1040760
2184429
4626
1134
2070
2160
1923
2526
6645
1298379
177
3327
4062
3525
3969
11613
599172
3009
5896047
1893
2907
3986811
134430
4194
4125
2529
3054
3150
4470
3255
3012
260982
4422
2769
2679
3306
4908690
2028
1761
1262250
6501
84084
297780
2286
3444
2292
2655
3144
1794
2994
2238600
98679
4578
263940
5133
2667
2610
2988
2928
3885
5175
22350
4127880
25710
2346
4062
1078383
4041
2958
2598
2148963
106983
5716299
2019
2208
3268566
1554
3165
3279
6633720
2859
1929
2868
5862
4743
2676
935937
1081452
3453
2556
5283
2163
28641
2684658
11458230
717183
143001
5610
5934
4152
6201
166605
783840
4335
1143
4230540
48762
2140557
1157880
1998
1625055
6933
2532
2193
42348
2136336
6867009
2934
87195
3021996
519204
1893
1033566
2988
3900
2850
3291
5583
4098597
5660379
4341
4268787
22713
1063887
11249043
15299526
2522664
4203
1842
3450
7524135
4263
1929
1962
5196
2631
1953
1227
2301
1506
2679
5269992
1425
4128
4509
3309
7660191
1944
1755
351
4734
5250270
2946
3786
1425
3954
1366143
61032
39846
4356
4305
81774
1737804
1227072
1659
4902
29175
2091
2778
4947
4926
2958
1839
1050
2316
2679
3281829
3964956
2073
14622
1881
2418
6663
4359
3735
23481
3243
1398
3288
1863156
2664
2850
4980
339945
8055126
3348
2019
279525
5667
485031
31551
1734933
6306294
2868
1818
1467
2436
6866562
2221770
2310
2589
8189895
2304
2874621
4197
1431
3150
2433
3030
24576
4536
3933
32856
209076
1371
1065
118383
185259
18228
26367
2349
41679
2094
20433
2373
3048
430740
3606
1536
3069
102756
3486
1305
1299
227376
4068
1755
2658
2001
90822
2814
23421
2934
6627
53478
103821
1632
173028
4893
17058
18354
4383
3525
6240
5028
93438
1584
2454
1836
2106
114858
3255
2169
3471
3042
978
1305
1587
175068
349647
2763
1947
2733
2883
142044
82158
2046
1989
1527
2841
331632
2334
3714
988317
1857
3609
816
2886
2577
2643
1398
3471
243102
4324707
2688
3129
950637
1980
176652
7608858
1086
2835
7401
1680
1293
2610
3012
1458
5370
2375904
5200887
2592
45813
3510
1145853
2547
58068
823839
4629
5973
1593
3714
2649
269073
1380
2580
2208
1602
69456
1095531
1210674
3087
188040
22668
3537
3798
2847
69120
1770
2263020
6517101
2583
4827
1968
2772
3597
3092316
3315
941403
71253
2523
2490
1353918
2877
3587736
76782
3633
1804422
3123
4578
1434
4413
1429569
12454149
4302
2040
2632497
10545114
2616
1206
750003
2772
4839
1599
3441
1602
2850
6337818
34122
2763
4779
8310
2043
3771
5538
1593
3144
2823
2919
2604
814581
2106
2379
5082
2289
3507
1524
1566
1834524
2622
4539
3567
14137707
2805
1344
8190
1375563
1182
7414971
5098005
3285
2613
1323
2946
11173377
3840
1707
1587
4395
2163
3515724
374832
1215
3210
1521
5174040
6186498
3831
2134458
1320
3099
4887345
59652
4024542
1371
1829667
1518
5025
2328
3249
2559
3765
3924
3015
5311077
1896
2520
7695519
2820
1716
3165
4098
483
948
4563
1809
2637
1349844
3411
1707
3192795
1596
23003175
789996
4224
2988
3840
3234
2961
5034
29736
2976
657510
3429
2889
64305
3783
44247
2892
1257
189672
3633
2118
3537
4350
1923
865365
3519
1923
2080440
5117115
1905
3609
240189
2730
1398150
5274
1774929
1640370
1000812
8291145
968835
48429
2283
4826193
192921
2682
3669
2733
19830
3447
1680
2481
1746
3201
4215
4629
3909
3021
1548
1599
2697
4032
357504
1965
1137
4233
2913
1448079
3244110
4047
30405
2340
1065378
6233724
1791
2565729
687432
23907
2271
3147
2427
2417625
4056
2922
70755
750
1677
5553
2232
203466
344580
1707
3393
68427
4119
76458
32481
3684
521139
2847
4092
173625
266409
2631
1956
17097
3579
1866
68967
2835
1956
2466
4500
5415
114750
2580
1728
145956
2016
1011
375
66786
2931
2013
1443
3483
135789
1602
2280
78057
2655
5406
5187
421992
3015
2115
5499
2613
4254
3036
1818
2901
130665
4506
1185
2943
7380
622557
3918
2769
3117
2931
206016
4974
152976
24003
2460
108621
2379
3897
60975
2274
4029
1881
3660
3321
264924
3120
1929
2016
5007
2928
173715
2862
71409
69408
3618
220314
4209
161343
1824
161067
210552
3009
3072
3675
2856
68490
5169
15465
4338
78390
1929
3339
4344
2001
954
1920
182892
2655
2820
75966
2460
5571
1599
43464
2307
33510
1131
1368
2070
2502
262335
2001
3273
49824
3405
4986
283026
212046
4056
4068
268383
51105
2319
1455
2517
2403
2955
3150
16215
177141
8616
4725
2100
72117
388647
834
36987
3543
1767
121692
331485
2670
1815
4443
1281
1515
3702
102006
4458
1884
410841
340455
1551
2124
2148
2133
2898
1251
2538
2574
2283
3891
2313
2976
3903
62157
207726
2313
1728
86463
21504
301809
484875
1797
3252264
2124
1284
36396
867
1140570
14979
2043
5415
2775
5043
89418
4407
1875804
49287
4797
6687681
1509
1989
21834
2029137
2607
283908
3297
2643
2823
3201378
3072
741
3855
3741
1663122
1318839
2589648
5988
2415
13257
1785
4556871
1641
2823
3111
2487
2703
11262
26802
2120427
2544
1064493
2913
7785
2097
2477043
1710
2526
4914
2334
1206
7695279
5568882
2262
2301
10801017
3327
2175
2439
2820
2307
1428
1669917
6340944
5685228
3681
3141
101988
52278
1938
4608
59364
34065
1941
5744211
5865750
2490
2694
538584
3246
4800
1740
790659
1350
3976395
1875
3366
3186
1815
2490
3426
1056
1746
3873
2158257
2895
4656
51498
1839
3072
1731048
17148
3084
3807
3573141
1086651
1611
3151953
3588
1181232
5394
61389
2466
58683
3108
102123
2167623
882348
14988
108765
2112
1086867
3387543
1446
2886
2094
3624
3873
3114
1674
2670
2874
3432
8232
9354696
1986
2713842
804
2346
1833
2451
2829
3336237
2736
8851245
3444
91542
3045
1212
184293
2535
3573
797307
4125
355431
1401
5295
7533
7789164
1093008
3333
1947
3204738
4612515
3579
4316931
2649705
2981364
1977
1290
1137
3322365
3492
2466
1027644
298920
5341107
3944652
10487394
3177
3033
1284
5306061
2352
282705
793962
2544
5139
3216
2022
3166242
3574830
1040949
14348361
10232343
3075
2620974
4128
1707
3741
4233
3417
1550010
3024
3207
1344
2127
2871
3051
1851360
2931
2064423
1863
1363974
1094268
957
6525
4137
1365
1503
5833794
2532
24987
46146
2595
1593
8323548
1503
2088
4392
51054
717948
1914
2448
5247
19026
2436
41142
2034
1434
45012
1681386
2028
2973
3021
3327
1782
8772915
2385
3612369
66171
654213
4647
3228
2523
1677
3810
2121
2328
2234463
11049006
70452
2565
2649
122397
1932
3171
31998
1551
3228
80853
2919
1800
885
76422
1729341
74916
3834
3201
21555
48396
2131851
5922
1833
4155573
2868
1031889
2448
2511
3159054
2112
34128
110826
4674
972
241407
3447
1848
1353
5361
987
28284
1392
54930
25590
62499
1953
111489
1095
179442
118668
57003
195951
3285
2325
2355
16959
154545
3609
2430
2676
4140
792
57513
20406
485664
71841
243822
5100
35349
2742
3381
5121
780957
2388
1470
1860
392826
497796
66183
19197
35583
30897
2199
4962
35217
9210
88095
2991
110421
95310
1707
166422
162795
158826
1554
11481
3201
2916
160710
82140
4065
2100
4221
14046
1917
309
2178
3939
1935
648309
76623
1506
2226
2610
344253
1968
164034
80241
1854
1983
3207
3336
1266
53508
1677
400203
77691
98481
1758
3039
250824
5802
1428
850689
2559
6006
1385307
95970
21753
1389
21987
9393129
2130
20781
43629
2820
41346
3798
3360
1953
4596
12555
2127
1758
3015
3231
3879
187482
2979
2121
3243
3615
30162
1851
4344
59928
1875
2268
3270
4980
1830
3219
2547
5151
2706
156024
453162
2067
4857
80217
2562
1626
104109
4497
11985
372693
1416
4623
2802
463638
1884
2049
26745
1959
1977
5106
40107
1143
11547
1395
2331
4956
36903
408
18159
1329
239031
132858
3762
2370
1572
485745
3300
455175
2130
56601
8100
2487
281229
1902
173988
3246
114903
2265
264519
55185
2310
117297
3312
2763
