3fff:0:0:0:0:0:0:0:0:0:0:0:0:0:0:0: (total 14)
0 1 2 Thread 0 going to cpu 0
3 Thread 1 going to cpu 1
4 Thread 2 going to cpu 2
Thread 3 going to cpu 3
going to barrier (cpu 0)
going to barrier (cpu 1)
5 Thread 4 going to cpu 4
going to barrier (cpu 2)
going to barrier (cpu 4)
going to barrier (cpu 3)
6 Thread 5 going to cpu 5
7 Thread 6 going to cpu 6
going to barrier (cpu 6)
8 going to barrier (cpu 5)
Thread 7 going to cpu 7
9 Thread 8 going to cpu 8
going to barrier (cpu 8)
10 going to barrier (cpu 7)
Thread 9 going to cpu 9
going to barrier (cpu 9)
11 Thread 10 going to cpu 10
12 Thread 11 going to cpu 11
going to barrier (cpu 11)
13 Thread 12 going to cpu 12
going to barrier (cpu 12)
Thread 13 going to cpu 13
going to barrier (cpu 13)

cpu 14 cur 14
STARTING...
going to barrier (cpu 10)
STOPPING...
Duration      : 10000 (ms)
Acquisitions  : 9364948
4680
4035
510
3309
348957
117240
1320
52014
3333
3459
3762
6024
3732
1773
4371
53559
4551
3654
69642
18525
2559
1683
200265
375906
3531
2184
4125
4986
18336
2868
2907
2388
66750
7059
1917
3258
2769
6153
3429
2511
4152
3612
2517
1254
2691
2442
2595
1764
41928
72300
2430
3180
2238
4221
86847
2718
2613
2595
1509
3297
822
2577
62925
1875
3411
51078
5445
6288
3810
5253
197340
1551
127254
2547
37527
3279
3438
3771
2625
1860
270621
3066
53349
2202
189762
2442
2922
3534
2235
3291
80205
27393
165492
111345
251454
81918
57831
2610
5106
1425
55476
2562
4074
261663
2121
2394
993
119151
97659
165135
223032
2718
1383
1965
2550
105303
4035
129573
3963
3027
36816
65973
44406
103155
2355
1224
2583
3027
2217
81897
1497
3714
2754
73050
1482
7170
65121
2535
89130
56751
2721
1353
64098
2013
73848
1386
3864
4572
31368
2406
15696
1410
3795
129714
3117
249030
3765
900
4998
2766
3456
5241
3189
173220
2157
4764
3834
39333
183657
4248
3372
320934
1641
50463
1392
142935
1764
183798
1338
1545
4524
26100
1803
5316
299985
142191
7302
23985
3747
3306
108285
20823
3024
1992
31524
31236
75663
40008
2523
1470
4185
3222
3303
2685
161910
148809
2184
35157
379848
3399
2433
4170
270537
86070
167781
116229
2721
58872
2988
4473
2691
58221
44016
2013
3225
68076
3708
20208
1311
3672
92346
275250
13020
224067
1896
59193
4134
317175
44940
2409
2724
114576
1749
57684
1377
158508
2166
3621
331617
3714
62853
518400
1827
3036
2511
2289
5421
60300
1659
29763
4665
2163
2004
2259
1470
2616
2682
2538
54216
3783
2346
392325
1395
4839
2157
2760
1050
85119
49233
117006
2430
47664
2184
1707
4311
47853
4377
2325
3843
1791
3021
4524
3897
4275
45069
3213
2616
2091
298584
100512
37983
2292
3375
3159
36975
211206
2943
19914
1926
13233
3561
2904
4308
2427
3081
23661
2397
2148
143697
35562
2013
3960
538539
4266
119235
4083
1500
3948
3072
284949
930
3981
1290
2880
2847
171672
1608
1938
2115
1995
199734
29157
13620
4464
1776
555609
251229
4659
58017
94827
2748
2382
2598
236601
161184
2826
3144
1344
27384
129813
1749
69039
2463
4443
3387
105108
3084
4206
1482
1878
45942
58245
2592
28458
2781
4125
1839
5967
2928
1188
2451
179211
2907
852
2529
19374
322380
3681
4140
13908
2163
4989
17499
1680
4584
2688
1797
2508
1989
37932
3948
966
40107
2667
4890
7212
3075
3621
1986
3735
1428
257196
3420
1755
4392
3744
2784
3258
100071
3024
19755
6138
2868
1995
3504
4750788
3342
44124
94962
3996
3483
12009
3852
1893822
4014
898059
1680
2454
218097
3210
1995
1227
160524
906066
83028
371154
337407
14556
18342
2190
1280826
2652
2453559
2457048
1296816
1341
2472
4627743
2412
3501
1086
75762
1995
1608
5244
3108
2172
1734
26094
2068899
10230
4137
3273
1331688
2829
1653
3732
3567
2913
2169
3018
8972094
53277
3930
3414
3132
2640
3424776
3465
1671
59220
1929
2139
2085
2331765
2739
858480
2586
3450
1644
2517
2862
2937
297009
2838
2667
3981
1337592
2448
1380
3558
2632251
3549
5629449
36201
4902
2112
2802
1749
19647
96891
32994
4248
3084
1692
2070
2328
2397
2847
951
5532
5511
304884
9987
153957
1866
28599
3066
1524
2313
3228
7603080
5991
6501861
186969
2364
2598
4416
42345
2244
122559
2067
102033
276141
3096
2439
1695
2364
132639
4197
10716
190116
8700
133863
2205
42372
2598
3105
113853
2973
2667
3432
3315
83382
170988
3042
3243
49029
2610
3642
3594
130482
1767
2274
43443
4545
2070
4353
173238
2700
2868
2730
1353
159567
261444
2253
3027
40893
2355
2595
18522
92016
43986
326472
45657
4779
121380
2670
5112
3336
3630
2682
170130
227112
172776
315183
47988
4722
2484
2004
2436
69210
1332
262215
2118
2385
103065
160683
3108
3816
3120
1026
2679
1542
148059
948
99468
3015
2886
5583
34893
3771
1872
3174
108468
116469
1338
76176
1440
3141
61914
2427
891
2700
3750
180558
3198
26832
2439
26373
2229
14421
3849
2865
21993
6720
47001
3030
2433
230115
14310
34344
281097
3009
3147
11373
1827
732
101976
1662
3357
5112
32532
3867
1953
356211
2145
286347
3906
1599
4071
3180
1773
3309
2166
4200
12420
4836
2820
1917
89838
2427
108870
96528
115281
7092
343515
131934
145410
69297
1932
3081
2376
64155
121773
3591
2712
82014
332529
52317
2274
1644
82473
7902
3219
2964
2670
2775
2715
112110
1857
5577
47553
4005
111945
1950
2553
4827
12954
2346
1107
55392
4905
241899
113679
3651
3348
6630
1374
3345
3156
2982
3567
52938
3660
1731
4350
102882
107766
21246
20094
2328
1962
136911
2148
70416
3117
251262
3195
1581
30081
2346
4359
4593
3600
1797
3021
1494
130725
6393
2475
3216
3306
370068
23022
96291
608580
3615
126972
17172
2844
17556
200169
5157
121029
1992
41898
223239
2043
74850
93480
4923
34464
112089
4950
40395
2340
2004
1869
4125
2394
2880
2631
1821
3177
2694
53187
1866
4461
1527
3210
2604
3570
2313
2199
7248
2667
5526
1734
192231
2358
23241
4464
2436
148200
2997
4191
36261
83373
4344
1854
72027
6408
4080
1269
184923
18024
2097
187269
2718
2727
1923
4563
68376
1818
17325
2208
2322
2352
33075
13509
11352
24357
2997
3561
2181
5787
3915
67260
49938
112218
2286
344199
80586
4245
3690
3096
4785
119481
4926
2154
2703
77160
1668
1539
1110
1857
6273
2550
2961
2490
234510
4593
3132
978
2997
140328
8454
2325
3174
2493
1431
3069
4878
1935
2589
154974
1473
1542
3447
2547
3054
194127
27792
3060
18522
3495
106221
3636
4290
44370
1428
31386
30735
2763
3330
1857
2298
3042
987
1980
2376
28917
4119
3138
2931
3660
2913
1881
2055
1656
2445
2559
35220
1332
3831
6624
3528
18402
10035
147768
1464
106044
110124
984
2184
3732
169359
2307
3177
86853
40287
3054
12288
2739
1887
2313
3315
2550
45312
24396
2985
30606
52023
1251
1836
2397
6498
80148
15531
4260
91437
3039
2271
4968
11202
3450
2862
2694
3165
3756
1794
4761
4593
2118
250500
1911
3033
4704
147525
79737
2814
1746
186252
2682
56370
4029
29961
2700
2805
2985
516630
2781
73839
2673
2142
1686
3099
3132
2622
71220
1839
7443
2604
2835
124857
2385
48435
60144
69924
72411
230691
1134
2628
4851
3945
3984
4533
3948
372681
80382
1857
3165
229866
4497
203607
2544
3522
54033
53727
2559
5118
3615
1935
121554
1581
3429
59508
51345
4005
2529
2934
3795
150534
80013
1671
2856
2025
1467
95082
2100
2037
2568
36972
2694
11295
2376
2865
88875
3489
5133
5361
6417
36243
89202
2967
1623
27807
2850
221901
2529
173367
142653
4131
50508
3153
4644
3171
298914
2613
75849
2364
3249
1686
42348
1605
138096
65019
2145
1965
78972
4125
1419
2364
9930
101823
3153
4953
2517
1593
4017
2271
3369
2859
371925
2406
100182
3447
3006
5646
4527
4983
77013
2523
44931
5646
38028
19866
2340
2637
2784
2472
294165
195711
4026
61731
1971
17823
63870
2640
162678
449340
63864
20586
3936
2061
2283
50736
2706
84174
1569
40890
4836
19191
2892
4452
3909
3567
7983
40392
377259
2703
1791
3123
3138
33447
3330
4191
5484
2403
158964
3555
424476
43260
83199
4374
1740
65778
3420
3129
2460
1716
2799
41061
1692
4047
2862
2337
64245
1947
2733
3465
59622
2766
1449
189915
98289
1542
4125
3102
2880
4143
2586
86568
2274
2739
80871
2892
2799
2460
19116
3987
37365
3363
4383
84048
5748
157098
1950
3621
2124
465828
2628
74502
220035
16803
2277
117321
49398
2010
1140
67818
2439
41367
3921
157221
5268
26304
2049
3420
232374
2424
1983
2493
1473
1410
146151
55224
3204
1251
17301
4149
4140
38013
4683
2346
307062
1614
3477
2283
54582
2544
2223
24438
3459
28491
1950
59253
5871
25200
2793
3771
9228
75594
5907
262929
2019
2304
3135
4104
193446
1488
2334
31164
2682
150663
68022
72138
3297
2808
18081
1821
3075
3063
3945
3777
3951
9297
289260
81729
5649
3084
6300
3900
3939
2088
1755
2295
3423
1869
3753
2625
200853
4230
22911
3384
220977
3921
1923
15348
38589
2781
82959
3912
225825
4383
5121
4026
1581
40029
3408
166617
1491
1506
2919
2544
5997
128172
234390
1845
2877
3216
2334
90186
29652
5415
2208
3933
4461
36207
1896
3114
312666
25377
25944
4191
140331
3276
1437
143028
3186
117072
55986
57384
3111
2949
7224
1734
2772
78714
5838
3636
4212
142974
2388
1704
2754
3288
31308
1551
1785
4629
3741
168651
2874
16758
1641
1920
190116
1470
3087
1959
2460
61902
2580
35361
2430
4299
2961
2088
23040
1530
2511
2202
3561
4014
76926
2985
2877
2403
2337
3834
3132
14124
2019
3582
3558
2451
2751
1884
46380
1755
194979
5127
2724
3759
22017
28899
113403
194958
2712
212223
3633
1614
2103
3684
74982
3201
2160
284070
2583
2709
118794
2208
347487
4128
64497
1668
486957
2976
85827
3666
180063
3576
140292
374247
2853
2208
4881
1938
2499
2427
44496
3987
72999
3222
6963
108840
2319
4122
59712
3258
34032
3057
18372
2493
2364
3081
1944
1806
3321
3771
3300
215352
3912
143472
87810
7224
25353
1506
2052
2967
2247
2952
3090
2391
43953
3192
10770
84729
2262
2151
2367
3417
3339
69072
2892
104454
3045
1971
157734
4941
31806
2493
1998
2331
3183
62499
1539
2625
2298
3291
6654
183801
2565
3879
2493
4164
3168
32931
2460
4254
175176
4500
5667
1545
2583
2196
82167
3186
25281
2112
1920
5376
25431
4350
26421
4122
2838
443508
3198
1455
183990
31077
106575
82758
43077
2013
3600
3696
76230
1425
76113
19506
135120
5493
2481
73938
67809
5406
5043
52944
426993
4827
147573
2700
2892
3528
2760
3405
3210
2088
119247
2337
4212
2061
3321
4533
1866
2259
2979
1428
2694
3957
3033
16251
3156
2961
82035
54537
106776
8970
3069
2721
3930
3066
4404
2958
2580
4875
2655
107937
2583
129786
4134
2772
3441
13224
139734
115974
162753
4527
22848
24117
3003
1422
51462
91257
2991
2385
3114
2031
3474
2520
1824
219690
2181
5031
33717
3534
4239
2940
42741
257637
1302
3366
2451
103692
243873
5037
3696
4860
2652
41640
3957
52908
1872
4272
2271
33423
4341
4836
2043
80256
1353
92118
65475
508905
3681
22404
5115
2331
2781
3159
52056
3963
187716
3582
4188
2313
38313
131478
3006
2961
56118
4938
125430
3456
102372
309411
206706
4287
2163
57522
2550
2622
25488
21801
1785
3579
2493
2832
33690
3075
161214
127329
151764
168630
2031
99780
229680
2304
4374
43305
1452
103749
9402
4374
4344
1899
76281
4419
20721
2646
2406
2451
2739
5217
4014
50610
3123
1965
23136
2976
134187
3693
4935
6030
2601
69045
3099
72744
63096
80640
1308
2193
2280
195429
139221
3681
133575
3888
3111
4005
13710
4728
1986
3987
5937
2313
4035
1473
2817
1665
3084
2394
71364
2790
90501
50598
3753
1440
1680
3966
5271
2307
2832
3408
19221
1179
1776
2757
3147
4407
13458
4578
2304
62193
16395
2202
209424
5859
307716
2961
8220
10725
702279
40680
2676
1920
1110
1743
1024995
2799
4260
396390
2382
2184
2049
6642
4464
2349
2514
1920
1989
2688777
2259
2070
4518
2972955
1944
1773
3675
3174
1326
2532
3552
3246
3393
3030
229854
363810
532401
2970
1602
454818
535479
2469
3575133
4428
135159
4317
2637
2335338
4326
124773
3078
2961
1166781
3612
28824
3123
4878
3501
4851
4584
5136
2502
4546149
2979
81939
3111
2132712
4858317
3546
2562
5447007
3506739
2892
3264
3936
51324
1163811
2565
3522
1121985
2253
2559
2348133
66798
3774
3819
4551
3414
49134
2586
18081
2514984
2355
2508
30066
2631
2178
6216
3069
3447
1980
3762
71655
139269
1587
3534
3228
2244039
4197
3422577
2154
2568
5265
1320
3384
3468
2016
3504
548919
21612
3240
3426
61494
1608
2253
5067
4839
81294
1120755
10034196
4629
2121
2049
2971671
104115
100944
145245
5274
2988
1716
74145
182697
42246
8607
39681
4119
173001
24390
2772
2112
3402
1587
2514
41433
126750
2706
12126
14391
4305
1659
56589
94152
3249
2526
30684
1722
2205
74847
45660
4920
3162
74394
4854
3741
3291
183129
3888
90807
4764
46680
13863
57843
3429
5175
242343
9510
2022
2652
41484
258309
63492
3663
3981
18195
839814
2688
18966
1935
54681
4368
33438
4476
3354
2550
5562
62325
4818
2127
25191
2481
4725
3975
4797
4671
1893
4050
39915
54495
3063
2904
2040
1968
1992
2139
4992
44094
2571
2640
3417
110820
4827
2487
115170
3252
2790
38841
2193
2799
4701
18615
126294
6225
4038
325587
55509
3234
77745
52194
2850
89262
18096
311967
5355
2619
3315
2562
9078
1890
38934
271509
1515
2979
1809
59172
34572
2400
1602
945
78663
1884
4356
1818
15156
5370
38451
1569
4737
2991
100881
1710
3999
3579
1089
2322
181752
2532
2499
3678
1797
1353
3786
277386
136647
109218
2535
1641
2799
4128
3693
2424
3186
79944
289335
5253
22662
5589
1647
2025
157056
91992
17994
53766
2895
2052
3594
23172
3699
2814
27555
2187
52311
30237
232317
1710
4206
1782
2424
137703
142773
1950
1485
6150
2622
104073
2430
7128
2394
3504
2829
1326
1043022
3516
738273
678789
1359
2457741
2247
3642
1623
12582
763512
2082
1994871
2250
2484
4653
1581
19941
87723
2811
1485
336567
987
909189
2763
38940
3294
336315
28437
333846
59166
2187
2859
79158
3351
3511494
1485
1974
62037
45861
1848
2511543
1728
8715
4470
75972
1194783
83856
1338
1440
6726879
1608
1064550
6396
4179
3775368
1083
3801
5470131
38574
19941
25041
2649
3368286
2478
2505
83961
2499
5013
7866
3254823
1525608
2577
3678
3018
80850
2381208
3039
63984
49377
207042
2973
5509794
3912
5166
625233
21003
2247
2184
194406
6804240
798288
4527
6492723
3333
3087
3987
40464
1086
2733
855
48957
3507
3066
26484
120624
2436
92046
3192
2958
2292
2265
1662
35682
4470
47730
16326
156501
1029
4095
130713
79068
30150
59283
3855
1971
2640
303279
2478
2379
3279
69456
2031
4767
2535
1764
42201
59487
15627
58461
1191
4734
1020
1494
272868
59733
3648
5712
2586
180261
1539
132723
3564
4584
77592
3402
298962
2892
987
153384
2208
229137
5061
1137
1524
2148
6045
4740
169323
3888
2775
107085
2025
128208
109818
1458
4815
2415
2583
141072
4095
47748
119109
1476
4092
15486
196962
2607
19047
2094
2169
37089
5505
1992
5088
125172
13617
3624
2385
12930
2181
37881
7359
216834
24858
4083
300351
1455
4197
1191
289023
3831
1794
297120
4293
3561
38406
3219
36714
14889
167541
2874
18222
3768
2577
3207
1725
6681
169614
100233
1803
7701
4833
169191
3180
25800
1257
1434
4440
1134
1248
157017
2055
3522
1920
5658
66390
2784
2271
145404
128211
1323
147633
2523
65589
1716
828
5613
2946
1176
819
2418
106440
3363
1197
473616
885
4056
1611
134052
25785
2217
4437
131247
2115
2823
1641
47652
2649
3924
6585
4479
25266
25914
3132
2331
69702
119214
936
3780
7680
1374
1572
2715
125454
2745
3558
188028
3921
46149
4350
1392
47691
67683
1086
7878
1632
2892
1617
77700
3924
12966
1770
196290
29331
1581
8496
4455
1815
2316
3006
3264
5328
2565
5490
1464
5040
103728
23676
146430
2721
2847
216141
4509
100317
4071
77124
1902
2337
3498
5376
1935
2508
144492
69804
2100
110286
1824
2643
2607
7236
78885
2052
4425
2892
4860
89226
2019
1107
2481
65271
101919
28071
201894
58485
180174
166419
1221
136815
5247
15849
37185
1287
1752
1332
45390
2727
3015
226401
4257
131211
53871
2622
40380
3105
2352
2133
182748
1788
1653
4005
3849
4164
216357
141165
121356
1539
23664
1731
16596
2319
319158
1947
3357
2037
3534
3222
3126
2085
3261
18042
2229
96177
2244
87234
2772
1869
5523
2361
58575
32019
1794
2028
3279
115680
2643
76668
318432
67467
2694
117426
2775
2175
20271
111615
2262
129087
1599
60582
3312
2463
2700
76077
1746
223986
2382
2697
1191
3696
133362
2316
2388
35706
71673
2751
3276
1335
2775
2469
39921
3015
4191
2754
86721
2757
123384
5565
2877
2202
2478
333180
1851
47754
2439
4425
2526
2007
2688
27195
128442
1842
4674
40548
49971
2997
1359
1773
82428
2511
65409
346086
3234
2406
2145
174483
2883
1524
35943
3594
251298
1716
78678
5706
1062
267174
1785
4071
2250
1884
3819
76695
119277
170244
117012
2973
5064
262569
3336
18033
5421
3261
6207
75465
1638
34308
2250
37962
2598
2499
52011
534666
2286
167241
143883
4359
4008
2256
30561
77952
1632
1677
2298
2052
2025
17298
45573
54510
76101
3693
1965
24459
156621
169683
5208
40083
1515
4548
2442
122283
5343
3702
1821
5025
2136
2139
3102
6714
65856
2748
2046
3405
1680
1323
2268
52329
131097
16785
4923
2226
3402
18153
2919
2772
23637
3939
93945
3537
317106
2379
1758
113301
1122
162234
2865
130572
218070
3540
4893
32772
5712
6216
302238
3354
3387
39684
2982
3375
47628
3324
1353
4485
1617
4671
112332
22179
253914
1170
18783
71286
1989
1314
3519
5631
35823
3015
223155
3999
193128
6387
39000
2601
2784
48249
1920
4041
3600
3684
3879
416928
2940
2013
2676
2364
2343
11103
2466
2220
2991
182334
4425
3684
253791
26310
16227
2442
3189
10728
97881
1842
46647
3144
130011
57087
3969
1998
2346
22167
47418
50067
46242
235905
5205
118572
2988
2265
3897
22164
47352
1152
80934
23739
131979
5724
5319
3459
2067
26505
3285
2166
3873
88125
5379
2421
1638
4350
151899
2352
34017
2928
2115
200832
3543
2472
3930
15354
2970
2859
85182
42468
230481
109233
2547
5946
3828
1380
80184
2580
2346
190458
46455
5136
1749
1860
2199
110640
92436
3393
2085
2943
1311
3699
2973
85707
18915
1425
3648
2916
3267
2391
927
5112
172032
5460
21438
2661
18759
69846
3387
114741
326715
60201
47685
1953
4017
1770
2817
3738
40065
3009
123111
1047
3828
1887
49464
185805
3243
233559
1863
2868
2703
3033
274296
19449
3846
23760
117069
105732
1920
2073
193953
1866
1728
1203
1755
204291
4539
3090
3747
3225
112182
341619
207261
4479
3585
1596
3045
4137
984
117684
93294
336288
1701
2274
2361
108906
61110
85653
127308
2490
160137
3528
35148
36891
3132
293772
4701
4335
2253
15297
1575
134814
3789
52068
6987
1986
2262
3081
53409
1749
2166
1233
1668
9765
62862
1959
78816
76359
248109
237957
91815
182988
316041
1944
1296
4305
2703
2235
2049
3438
1755
7986
2661
3036
3792
94398
2694
17487
3324
1293
23535
2136
2907
2016
239898
1260
142128
3885
1881
4182
1827
1326
56493
1860
1365
68730
1449
181398
242214
3237
4656
1665
273456
3402
2346
84690
86526
1650
2379
121713
1776
2217
60813
2604
1695
4371
2745
4197
2106
2550
1716
2262
139305
5313
2100
122583
286590
170700
46554
7473
1557
516
10149
2697
4254
3465
566307
119481
2961
39120
63600
9615
13674
1389
1725
2325
380820
2700
3747
5382
7224
5049
53343
346524
2292
2016
28449
89442
232551
2148
1620
2886
8496
81537
2940
3297
58146
2304
3144
2325
153213
92601
1503
112344
2472
32577
42255
2775
36579
4977
3255
4164
2529
120330
109530
3432
71151
2196
127131
3441
208803
2031
23055
4980
2910
1287
10914
183849
2511
83310
107148
2502
1926
2934
34203
2562
76170
6237
2886
17826
3744
128970
30204
2484
3168
5346
42615
5412
2625
87042
3477
49563
120396
1542
5766
1416
14382
67815
31647
3537
3732
71946
2943
5037
1818
3474
2577
94677
61932
1731
48651
2109
1980
137034
56610
1308
2073
23265
68094
118971
4116
2730
3375
8358
1833
3324
3276
115740
1944
1344
1854
3702
96672
2019
3747
1953
3627
1818
60798
148893
2886
4557
2664
3963
3222
2571
3030
3507
1485
3678
41163
153459
21921
14190
2727
390933
137820
2427
3663
96255
2610
3192
2838
3783
4758
14118
2838
62898
20790
1380
1512
1953
2556
111930
2832
3306
2217
3072
2373
2397
2769
75360
92712
65115
363840
130605
3348
21420
2502
25533
2796
3378
5685
1554
2415
3360
1908
4896
161568
127692
2112
3603
1740
3846
2589
12825
198681
1761
6180
2115
58140
28227
1062
3861
3675
1488
78099
2136
3468
9240
3192
2094
4089
3684
3768
2373
4011
2178
11628
1785
23547
5157
28284
2271
101364
1590
3600
2232
34974
4347
3234
313710
154431
247539
18285
101364
1359
2040
1917
2592
61404
4986
4290
2616
2718
77349
2859
3534
3963
2292
3798
38211
1254
2307
36678
1050
3522
2712
36864
3369
6930
1275
2178
95049
1809
3795
38151
2409
3231
2106
2040
114633
1857
39036
39966
185343
2943
1236
28833
629391
3264
3777
157626
2520
2049
4539
107667
213840
3765
20736
3159
2904
5043
2460
55227
3414
981
2496
2292
1653
3123
4110
118800
3012
4962
5979
116883
3567
234
5103
39978
4578
211869
119676
490164
12048
1848
3972
2097
2640
4368
118692
3195
22521
3774
39147
2532
1617
1677
3690
2115
108963
2331
71475
69705
50715
3882
1899
4815
3201
125961
3288
2127
1563
26349
174546
1857
3537
100812
2091
138036
77616
4449
6348
2598
67287
2070
135927
1962
1302
180507
4353
166080
1839
5250
2394
1494
1929
3588
1665
2484
241626
4566
4719
13890
2670
1428
1533
4383
2751
32007
1590
46488
314151
3672
3222
2154
3621
2700
67983
2277
2106
2496
2346
1848
3015
2325
2022
3810
39957
139746
31587
80076
236202
2040
76044
2985
30294
2355
3588
3624
8448
3588
2466
2241
3702
29538
2667
20112
2352
56859
167589
1539
71514
2325
29031
25968
2643
3507
2073
2832
101046
4233
197760
3351
1866
2751
77361
927
86175
98346
2868
113748
3561
3027
63240
3966
10887
1833
134217
25053
2400
4893
81690
115839
2262
67815
63210
1542
1668
329199
3027
120717
4392
268866
2859
3471
1062
2157
2988
86520
1962
3780
2091
125976
4101
1707
2931
53676
3969
3228
1899
4275
2307
6327
3762
1674
107058
2202
331785
2655
116841
51246
2709
30570
109845
26349
3999
3999
2238
1932
3243
1854
283791
2658
221769
1743
19221
2832
2373
2658
334902
60642
75396
234372
59487
5424
240480
4674
2343
1776
160986
4071
2736
2658
1821
25290
6288
3120
2325
3426
2886
1461
52233
45762
56184
29880
5388
24021
2904
3198
3693
1719
2016
1833
2700
2457
217053
1563
1890
133131
4155
4716
43770
19017
1662
879
2673
43326
90729
3009
2373
2907
3306
2475
1518
160869
3168
45054
5064
18447
2265
1746
53865
2712
134040
7089
3282
1368462
4055391
2376
2925
36735
18513
110799
25275
2673
711855
3753
2808
1143324
922260
3627
4536
2415
63162
12519
4632
3789
4419
126894
3873
2388
2448
3513
6036
2070
4734
4368
456375
642747
4050
2385
651663
4089
1716
31479
5160
3588
13302
43260
2208
2844
32415
2904
1926
3822
2007
1065
3813
2451
2363100
3144
3555
5526
5436
1170420
2571
29208
2442
5091
1323
130986
4329
4464
4326
4803
4353
2562
29307
3441
2276202
3588
3120
3804
2451
1809
1848
89721
42870
11253
2226
4710
2066220
2430
3948
1446
3696297
24138
7084014
5399277
54594
3438396
3441
87669
3486
23046
1174941
34764
1970775
3561
4023
2799
1968
3108
3528
1480386
345492
2346
2340
2290167
1626
2127
163521
42522
3624
2031
5589
3522
3000
48675
3273
1569
2217
2254053
1878708
8565
3237
2679
1496529
2787
4257
3813
3237
2649
6612
4053
422532
30042
5169
3243
158382
31236
4242
5751
1101
3114
1746
2559
41145
2343
33183
6355239
2898
1099473
2217
16560
4467
4212
3675972
1851
2814585
76518
3492
288333
17853
3243
2652
13731
12366
2778
49575
171714
1941
5382
4050
1869
2313
23058
2475
70938
2745
3429
3516
2214
213711
1656
3093
19104
1908
4215
5733
3798
73524
1326
3123
2043
2583
3129
3651
2481
1641
17532
2916
4053
47394
1440
1845
4785
2346
64170
2064
77955
98658
2412
2424
479133
67248
6915
2049
1935
4878
77337
987
12750
91902
3906
3732
56511
4044
4008
3078
56457
1806
19452
275832
3786
3699
3939
64458
3621
4095
62952
49797
18435
3417
1446
2520
3150
3789
4251
1362
74139
194328
24432
211635
1605
4947
3819
2010
215253
127023
18198
2022
2325
2826
2556
182127
2706
442749
98088
90864
2076
6015
4656
5112
1431
8547
2649
4530
2319
148293
2616
33498
200097
300468
4056
1638
75951
22269
16521
50604
232806
2277
2154
23688
196992
49605
178500
2070
3630
2826
115254
2121
52296
3444
6798
14736
1566
3849
9426
53070
2436
102027
11370
2835
1518
156435
180171
51843
2934
1806
3771
81153
2379
3090
159750
1911
86517
3102
1944
176406
4350
17850
4926
3345
127482
75297
2616
3036
10107
85005
1962
56187
3042
71088
55254
5601
83373
92520
2697
49899
21564
2802
3702
2871
4872
58503
3858
32508
1602
2541
54804
9690
3948
2442
54015
2292
2148
3990
2421
2424
110733
5772
194238
263556
2289
4752
261348
3066
3000
1917
2010
2772
30804
3513
1788
3126
2634
2715
18447
3762
4662
1521
2163
1542
34182
15555
5421
1851
41970
1287
6042
2037
104592
165984
4383
4386
78462
409755
4242
2331
5721
1953
3582
3084
101466
4125
80121
197580
3513
257634
2967
4095
3249
3141
2736
74601
65316
72204
2634
1179
3012
1599
79515
2265
2805
5265
6171
2688
1410
1938
3165
5901
5283
2688
1371
2160
2406
3321
151590
96864
3258
49500
59703
4185
54012
71157
4566
3096
40701
41850
19815
11322
6378
466401
5562
164235
43179
2787
15585
149796
64953
149640
10641
30912
39381
114726
11349
8424
3141
41613
6084
9417
5718
6390
145512
6300
63777
18270
115674
2454
5970
99870
8193
16716
30837
7125
211788
124845
105708
2802
9930
6933
109860
20835
80391
331983
144069
23541
238167
12294
4956
7398
10020
2754
23022
6285
40857
5016
218028
18807
17469
190140
4842
243405
10182
381966
26946
2820
16881
49179
3588
3042
6024
81714
20310
60831
10347
7563
35619
5676
4056
3195
5766
62940
117096
37470
5694
3066
137739
111657
24843
3834
295071
12582
6036
4146
6447
7230
7518
149148
25431
22149
171093
13920
8397
13503
20106
12432
8355
147429
11451
6960
5982
59835
28536
5376
110601
4392
71127
38211
166962
2061
231708
6699
2472
5652
3162
91902
35970
2829
101919
4953
3987
5007
4791
7020
3819
6024
4944
2460
2310
3675
40761
4929
4197
4020
150540
4710
273522
1299
4149
3900
3168
6435
23193
99210
2628
74667
2100
95241
294108
2910
262359
17181
3108
4002
41076
282225
95187
149160
100011
3711
2097
5217
3402
46158
15129
7053
1797
4248
143640
5310
119337
1830
3618
2580
5778
54201
2496
91356
2679
6171
154683
3741
130884
110088
25173
6915
37815
92343
4839
81789
3534
5460
5601
5046
5910
4548
8361
6294
3387
4002
28839
30090
6000
19332
201210
93729
22806
6507
2364
4488
6210
38181
11355
96528
4953
2289
4110
4809
16323
113640
4533
8409
133992
5040
37782
4713
4671
5364
63624
5400
4194
35166
120813
9438
54378
136563
58821
11436
68202
3231
356367
4971
20376
3072
4008
4695
8601
3630
2859
110700
4266
26967
6294
34506
5379
14925
162561
3411
2049
10056
90354
6339
6870
21477
209007
152997
79941
3654
8562
4260
7218
3057
98085
111966
4947
4524
210675
3207
44427
2520
3846
258837
44757
4617
163851
210405
376224
62058
6432
6975
9171
22548
6012
3138
4818
158676
9069
696015
6175452
5313
836502
3441
1740
10089
71754
25455
146769
62892
4122
4665
5343
4215
5574
9009
4761
3117
8970
6909
919380
5526
85929
27678
840264
3475500
6141
130038
6738
5427
95172
74862
5373
4359
5178
6060
5565
2260776
8139
6303
25569
8136
3093
790413
422991
891585
21168
2544
21153
3671967
5427
8736
56658
3783
11088
2076876
5118
10257063
86553
1160637
2355693
1221348
1138914
2364090
4650
2859
199632
1692
3489
5940
7104
4011
2308557
3966
3759
135045
67992
5982
3471
68958
7371
3927
2259291
2010
3107841
4518
2385
4242
5769
6132
3087
4116
6351
5982
20937
4617
23874
10401
2982
4230
11895
5946
57219
482928
83895
3126
9099
10200
2349
7071
11334
1313793
7443
12831369
24540
4791
62718
109191
130335
51957
119568
42264
76902
89007
88533
171060
102147
36453
38736
25431
4155
134061
15126
41232
157830
5436
24912
5262
5103
11229
32544
86019
5427
7065
3318
98085
5004
7422
62073
10479
1992
5433
3789
7749
120384
76872
245010
8619
4248
4128
3789
116775
7383
11064
7854
279726
4485
57291
13641
42312
8973
24207
13017
123558
4824
21264
3726
2805
13170
8403
3315
5736
7167
4728
68679
14490
7455
17367
56376
4152
5889
8679
7086
261969
63405
234921
2526
48402
9855
2712
50337
20166
178365
11001
2580
321957
4596
88485
3258
79704
57339
6531
4119
27024
312078
6666
127497
18609
44694
2973
15288
219459
3840
7731
142776
200253
107223
1257
267489
6684
6351
83919
5175
3867
38865
61665
112443
156576
7545
26619
8325
220638
6459
391593
83475
9168
3420
6192
14367
6717
123051
25650
3057
71007
3432
5670
3945
57798
3090
36459
18276
44613
261696
24420
19632
115638
15390
143640
49335
77952
9507
12666
14217
224778
91362
7734
18690
12465
119607
4263
3189
171432
9882
16014
85269
60300
12120
3123
6231
4152
24435
141636
7059
6090
3030
7437
7308
11949
6195
5238
2340
201384
15648
7467
12060
10437
28842
119856
4248
15099
82164
8667
19419
45039
3954
455394
8586
4293
62187
23394
11511
140856
5460
2685
55767
23538
276435
9540
146862
67602
174939
4869
7200
3348
164019
4683
22833
193116
5439
4044
2337
8127
2883
83874
5388
26547
26142
3408
6471
9582
4647
5955
104541
4428
3612
3180
53016
118053
2250
221553
34383
3951
2976
50658
3675
4788
43275
3342
185136
46686
4530
125214
121593
21132
5787
3318
5307
63618
3129
27870
2844
8907
4002
3843
3915
4248
6327
4497
110121
3429
212721
5253
5730
3546
13440
1827
5103
10902
4677
56880
68235
3831
114879
2988
3948
62106
3540
64488
4590
3702
2175
35772
117321
6585
37077
3969
3015
5655
5373
5124
6024
4695
2286
118791
6474
2607
445665
5988
4479
136602
66654
23871
2562
69108
7530
4971
4440
47640
4455
3627
5139
24537
3237
83706
6960
60015
3231
7341
7818
129813
4986
2061
4083
7296
102027
31269
118530
6264
380811
53277
4761
5883
5721
4446
90381
2994
2199
5694
5436
6567
15306
15645
185199
4368
7449
193644
3537
5544
239943
3063
3801
172488
4500
71769
183444
128322
142806
36111
3525
329133
3348
4638
10698
54018
154206
6126
4665
3621
7605
19041
4194
249072
8208
159438
2997
3456
3483
293505
52269
9207
37155
96336
5676
5442
52821
6540
49443
4140
4920
6126
2097
39417
175179
4443
2400
5694
2505
40665
10623
17271
9126
3342
4710
38061
149898
36054
20838
86949
78258
22290
7119
24051
96525
108777
8439
4962
176343
9186
20037
8082
17184
29172
8388
4242
361413
29751
6798
208446
6987
3525
6399
4206
37794
118626
3753
2016
21189
6054
29892
9435
6165
62751
5367
6453
11187
31320
224979
4044
8412
33747
4758
54651
52251
2331
2910
10650
9453
26085
44040
13641
106380
314442
95178
162054
10278
7854
3522
2907
2313
4047
4266
12540
1836
6060
37329
5271
4767
24927
79995
8343
7089
7083
3225
376101
4467
13605
99768
58014
50493
3459
14493
144675
3576
75375
48396
5484
106326
92025
131916
7797
213453
1488
17685
2538
3570
53523
3561
6573
60360
38904
2943
28161
238710
291003
9993
2847
9351
480948
439791
2751
2964
3519
16362
244914
11166
12873
53205
5490
49860
7146
27780
56766
28398
5037
6159
49050
5049
8088
4515
3543
356814
100152
10821
6057
3735
16455
15165
2763
131967
53172
19101
61053
4485
27522
2574
16281
44661
9927
9285
8517
37929
22497
6561
199581
9912
34356
5907
177345
2622
188061
3561
22596
4008
95241
4749
89553
3903
60786
4149
55947
3555
180018
2205
2988
207030
1710
38688
4110
4929
35802
338313
236880
3222
3138
777387
1454406
2667
2193
1803
35076
2610207
2412
4248
3591
46872
4863
4791
1491
1999074
4602
906006
3132
1842
2754
148575
3456
3438
168504
28422
2535
3186
2985
298758
1782
45885
1509
551580
2283
1443
1764
83517
309093
1767
5451
337140
4758
24600
61653
4527
2139
2667
3084
3552
63711
3066
5610
2535
82821
3405294
26016
91221
2424
42333
2943
2706
2169
3501
3867
3132
79050
2517
14883
2277
357
3915
1764
2550
2290527
2274
57513
74025
1584
3750
2140773
5872638
1337034
2805
8629854
287646
3663
3111
2199
55941
1734
48531
4266
3334140
5022
24966
2304
3504
2973
124125
1407
6180
3480
1111782
3426
25650
4329
3693
2033649
3633
1435599
1644
2271
4809
5094
3105
3111
1650
3840
104514
2031
3681
6372
1662
2973
3537
3675
5139
2394879
103179
89349
2613
1152
1926
1164
2160
2721
13377
45465
3228
5653008
1569
55713
2049
3849
542619
2142
79671
5025
2655
152265
4194
14096382
4854
114777
9843
123282
111732
2391
1425
2823
79626
3999
2451
4266
2475
49452
52902
2157
1677
2562
4485
98433
1197
15306
3279
102903
73485
2769
97065
196593
2472
9024
153438
2247
82959
2745
3363
2391
2196
4020
36612
85776
2868
2181
3069
2178
3138
3459
1563
76896
10884
6027
18732
230454
12153
2697
97353
1455
2910
6585
1836
1332
996
76080
3033
2112
45951
84813
13251
2406
4179
3654
2040
3846
300729
126711
4467
136410
2922
3621
3897
2328
3231
26244
3054
160221
2040
3024
1170
27624
147429
3411
39138
2376
165705
2451
3366
1593
1788
2787
53466
9531
2730
2067
3189
2601
2118
189831
216273
3150
4527
222861
1647
20982
3669
22488
5607
2406
106632
26163
26121
4305
1554
2682
1761
18135
2733
71439
3516
2670
2868
5370
1116
2862
2274
3717
4041
9684
1131
5712
2850
2052
1773
4317
2772
4068
1548
2895
3747
96693
2562
3420
2391
1803
2826
1539
4131
2802
70473
43317
55926
1770
139719
2937
29397
19125
4359
4023
3519
4872
2406
2427
4278
71226
2184
2373
2379
2631
85653
4539
35214
41847
3627
3531
29757
2136
2232
94587
5163
120576
2583
1929
3081
125199
2454
2856
2373
4941
69969
81258
4101
4500
2565
2475
6978
3441
2562
3312
107307
47478
131874
3174
52905
1845
4146
31938
3840
1962
5223
1164
149199
18399
1620
101085
3507
37965
2058
21666
4152
3087
2352
16983
76884
5748
4800
2214
2304
42429
183294
22143
3846
1920
4344
4119
2034
3108
3798
2067
6090
1740
4017
36825
15675
1458
50715
120678
10656
17940
3831
2445
2820
3327
2532
100728
2685
31326
65664
2382
2058
3570
2187
3036
1182
231381
18204
114987
3030
1083
4671
1509
73266
2025
205671
3819
3147
5607
2034
3312
1644
135783
1878
102567
16065
35730
1455
31260
4848
3072
3891
3576
2961
1557
3381
2544
43743
1509
81528
2235
2592
2529
14778
257637
52305
3501
37560
114123
1482
2205
3153
1878
38517
4482
33702
2961
2526
3105
2052
2448
411
1686
32142
25092
2013
2664
192012
23082
2706
4014
34650
15402
127578
3498
341283
2880
3567
24402
2286
22254
3327
2613
3372
2616
73674
2109
111774
2892
3588
75417
1893
19302
2685
3642
2478
2400
4071
5283
85173
173907
161508
4317
3765
3015
213744
2619
4608
1782
3396
2634
4950
79290
2919
2295
4938
2607
61359
2631
5220
2265
4095
34671
42567
1614
95025
2787
177267
108060
2658
3675
1713
2424
80670
3339
39945
2025
4434
5709
1776
4818
91008
51657
15714
19041
47799
4296
2187
66429
151344
5787
97584
720
10002
30105
2151
4650
112728
386784
14568
4272
2256
92019
246024
4725
77115
98937
1698
26325
1350
19158
2139
95976
5733
17256
3768
162090
119196
32004
98541
2082
1908
36417
3033
145563
1665
263637
3270
2760
2271
2133
5598
5028
2394
2925
4053
3609
34128
77241
3606
2013
71496
4689
5856
135144
1086
2034
1992
2802
1284
2478
4905
2301
2910
2766
2286
1935
140214
1845
2694
88512
3531
81123
3420
57672
2064
126951
97971
86907
3087
49578
3345
138474
168978
2547
7938
3561
2367
1536
25146
55404
4275
67386
125931
4179
70218
3201
5694
7608
2040
217410
3087
2298
1671
42843
62862
1791
1611
4641
104298
143022
1938
1773
224019
2850
385068
2586
22608
3162
113664
138810
2676
2115
4644
2685
3678
4032
169659
2535
2325
3453
12423
56496
3609
4725
53232
59343
46557
57471
1209
5079
2976
4740
2916
2133
4335
4083
26229
2397
283821
208092
2202
23928
21027
102684
5049
4344
5151
2514
156399
3537
1431
2982
32148
86559
4941
2280
61797
3081
1770
1944
4470
2388
3075
1206
3585
2691
5406
2412
1914
3753
4269
2433
121398
312597
1680
3795
2106
1185
129438
2763
87861
1155
2877
3894
2988
2082
2874
1935
327
1551
2958
72705
171747
33339
220485
101205
1779
42558
4953
55974
3132
148473
3201
166425
3105
3528
77469
1857
236226
6135
167064
3681
2514
49782
2892
1752
72345
1593
4443
36660
40602
3234
3567
53901
3966
3033
6801
102270
3162
1821
3960
3033
184002
4632
3429
1293
2646
5667
4074
1467
20091
4071
3090
2262
4236
151611
58635
5310
4428
1956
2004
13161
1041
126678
1581
5397
1887
2586
69606
3282
2193
240108
114741
178953
491415
3417
140604
102804
62223
96507
1896
2763
3186
4755
3537
2940
118206
2439
1050
3702
3141
2844
18855
2964
3222
4266
45240
246471
4968
3285
3423
3657
112809
1527
194295
115041
2871
3627
3294
291924
219996
43416
1509
3147
33501
59574
3987
16086
42168
2556
1365
98412
6504
134730
5226
234939
4410
4704
10140
2076
3246
50892
126432
3807
43728
2292
1806
2541
3972
1287
2502
1677
5688
120015
1653
2799
2424
18258
2031
117570
2925
4530
2211
1845
5376
4059
1965
1743
32931
9405
921
129936
3369
1452
5697
235299
2544
4275
1464
41625
3153
2589
3357
4203
3072
3441
3645
243237
1896
963
5436
2496
2382
23292
2790
1389
1767
2136
46227
1248
4887
3891
2982
3270
3627
21513
51015
187989
1452
6921
1398
2721
2730
4101
222078
43251
4269
80553
3951
31206
2901
2424
2865
4149
315147
3270
2949
2418
4182
46797
1902
3174
2475
1866
3102
4722
386013
1935
1503
23316
2055
41670
2907
4098
84411
2712
165726
402
366
735
282
288
78690
1239
198
1479
1134
1029
369
1362
25248
1221
1032
459
1755
489
456
210
139740
402
210
1848
708
651
1539
516
53256
930
378
1500
267
399
1107
177
85641
372
285
1278
213
573
1089
189
52227
2430
705
276
1692
540
1104
612
11946
306
387
2181
663
819
1476
288
5460
366
849
201
816
201
1560
354
2808
654
1869
198
2385
195
1626
732
36591
279
651
972
306
282
198
903
224070
216
585
1434
267
957
201
516
65784
393
1611
1977
300
183
924
396
82311
300
282
1500
612
468
447
348
150930
660
405
216
216
198
294
1287
82287
450
273
939
1095
435
498
192
103395
282
2178
213
186
285
843
450
106500
399
258
381
375
186
267
288
119931
876
1530
183
2670
657
348
198
7518
204
360
1485
669
1296
186
192
25614
948
195
192
429
750
453
600
47484
522
717
570
1347
207
216
219
295092
198
687
558
189
1413
531
384
53973
669
741
810
1119
1194
1479
678
28926
672
777
309
198
204
303
1419
118716
642
1071
1029
198
189
213
798
265545
204
1818
216
1425
270
354
204
88509
186
219
177
348
915
300
924
7296
369
1128
366
174
192
348
177
3543
273
894
921
201
1617
1998
1938
15633
267
1692
189
171
474
1728
855
143931
486
804
186
885
186
543
651
110703
423
666
288
912
759
696
264
72843
1056
207
870
840
288
813
201
47139
876
285
483
597
276
549
1017
4107
105435
1041
207
894
921
207
294
94227
453
546
192
192
207
627
771
175566
285
297
381
282
303
924
1242
33225
522
2952
1488
768
204
663
372
17061
879
213
213
180
2154
291
204
48576
840
195
1122
174
699
468
381
82287
885
822
1341
2703
351
300
201
167874
267
375
990
1332
723
207
210
40122
216
873
654
2136
390
447
198
142653
1182
213
699
447
192
807
822
106839
204
393
744
309
216
450
1497
91908
735
459
387
2187
1761
486
438
28566
213
1110
447
189
192
282
1068
298905
918
201
519
579
30189
174
3438
42771
843
372
2409
546
516
1503
1425
261744
549
195
1116
342
474
3006
207
5013
1254
1179
216
177
171
174
864
21849
294
540
186
1509
198
174
1950
207
219
801
1386
1554
195
753
741
13635
867
303
1656
195
576
297
312
34518
654
177
1392
528
201
366
216
23979
693
444
753
759
723
1020
351
22335
201
198
1566
1221
198
1098
285
32154
1164
759
2859
267
750
570
201
159963
864
186
189
357
180
549
1131
73776
900
1719
450
1236
960
462
300
316884
17112
450
843
1041
303
204
189
1181415
2370
195
1839
279
399
822
291
10437
1083
189
831
1119
432
1191
1404
23763
396
192
993
1671
186
195
1485
53694
1080
558
216
816
168
402
408
115323
684
810
1200
375
540
216
297
71259
180
186
402
2814
198
204
570
3099315
401397
624
372
576
189
438
273
17991
3534
1575
1509
216
1212
1032
612
910881
363
636
456
183
207
765
1014
14694
681
1743
192
447
171
204
285
3740412
162
264
267
432
192
951
1014
2073822
1051173
264
270
2043
936
270
660
3810021
1203
810
1116
1497
282
201
867
5398056
72357
168
1488
1095
216
852
894
3453555
1338
1659
1107
288
3249
717
624
85020
408
495
609
387
984
1641
342
21132
270
912
2298
309
840
189
291
2254452
519
660
1104
474
306
1494
462
1206429
642
750
267
288
177
1206
1212
1228308
885
522
486
306
1713
204
435
58482
927
588
189
378
546
192
171
15243
660
378
834
768
201
174
348
195
2172
486
213
189
312
207
441
40497
186
1386
360
900
2568
4692
180
8457
213
201
198
1350
912
201
636
207
1455
1152
216
708
306
480
171
2228049
558
189
393
612
189
1086
189
21168
186
666
576
876
1095
195
276
5223
216
576
291
270
189
216
354
9270
213
816
183
303
210
195
1476
19554
921
174
207
357
537
201
282
48879
351
1173
180
270
795
345
537
24447
723
297
1395
705
249
1095
198
88470
288
300
498
291
1104
804
267
57711
198
435
1752
291
522
279
270
4103796
18486
183
1197
192
468
849
684
1253724
600
291
486
189
960
852
189
142107
1380
1296
297
195
573
576
513
31578
744
543
435
597
678
204
483
410853
1071
522
300
696
189
1926
1251
44457
213
1095
174
1581
501
444
1716
13437
825
516
1101
615
897
564
1596
149007
1284
201
396
198
198
276
1926
53094
918
198
189
2154
384
198
369
20301
267
456
198
459
201
1713
3018
7161
300
504
195
561
855
1284
843
6204
291
219
582
216
183
642
804
6321408
4788129
714
192
189
678
1737
1296
2837367
291
1695
1317
825
195
387
264
71076
1383
216
1866
198
675
366
192
66714
201
498
501
216
213
1857
1086
16020
534
798
195
558
177
213
612
49485
507
615
603
273
195
555
384
133821
183
201
183
189
186
429
369
66417
1635
642
375
276
2022
3486
1395
174732
279
1650
1065
216
414
384
360
100716
195
1596
1854
417
675
2343
1404
64878
669
279
606
903
543
291
1329
3012
189
207
1785
1002
957
1770
195
21663
1485
444
1269
192
195
834
189
38817
411
378
492
276
1320
303
522
30012
1830
1077
459
639
375
651
441
438132
303
288
987
648
1146
657
1788
68361
627
495
192
198
678
456
564
156402
429
651
534
429
192
1245
288
175548
831
303
198
1479
174
726
912
140697
1209
438
1167
531
1629
300
417
942
300
297
807
297
429
381
1074
768
1011
492
852
1758
315
474
588
897
669
948
219
4188
1635
675
762
1644
306
495
621
1800
273
873
1590
339
552
498
825
366
918
468
1188
267
186
324
2358
933
384
540
843
267
372
462
408
768
321
903
1863
444
663
390
414
177
270
309
270
372
810
2013
2169
705
300
723
276
1650
861
1707
1080
375
1209
177
303
597
177
774
696
471
384
384
1458
492
588
285
492
750
363
798
1125
918
1425
543
3309
399
402
744
204
453
546
1104
624
273
726
273
705
345
210
663
396
369
1125
408
1587
720
1110
912
963
489
297
345
315
1581
1287
648
858
438
405
3300
927
1215
720
1815
513
669
582
597
732
282
363
564
471
975
2601
1200
270
1227
669
1119
570
405
825
819
843
1455
786
693
408
699
384
981
303
279
531
738
1353
2640
1272
279
315
564
462
543
696
360
1161
1140
276
717
483
294
1218
1941
1671
498
759
279
726
384
705
276
525
618
735
990
204
1041
507
369
1170
744
228
183
648
1473
864
1092
792
573
825
1434
765
513
873
435
2763
573
723
201
1017
459
267
627
444
390
300
990
498
903
717
570
189
264
378
405
393
1230
1698
765
1089
453
978
897
1293
372
297
297
576
684
723
192
87
87
90
96
171
420
537
1053
783
192
633
1572
1572
1455
576
82566
375
519
306
351
402
378
387
71727
516
189
1125
264
576
204
1179
84042
510
651
282
495
381
648
450
8412
1110
303
1386
249
921
213
816
23736
1434
564
489
2421
1590
219
747
165810
645
882
411
399
273
306
618
77973
1131
606
546
2010
1071
318
1023
15573
2007
1185
879
588
720
540
366
127908
1083
1320
447
639
1281
1995
2514
93648
717
900
1485
534
744
222
462
158307
408300
291
522
996
648
531
360
373959
1074
207
657
930
1029
1347
384
10890
627
276
828
195
480
207
408
98175
402
753
1080
546
291
312
396
153228
306
879
609
681
279
642
252
33087
372
131499
2103
741
528
960
573
20928
582
1104
1080
774
417
225
387
18876
225
615
192
636
282
675
2625
73407
558
387
348
468
1137
483
291
50784
912
852
366
1146
1407
1092
381
30621
537
465
2445
432
375
348
375
152976
627
588
300
1728
474
705
636
110670
393
648
726
786
1416
1407
684
65886
531
768
204
681
489
1140
1308
126972
906
1224
762
498
528
1116
2169
174885
759
399
723
1293
471
492
705
109953
825
297
447
438
516
651
369
93672
273
684
2391
222
1020
660
201
218505
495
870
453
717
828
465
900
3555
396
471
477
561
420
453
753
64827
774
1692
501
2358
1428
324
1080
123999
774
2019
813
2367
360
726
921
85713
183
222
1071
624
552
1614
351
52989
714
462
468
444
186
633
1959
95919
1626
486
309
1047
756
882
900
9411
1446
552
999
975
705
309
411
160494
1032
444
387
1479
300
2382
945
13788
759
999
276
795
1839
666
411
63420
279
1239
648
282
2421
1269
1047
580659
186
366
270
729
846
879
768
84531
540
2103
816
555
216
3636
936
5907
447
729
498
444
1959
627
1125
57375
309
495
1794
303
294
954
405
23559
276
471
654
858
1659
1626
1251
154050
546
276
1332
222
759
1866
849
67650
399
603
1341
516
369
1374
279
94950
399
477
426
2325
846
483
1254
200499
441
276
546
312
291
972
483
49884
345
1950
549
540
756
1215
876
23727
1884
312
840
717
186
1902
384
172716
534
870
477
546
309
1002
201
1725
1041
954
690
279
2187
1005
396
428022
558
399
381
279
369
405
393
25602
675
330
822
189
1050
1128
1824
93009
1002
399
378
2358
567
399
906
72075
495
621
546
534
528
606
1260
218301
342
1038
1347
375
900
1254
723
67584
1464
648
294
1647
312
612
1164
168924
375
1215
759
1605
402
609
1215
5958
954
213
297
894
312
402
177
52413
771
192
693
306
399
813
1050
320337
1038
615
666
276
570
249
489
49059
192
228
426
300
276
435
648
118125
300
2136
315
984
1248
1527
1056
134421
390
1179
918
1227
663
705
1251
81729
564
849
894
480
1350
2145
1068
67890
432
1503
576
1431
198
561
573
222
462
921
516
639
480
300
774
405
489
1092
813
1443
1200
408
318
297
402
654
480
666
546
309
201
537
201
1779
348
672
492
1158
561
225
1515
183
378
666
1449
2667
486
501
378
711
339
1134
504
735
825
576
1140
408
978
654
225
2871
543
390
417
270
339
393
180
1116
471
1164
387
1779
552
747
615
552
1890
570
684
198
1587
1413
2391
1296
726
303
2016
1062
405
645
180
1260
771
582
558
495
651
699
408
420
954
942
291
477
1134
402
288
1434
381
534
936
1092
1170
1611
285
198
1137
1329
924
216
405
744
732
945
453
474
363
1416
342
378
408
1023
861
783
348
1365
678
789
822
282
633
315
594
1416
306
1785
618
501
285
294
798
2436
387
1548
1704
180
1512
462
927
1629
219
180
306
210
201
819
483
759
4413
399
777
561
1074
678
651
300
621
192
453
1080
1920
456
603
564
1200
1170
660
1569
1590
633
303
1509
294
306
1257
579
468
585
1287
273
693
1017
1065
1320
822
297
303
780
996
462
576
537
753
1248
2073
4248
2175
189810
164019
113436
3264
55320
4809
5598
3156
4959
2016
4287
3096
48849
2571
5103
3615
64161
4977
19512
3780
204549
287556
80964
1557
1653
6075
1689
22413
2532
2013
2094
59040
14787
990
1890
4479
6105
3417
3147
2049
2826
1491
1914
6741
2430
1365
39267
5805
71724
1656
3594
4536
2373
83871
5226
2439
2319
2460
3069
2391
3165
68790
2106
48510
2817
12345
1758
2403
195258
2394
1938
128805
1671
38607
3501
4362
1359
3393
277209
58101
190185
2631
2142
3069
3072
1872
115620
277410
247548
2235
81822
54828
2289
4257
3501
52251
1578
2562
259698
2700
2739
3216
1611
116520
1425
51579
47985
160080
233067
2391
1614
1194
3006
105309
135444
3084
2289
100593
2898
38526
4404
104394
1320
1908
3384
2010
81852
1551
3477
2094
22119
41043
3444
6519
4410
64944
93801
53064
1419
4902
70635
1962
74169
2691
2181
2784
24522
3669
20688
2016
133485
2598
46749
193707
4785
3933
1596
3645
2934
3036
5439
1647
167445
4110
4824
4080
6207
32208
2310
179007
4473
2805
163212
156273
1749
53346
95505
49860
2850
185010
1371
1329
33765
2181
306009
153588
18600
3138
5094
138072
3138
30738
29922
116688
1530
1542
3939
3228
2724
2940
4695
316221
40554
378438
3855
3816
272346
88995
162816
1698
122097
52605
3051
3765
3495
3939
53910
47052
2202
67662
1302
4284
19683
2058
100770
268089
2517
9741
227475
2121
56877
1752
4647
94785
214047
5379
37968
1479
4812
119220
4341
54798
1368
2358
159648
2688
330336
1809
2436
55890
523572
4470
3399
2040
4365
3738
14115
45783
2025
24447
1656
2427
1569
1560
1245
1173
2250
4179
2604
48996
1902
4305
1875
395772
3813
2652
1917
2166
258972
46947
1884
915
3546
2904
50061
4428
2913
3927
2703
4335
4455
2682
48126
1512
3564
3189
296139
101208
33468
1935
3465
2043
3087
33759
217650
4860
16137
1299
10947
3066
4710
3396
3918
3210
31365
4152
142941
39294
2004
544962
118650
1530
4302
5007
3120
290427
2172
2199
3027
4005
2553
165159
2790
2061
1530
2319
1980
195273
33552
15768
2544
1809
98301
159864
290721
4824
248490
3312
150180
2613
1854
4095
137736
93750
1986
155826
3987
2661
2724
158883
1632
73215
4503
2457
108780
1275
4557
1230
49758
15633
36261
3222
32622
2499
4107
10644
2805
1272
2649
173952
2775
3198
2394
879
15381
204882
119799
3957
18063
2295
4995
13836
2700
2001
7131
1506
2841
1743
40938
5811
43623
3489
2811
7653
3303
2805
3471
4500
260310
4323
1893
4728
1359
3861
104658
2304
16668
1848
5154
2430
1533
3783
4747326
1332
44646
97608
2409
10914
2328
1890609
5208
2475
898341
4161
2976
218292
4626
2271
164820
901470
3054
78408
380286
337914
9144
4494
15300
1830
56238
1223445
3711
2450661
2462103
92661
38745
1153824
6195
2214
2853
4626132
2487
3537
2232
69816
3108
2109
1551
4875
1548
2487
26271
2262
2063814
17082
5013
4350
1331835
1344
3606
2121
3594
2046
3975
2934
8962320
56301
2622
3867
2424
1272
3427959
2712
64599
2193
2763
2335599
861429
1890
3141
1746
4503
2133
5544
298455
3510
2865
1342248
1908
1551
4581
97065
2537082
3054
5670384
3045
1632
1800
18735
134370
4743
1812
2142
3888
2703
1797
1599
1824
5148
311208
5901
150984
2439
28092
2931
2379
4530
1776
1344
7605615
1884
6501657
77721
102315
3090
3801
2883
3567
4197
36117
121038
2679
100785
6198
191526
72822
2859
1872
3171
2163
4092
127884
2244
3198
6648
1950
66636
69918
47202
13461
130137
1995
1500
40065
1041
7524
121890
1965
2385
2013
260742
2325
3588
42372
1986
2682
3894
134250
1326
2724
40068
3942
2013
2190
4116
170148
2814
2253
1956
2733
1428
156327
265149
4326
2913
34899
3795
2319
2064
13803
3153
88323
3807
375501
44979
119190
3924
5124
2295
3078
2901
944973
2232
3189
1788
74055
261315
2655
3012
2787
97914
165954
1680
1980
2055
1587
1569
1563
143454
2688
103662
3162
2601
3351
29502
3870
3303
1677
3261
103284
118860
76056
2109
4524
2010
22062
37350
1776
1953
1599
3534
174567
4236
32940
1710
21768
4515
17871
3231
3027
15018
4602
54075
2298
2793
223533
4008
6489
187761
125970
3474
5598
13632
4953
98583
1599
4158
3129
3819
32427
2118
3342
90810
258303
1620
292566
2820
3693
3519
2103
3891
2250
1731
318
17829
5088
3159
4926
85593
1929
113034
89934
117672
3057
345408
135282
132063
118164
3054
1854
1281
76653
4329
325128
4569
48693
1905
2355
80238
3996
2646
1950
2931
3027
2700
109995
2574
2505
54798
109749
1305
3030
4533
3738
6591
2220
1578
1893
52743
3747
235728
4017
115905
1881
2034
6045
3669
4023
1923
3054
2181
50730
2391
4512
3495
213294
47544
1353
2592
132906
1695
69138
3051
256818
3258
34035
2376
5820
1806
2385
3450
5022
1800
126729
5409
2265
3618
1512
498876
603285
5214
1806
122784
18138
1557
16518
2442
200514
3681
116946
3480
41712
220749
2769
179814
38115
107649
3285
43014
2508
2988
2667
1506
3894
3303
5151
3831
1461
2448
58683
3390
2406
4194
5028
1611
1947
3693
1980
213
2064
3078
4803
5604
183456
1122
24813
2145
152799
5490
3081
31245
3459
78354
2589
4227
3780
66285
3621
4347
3135
2427
59232
121119
20154
192102
2172
2952
1569
73797
20955
1578
3186
90231
2265
1203
1677
7635
66513
169131
2550
339456
78879
2304
1971
2475
2943
124533
3696
2112
3051
73032
1767
3303
3057
1827
2871
4956
1878
2763
240921
1137
2448
1038
1869
134070
14634
2583
2892
2538
3165
3984
1428
1605
164031
2409
2136
2409
2283
2169
190866
1506
22782
3798
21681
111027
6198
49455
67596
2493
3492
1431
3252
2742
1836
1944
29667
2103
2667
6255
3921
2388
2907
1593
1560
2823
1764
43110
1746
11385
2763
15006
15564
144225
2250
1182
101904
3078
107862
2805
1089
1512
3204
165363
1515
2691
2760
86973
33666
7521
16050
1389
2058
3447
2307
75789
37359
48516
2505
4659
4398
6063
79476
19656
88623
2436
1728
3285
9009
3666
1230
2301
3030
2433
4371
2922
6162
2913
3546
241125
2775
2439
4842
3459
28317
120516
57339
20238
4536
2643
180840
1650
55740
2175
33216
4407
2535
3315
82260
86565
338259
2457
75852
4323
1467
3087
2328
3522
70179
2187
5115
4548
3009
2991
1869
17448
60396
2457
169197
446520
61728
25578
3039
2073
2559
45369
3102
83919
2019
4215
36243
3360
27834
3282
3174
2934
8154
42369
383031
4578
3192
2580
5340
28437
2031
3405
2697
4305
164526
473325
77916
2166
3852
72339
3396
1824
3015
2601
44538
4413
2076
3366
2145
64263
2898
4908
1485
60594
2601
2412
129252
53223
1755
24441
67095
3855
3222
1704
2295
3801
5268
89283
2457
2856
66690
5148
2796
2949
5487
2469
20637
39798
3834
2835
79800
4452
162915
3528
2166
3096
462540
1902
78039
28146
183816
4254
12984
2004
120426
46122
2286
2052
72942
2652
36942
3498
5181
152985
1233
29880
1986
232293
2571
6639
1509
1539
2055
140490
2091
51930
2382
1653
22029
2712
2946
37368
2163
311343
6891
61089
3303
23907
4239
30981
2571
59073
2265
22122
3810
5742
1893
6009
2067
72927
4251
22851
27960
208995
2238
2973
3693
1692
198489
1680
2019
24129
5934
3372
106956
36054
70785
66420
2124
3585
2139
14484
2505
3915
1362
3174
2187
1374
10338
288090
85887
2211
11016
5121
1980
2184
2046
3462
1401
3390
3465
3873
200952
26082
1899
220443
2742
14370
41463
87558
230418
3495
4299
3384
47601
4581
161094
1701
1347
2217
2676
1344
5397
125343
237831
3660
1722
3165
2283
84177
3621
31542
4821
3246
3486
36843
5208
1725
1881
307872
1347
20559
30705
138831
3387
2595
2502
137451
1983
1125
113157
61617
59877
2442
3807
3858
2610
3408
51852
18882
4323
4668
3276
146946
1389
4209
4545
37683
2190
3549
4791
171699
20679
1158
190485
1461
2160
3291
1809
2499
55773
4686
41712
2091
3831
5124
28596
2049
1449
3078
1371
1734
73854
3591
5094
3168
2577
1080
4650
19122
1356
5607
3465
3165
2064
2823
38607
2694
48630
71157
68652
2619
2931
2160
1944
365421
213423
2631
1755
2271
4296
78666
3726
2577
279858
3264
3297
123303
3729
341619
3516
4263
56436
3432
115011
370533
2277
91149
184701
3432
132942
380313
2367
2793
5295
3129
2862
48543
80307
4530
116220
2301
3264
50805
5061
43416
23883
3762
1599
1611
3039
2403
4266
3102
219609
150507
50136
32673
3066
4776
21519
2403
1722
2136
1902
2859
3210
2379
3564
15336
19548
3219
2406
4317
91230
2451
1800
2487
1941
2340
65874
3120
110691
2163
162384
38604
1635
3834
2241
5094
56397
2478
2364
3069
3228
2259
3657
184182
3645
2094
3111
1848
36954
4314
174069
2898
5856
3333
3324
2598
85020
3399
7947
12693
2697
1635
3687
29955
32229
5178
1326
444897
3258
3417
178407
231036
38802
1737
3201
3351
80256
75543
3276
15429
130113
4191
6978
2403
70560
76725
4710
2583
48480
425403
1716
147447
1938
3414
1275
3096
1377
5754
3354
2673
116004
2094
9705
2847
2685
2247
2901
2388
2031
1809
4824
3435
22074
4830
88200
48402
122712
2472
2622
8121
3120
4236
2385
4362
5685
2691
100029
2340
1893
125274
3573
3348
5478
3909
7389
142752
112275
2118
157200
2289
55332
2730
2385
47061
5325
85848
2982
3060
2187
3018
3234
2601
3015
219792
2208
3561
2280
28920
3477
3600
5316
1701
39030
5409
253281
1503
2247
3105
3282
99276
248952
6381
2646
6093
2325
14313
26529
57105
3978
3930
32517
3597
5880
3198
84402
2424
87291
577407
2292
29736
2862
3225
3240
55635
1965
105192
76305
3624
2667
3924
43434
129987
3969
3492
51849
1827
10032
116421
2088
45699
55161
2343
304545
209295
2424
63561
2634
5880
20001
28113
2706
1386
2601
39312
3618
156348
2430
122634
1836
148380
171225
203520
62706
62853
3486
1638
47205
2241
96729
9477
5754
1206
3249
3615
70983
2118
24972
3006
2871
4401
1344
5466
57192
1860
24069
1590
3561
134262
5634
9828
73785
2064
70068
147756
3774
1845
200577
73731
64515
1950
127338
3732
3819
1836
21171
2775
2421
2802
6939
2673
1626
3720
2145
2103
3366
81900
146313
3423
3144
1872
1860
5493
2229
1830
24324
1482
2298
3267
2691
18357
5034
2841
56736
2238
11553
3231
3624
203208
2982
218607
93735
6168
764811
2004
2415
3522
5946
1027743
3123
3534
392355
2046
1986
4380
11991
1998
3939
2535
1875
2693211
2970
2433
2436
2972709
1440
1185
3063
2580
2640
3321
4200
2394
3564
2343
225825
368589
531450
2607
442809
10212
2706
531336
3144
3579504
140199
4545
2994
2341161
128796
2967
3222
1167090
27669
3345
3258
5670
1896
4809
3474
3951
4547094
2019
87996
5151
2132124
1342551
3508794
3396
1716
2154
5447163
3500850
5121
2082
1665
2763
1217352
2481
1131333
3480
2416245
3330
2808
3657
3126
4152
46113
2322
18930
2517198
4296
34497
4101
3087
3441
2250
4374
3531
71898
142095
2736
2916
2251074
2931
3418098
2826
2604
5742
4623
2160
3954
3834
3834
2937
540990
26223
3114
64764
2388
2796
4389
84258
3675
1118802
10032621
4389
1770
2310
2972604
1755
98067
2724
95886
152388
3942
1341
222321
31338
2766
35973
2703
2784
44811
56640
115299
3441
23829
2784
1980
2688
1545
172017
2241
32958
2853
2895
50724
4311
87180
2427
2580
31827
2106
1851
130053
4719
79608
4545
4101
185208
2073
94959
735
51570
6636
64773
126396
121251
7734
3300
2265
42117
2583
253821
67926
2256
17667
3090
836712
4242
9888
5985
4383
17505
34485
2280
37851
3054
2991
1542
24069
38610
2457
2490
3720
20949
3021
10098
4971
4740
3573
1542
45813
49443
4089
2748
2352
1050
2400
1923
2355
22686
26493
2676
3228
4794
103728
2814
3228
3825
107910
2739
1686
37998
1902
3312
2883
24126
136794
128838
51639
57432
1770
62712
309180
2511
4149
4677
3747
4095
4161
373566
84105
2961
234693
2532
78561
117429
1923
2292
2691
49725
2595
51042
2550
4233
1842
3486
126279
2694
117435
1272
2940
3909
4626
145737
87948
2559
2031
2466
2955
88572
2424
2709
3129
40488
16218
2646
94647
1893
3111
3894
3498
6051
116706
1341
1821
33225
1839
217545
4125
13347
159873
141843
2841
58500
4086
4203
3357
684
291333
3354
1404
68829
5349
3021
3204
42486
1872
1095
136131
248733
3345
3483
2733
2862
2433
3909
143976
137322
60810
2367
1530
76758
3843
2496
2190
14496
102138
6336
3777
3291
2802
1599
2187
1911
375660
100476
1713
3588
4701
3729
4071
4356
73827
3687
6477
34149
6975
65673
3267
2604
4740
4089
287079
3822
190011
4866
59685
27363
218088
32349
1212
2811
8709
77190
2127
3666
4719
37629
3429
227364
1098
187353
4785
3345
34659
1761
2145
51831
2613
3804
2766
2340
423570
2307
2184
2817
2529
10125
2088
3162
1824
1701
179988
4278
1590
3027
281073
10194
2304
2688
12543
93300
2514
50571
4800
188970
1908
2637
79803
46542
45312
3609
233265
3699
5088
117528
2106
1095
2511
17226
51360
3018
76308
3420
19272
132693
10230
876
2511
30558
3465
4515
86748
2436
1935
2007
3276
1635
149904
2886
4581
31746
3462
204030
3633
2268
21171
1602
134484
1434
222540
109836
2640
4605
3105
1320
84204
2019
2637
185601
1971
42987
2940
6876
2370
2508
4536
65931
129618
3261
3450
2838
3753
2799
3489
2856
81927
5331
14280
3807
3414
3336
2529
1962
3153
3093
181833
5949
17121
2652
89373
3390
3555
107343
393645
44418
1338
2286
3585
4359
2484
45666
128322
1854
4797
54825
180786
1527
236754
3159
1350
6327
279837
15285
2352
254010
1971
197337
1113
2895
1557
212016
3939
3171
2778
111756
3387
338385
3891
206169
1284
1815
4683
2805
3261
212736
2340
337098
3864
3270
177426
79911
133611
158619
2580
38178
34008
5310
297492
2940
3015
18525
134235
1575
58053
3273
1356
963
4887
46017
4176
2562
1890
1593
8955
3369
58710
3435
2166
71313
1752
71067
57948
189141
235734
94317
180786
2514
312081
2532
1818
2343
5454
3642
1974
2349
3234
11331
2538
4767
98256
2433
13131
4293
1404
29355
1698
1224
130698
112653
140007
2208
4353
2067
5355
678
3795
49398
2289
1971
67389
1881
180990
248724
2610
6282
1560
271092
1647
4176
2394
80595
91140
897
3093
119046
1869
1014
65274
2181
2259
309
2685
2619
927
3666
2841
2268
3000
143175
4668
125511
283293
48093
116973
2922
42747
2439
2718
16803
3117
3321
2022
76377
480726
1152
115593
3261
101247
3903
25524
1521
1356
3615
376923
3555
3765
47796
272961
3282
54612
135609
2595
288960
15312
110328
2373
6090
2241
3462
11814
313914
1887
1392
98115
1371
930
3789
22800
50319
2949
2970
2523
19083
46947
2259
1743
103866
2490
3159
2952
1998
1749
177018
4089
5070
2991
3648
1341
3975
50646
227955
64590
67314
115155
2775
1641
5715
3894
2961
2796
3720
77343
2265
291735
29517
4545
1656
2310
152787
173154
2535
3144
4194
19335
2211
2019
3189
118005
229386
2799
2100
2973
1710
2268
129813
5376
140904
1287
2481
5424
5088
99612
1512
10437
2808
1791
4659
1047906
1863
735063
683640
1398
2454213
1704
3597
2748
13059
4665
757776
2889
2000007
2580
3390
6495
1374
16497
84387
5016
2031
966
10773
222738
96066
3609
914397
18498
19287
2553
339522
22170
2952
333960
58458
3144
5115
79005
3515466
1500
66120
40269
2817
2513490
11097
80904
1191657
84270
1335
1365
2796
6725301
2775
1055526
6726
3840
3779631
4419
5472348
5292
50217
25083
2145
2880
3361419
3702
1206
2499
81267
1539
1878
2679
4083
3253893
3174
1516875
3255
2253
3327
3528
74991
2115
2377053
1788
2574
58212
53877
206763
5512305
3510
3591
230340
380367
6066
1404
18891
2841
1821
335163
6667815
795240
2640
5055
6489081
3612
2163
2670
40812
2340
2148
1263
1896
45480
831
2475
2271
21792
4656
113904
2262
96186
2793
2013
2121
2673
39450
227145
2457
5145
122976
118173
53601
2688
1017
3180
307134
1965
1455
73332
3531
4350
954
2688
36891
38904
20757
4335
11607
1272
58107
3396
2775
1632
3663
143049
174879
15741
3861
3849
179088
1830
2679
127545
3861
4314
3270
71232
2811
302868
3111
4125
148671
2700
233754
5310
3045
2037
9810
167256
4332
4674
110667
121878
115926
5259
3156
2802
145458
167127
3588
1746
222495
24342
2502
41883
2694
867
123174
11601
1899
2925
11259
3126
293679
1809
2301
295716
1731
3177
2184
294240
3729
302115
4938
35625
3345
52158
172287
25071
2766
2958
2442
2952
3489
165270
3747
95457
1818
1173
8991
2238
15837
148038
1869
2196
26652
1587
3687
2073
1611
159816
1425
2424
3522
71166
1479
283329
152106
69807
2679
2418
4707
1740
1149
2187
110586
2493
1275
471045
1218
1536
2775
3213
134673
25245
3174
135774
1623
2019
53286
2850
2421
4248
3339
21312
25386
3072
2157
66888
2883
118152
3069
3795
1983
1767
5376
72177
98922
1473
231483
4419
13494
3231
2124
1089
553926
3570
24387
3675
1767
49878
1911
49680
1359
2928
79254
186144
3336
4665
3780
74247
2253
1254
2775
306633
3681
100458
1428
2736
3273
1542
122019
2439
3411
192264
3459
42120
2283
5256
2214
45393
2280
62667
4158
4845
2130
1374
3567
82662
15456
229881
2046
5871
3459
2022
1695
2340
2853
2610
2997
2547
6504
3456
4659
4296
92412
178047
1968
219582
2322
96591
4212
1680
71451
2331
2184
9627
816
3198
1896
140943
73773
111903
1614
3090
2568
2526
76452
2865
3648
4797
2784
95664
2970
3366
3888
58986
104607
24786
204039
235482
165459
2244
139791
59781
2220
1173
45717
2307
2955
75738
152277
193659
1332
36525
3660
4176
3069
184143
2013
1464
4239
2985
4890
221868
264258
27882
19920
323571
3207
2784
3762
2382
4140
4497
2418
22089
1131
96345
87597
4416
1773
4527
5088
92976
1770
1944
2283
120327
81612
165636
143268
70080
930
3843
114192
2178
2514
24690
109398
2379
128142
2406
60705
3477
3021
2820
73965
3561
229029
7377
840
137214
3681
42648
68388
1392
1884
2883
1965
1452
1710
40755
2730
4818
90036
135864
1581
3036
339051
52194
2808
4440
1563
1683
32337
119841
1089
2610
4197
35445
2442
45444
2988
1665
1968
84798
69051
344199
3837
1326
1407
1638
168999
1872
1002
34611
3585
2244
246942
2202
2733
72405
3288
2646
270462
1272
2805
1104
2034
372618
118359
2562
267399
2985
12615
2427
4362
6555
79713
40041
2763
34602
2475
3588
4005
47862
59841
472806
2346
2127
166305
135912
3075
2160
3585
3870
109557
1890
1443
1920
2811
23100
42681
57711
71436
2940
2994
23979
161292
969
166299
45219
4359
2484
121848
3981
2076
1350
2865
2763
3741
3417
7854
68694
2112
1827
5574
1902
2376
55428
128409
2655
13248
3348
1971
2940
23259
3156
30408
4074
89760
1974
4893
313023
1749
2697
91605
19857
2139
159360
3741
1320
124677
220068
2751
3354
37200
311961
1260
4023
40869
2652
1854
44358
3039
1605
1953
4206
2139
2142
107439
3366
112707
195603
3066
3651
2988
5475
129831
2646
2049
4272
18156
4077
41802
130527
5157
3750
94341
1851
136764
87684
3420
2298
2109
69726
133593
2859
2448
56094
126300
4818
163794
2523
6975
1467
4095
1926
2475
1341
249906
3291
20541
1584
2751
3435
2151
36024
45612
2733
26406
134376
143205
3747
2004
2289
1740
3660
66027
5376
1248
1920
1836
3705
2406
1878
3183
3765
1506
39909
140331
24948
3012
74316
3849
231378
2775
82104
33279
3282
2355
3528
5223
2346
1833
3186
29370
1722
26607
61572
162342
3693
76578
27846
2598
23760
2637
3528
4089
3837
4065
96393
2979
202377
2775
2217
2007
70362
5793
82401
103521
2001
113706
2085
66711
15522
1899
127752
31827
2493
200877
4863
2646
132189
1692
3711
323382
3330
120768
2985
274059
3894
2094
3105
2238
3783
78456
4866
1629
2976
1974
127413
2400
1980
58059
4770
1704
4620
2481
2253
6882
2796
110268
332550
4347
2988
111741
55416
29049
6240
132729
1278
5085
2058
1929
1800
1533
3108
281568
3459
2490
217866
2703
24960
2919
2580
394515
77661
1908
226869
68208
3954
239541
3552
3009
165252
1647
3825
2301
29499
4062
1698
6342
2247
1758
2004
47058
52020
49605
3126
24351
2682
33177
1224
4131
2211
1257
2034
2871
2883
221253
951
3639
135345
1626
46596
24165
3687
3114
47574
87318
2169
3516
2094
2919
1830
3252
164805
2298
41484
2715
3684
18645
2013
57891
138027
6225
2670
1363203
4054323
2787
3693
2616
30870
161751
716982
3594
2841
1136805
927417
4083
3195
4125
17487
39180
1986
8334
4269
3285
4014
4623
121959
2781
5013
1896
2769
2955
3960
1767
3786
459333
647793
2298
1860
648078
3231
2376
31440
1695
3843
11925
47739
2238
38145
2820
1995
3315
3747
2340
4245
3255
2357574
2802
4215
3699
5478
1176651
33876
1839
3705
2904
125838
4269
4137
4452
5883
5241
2916
3777
21177
2148
2275062
4239
1545
2586
3588
2505
969
2193
86418
2661
37560
1386
6882
2358
2187
2062734
2013
1491
4041
4746
3690807
3993
17733
7061160
18768
3519
5395386
59715
3439191
2961
84060
2973
27213
1169430
3192
31044
2433
1969962
3300
3036
4386
1872
3531
1486518
346254
2013
2293575
2154
209928
5781
3384
3834
2229
49512
4848
2457
2070
2257269
1878867
2376
1335
1104
2880
1313610
173835
1344
2145
4473
3225
3756
3936
1911
3477
418977
36669
3687
160926
24297
3057
3387
3744
2556
3450
2571
43791
2751
28269
6353724
3618
1103820
2940
13656
2277
4122
3680991
2814543
80118
3024
283281
2463
11424
3501
2676
3330
8361
8610
1080
3279
45234
29721
140937
2103
5535
2688
1635
2742
27051
74544
4968
2055
3075
220332
2127
22902
2979
1974
6081
2892
68880
2664
2538
2154
1902
2865
1170
3534
1419
4008
11670
3750
3402
4698
43140
1758
2289
3255
4380
1746
61194
2727
2160
74199
101793
7758
342681
126711
72072
5145
1698
4641
80937
11013
3195
19584
64341
2379
2592
3033
57480
2331
2232
61236
299904
2184
3612
68925
5463
117933
17097
2706
2775
2136
3279
1623
2118
1833
69558
193713
3570
20301
215361
4188
1167
3195
2025
211068
153939
1932
2328
2772
188094
2400
634200
10038
5133
3150
4305
1401
3174
1953
5355
152508
41427
135117
58305
307956
3387
76059
1902
24198
68631
227052
4125
3228
28350
56916
135279
53250
172116
3582
3735
5355
121065
57012
2352
21084
4524
68865
118986
2067
157794
1017
175497
54654
3762
3018
5901
76386
2106
4536
159486
3813
1560
84168
2970
1299
3570
171759
4605
23523
6903
3069
121470
79557
3153
6993
576
90342
59538
77418
54285
191106
3462
59382
4614
301257
3138
77283
16983
120909
1701
2139
4065
15978
4890
2679
2277
1608
4863
46350
2772
37287
2385
50676
16824
4530
61668
2304
3126
1506
2733
1878
105849
2283
4374
186021
267717
4911
266337
2634
3666
2022
4032
4035
26151
2664
3258
2937
1827
2256
3507
11220
3447
3180
2937
2271
1662
58479
2844
1596
36000
2223
2718
2658
2220
99768
174030
4359
37212
39519
3438
191913
216723
3792
3612
3666
4878
3435
101235
4509
84222
39219
153468
3972
2214
253734
2157
4149
2178
1155
4653
74961
64677
1908
68445
4512
2667
2472
1449
83154
2202
1743
3813
2520
3114
1749
1686
3873
2214
4998
2670
2607
2583
3441
3333
146403
2448
3396
5175
4104
7071
409116
2250
124686
115176
13533
94713
3159
5211
2889
3870
88302
2808
2937
52689
2016
3714
2607
152802
2814
63273
23493
2481
114720
4230
30591
36903
3588
38586
1917
3174
3396
2988
124503
105867
2505
76572
2160
7269
111978
5685
1881
123450
80181
26229
5109
1848
17640
177945
4260
83541
2886
100227
4137
3060
3396
39003
81369
3753
17388
2469
133887
24993
1008
3777
3027
48438
3807
90747
177525
2880
3321
19224
61548
36174
2685
2355
66108
3453
2661
4287
2727
5157
2439
86442
70248
1800
44589
4059
2304
1620
132120
1566
56877
4647
2736
19404
73149
112917
5028
2193
3570
3123
6480
1314
3546
2724
112749
1596
2304
1455
3414
102570
2949
2217
2871
2517
68709
142818
2079
5124
1839
1245
3207
5163
2889
2778
3864
2487
44790
149742
3741
16344
21876
2322
388983
133248
1782
2301
101388
1356
1668
4923
2451
2259
11223
1884
61902
2463
16074
1710
3228
2211
2310
6930
103947
4434
1581
5175
2811
2484
3786
5889
2241
170859
60189
5760
290277
67092
4437
120522
3690
2436
17049
3033
34773
2556
2619
3384
1272
3744
3015
2958
168705
24219
97347
2922
3030
5637
3633
2487
1617
9504
197580
2268
8931
61065
23343
2622
3681
7509
2445
76815
1497
19533
2115
3060
5220
3564
3342
3006
11163
1929
6129
23103
3066
30324
3471
99945
2613
3021
41646
2271
310941
74754
83925
248910
8865
106512
2589
2025
3003
66933
4284
3438
3099
81828
2871
1956
4608
2238
44130
1155
2052
33795
8256
2583
2100
33624
3510
2016
4674
2457
2082
88587
2106
2808
5229
34656
3399
2571
3090
2379
117849
2847
31218
44598
149955
29478
2094
3099
32745
279132
34992
308811
3522
162534
3438
5313
3717
102759
40383
175110
2763
3297
20541
2031
5724
3858
54900
2952
3657
3648
1347
1968
2292
2589
117042
4617
3357
129534
4182
4848
35034
4689
4527
119607
84705
629715
3024
3621
2856
3735
4500
118761
2214
16905
4311
1710
33873
2223
1908
1875
2346
7227
2718
2757
61461
7965
28059
78246
6024
6705
4362
6783
308934
2259
1569
10971
6483
118893
4086
166020
3492
4059
63573
27540
63699
6723
3933
5226
25683
13998
137589
3354
11307
3234
4986
13011
5019
5019
11181
7731
196842
11607
6534
12210
38121
107241
7314
18870
81606
13203
7722
27153
5145
9504
450048
5121
3438
94413
140901
10212
3114
5682
54105
293529
5712
156051
66183
179340
4209
4611
170586
27348
199167
12762
3534
7593
11304
88998
3369
29778
17724
13479
1953
8469
8658
13128
7854
102852
3777
6810
6948
17529
24861
124731
222402
3645
14457
17562
3945
4920
43806
4023
1506
5211
40113
4884
236364
3879
124500
7062
134964
2610
5304
2601
62778
3555
3906
29751
3279
3756
4713
4251
1953
2742
4791
3030
110868
5442
216255
11385
13362
2808
5181
3576
6693
132132
113595
3612
3159
64809
4431
65247
3984
4806
6102
8007
67224
78711
4545
5505
36510
2949
3003
2856
3012
4842
6417
4806
114354
4899
7335
5445
438075
3636
2520
141507
56427
23784
4905
68364
5913
4764
5748
4806
44643
11043
29367
4998
73524
4398
55233
3078
3969
6258
5226
131124
4059
2994
7176
5169
96435
31722
126609
5235
384345
47712
3792
3225
4998
6585
85371
7071
5817
7203
6384
4878
4224
6969
17772
4974
15477
167739
3840
199821
4677
244944
2733
171600
4302
5745
64011
3798
304968
4455
144843
29571
2811
53589
163305
114357
3963
9588
211032
5253
4812
2649
6987
26805
251475
5037
163257
2229
5202
4419
144951
139524
4707
51756
148692
5229
3759
53874
5229
45942
6450
4509
3297
40728
182028
3513
6567
1356
2940
38379
28638
5571
2706
43530
139206
40974
194082
32109
27216
212520
10752
26082
137832
5958
27147
21489
18735
22263
3468
4905
350049
43386
4128
208485
4731
7749
4908
9528
165501
5142
8082
13170
47787
2985
8019
70272
6219
3198
40095
220776
9141
12333
23250
1836
8466
102975
4002
8895
2277
3357
35286
34863
6582
8010
423843
95058
36177
138144
3060
5121
9078
11922
2019
8199
9399
4194
7284
7749
45621
7617
33618
67713
5961
7869
8622
6687
4446
345420
16989
18501
113727
52512
33744
11868
8403
21342
137370
11817
77781
53991
2454
198963
117954
7467
7533
210642
26847
2940
1209
44061
7449
7830
65907
30297
4674
24567
8736
241938
284478
15618
3921
8988
91185
138825
256515
127701
304479
5556
9852
4023
7728
1881
54309
69018
107937
11301
6096
52440
3111
25659
23976
3864
21174
4113
71214
2856
3747
14979
10491
41964
6003
1920
8085
11928
353715
6903
11763
95205
4692
17508
8307
2862
47094
96564
46227
4077
12435
65574
10431
28425
3726
52326
6423
4203
46662
28710
5613
195963
5814
2520
34479
10314
5715
174117
4860
183393
3234
23499
5493
98148
55326
53523
132156
12294
6234
76977
3009
18192
15999
304617
74022
87051
3828
11880
154815
26058
7686
3867
3285
163221
44481
131637
25143
19752
43791
41520
60300
20052
21018
47553
3447
8460
4452
150363
2388
67101
10362
113304
7464
99312
3177
2631
11049
25152
3627
7029
202710
234897
3183
6669
2931
14574
104190
5475
98721
153288
28761
157935
132933
33561
231843
5472
12468
3174
6636
8493
9252
19329
33102
16191
7956
227628
3687
7011
133608
52128
235641
7611
7173
332232
39828
47151
5625
67050
2655
16209
4479
5022
70830
7158
28278
50400
9264
53115
16353
8550
6993
225255
6315
2130
131709
6354
111048
32799
4068
51165
31782
194556
3135
5175
16305
3726
1818
9729
142824
4713
10116
20565
4254
162633
10488
6216
8634
27543
5856
45948
103803
4329
9525
5499
58185
5229
18765
5070
110073
116349
117300
48087
2922
230490
7665
5514
4674
125553
4065
3993
102672
5844
4578
3681
4251
3747
4806
6162
3843
3258
1551
39735
7557
3321
5367
6651
151965
282993
5040
3672
2904
5337
25386
97278
78924
4086
95130
299625
5415
258864
11283
4323
3453
12108
367083
48750
143511
109638
1875
5853
2559
41943
21174
5826
3384
4626
121272
17376
4992
99387
16236
3891
2178
3828
3744
60546
4206
44625
38391
2445
5385
25395
134607
2766
125799
61680
53250
20436
2973
38037
92991
5007
81774
3255
4635
3849
3861
9339
7731
6210
5718
5070
3609
29550
31785
3972
19440
201789
124938
3846
6198
5286
7224
24786
18369
96315
2202
4428
4899
16506
3132
107112
4578
5247
2988
126738
3984
39825
4566
2556
4023
63399
3900
5409
43218
113979
5262
10341
54162
120519
9666
3804
59868
70443
3750
77892
23580
146565
106326
21927
5223
3630
4044
4731
3027
4104
4356
47376
63339
3441
26880
7071
39510
45363
135333
3570
3087
15240
90207
4470
4428
16317
210021
242094
7110
3504
6375
4482
5835
92508
118215
3339
211476
5406
5562
38856
2760
4968
8292
26877
278058
410082
177414
249654
4953
10089
5847
22551
8697
13626
171597
695610
6182622
841386
1761
7398
4101
72504
172710
69738
3738
5838
3693
6915
5076
7086
3582
7554
4125
921414
2775
38076
45363
9042
827727
3519711
130650
4764
6663
179163
3786
4566
4005
5274
3672
2252382
21423
8712
18195
7878
4131
2111490
3918
26442
3671301
19344
13107
63057
5343
2082675
2364
4832034
5415702
47247
38466
14940
5880447
2367852
2364
4809
197808
5388
4941
4116
5634
26634
2278245
4908
4698
134796
7707
61650
11007
3288
77268
7275
4632
32529
2227761
3300
3101007
5013
7164
4851
3558
5823
1797
4449
3549
4083
30045
23964
17076
2796
5568
5340
13662
6291
46707
9525
561309
7641
5442
6909
7128
6255
12483
1320681
8049
12821568
28611
1452
49404
109635
8772
125229
6546
37707
36357
87120
84132
18558
6492
174075
3732
166752
2952
88953
39129
45816
17436
20892
38409
81546
21948
7989
32289
3696
148650
4953
29973
7692
2244
38424
89796
6645
2973
8670
95193
8520
70425
11112
1488
3537
4101
9246
35604
76785
4641
72618
12312
242346
3654
5424
1857
8595
111702
6105
11349
212106
101670
3795
55260
4767
46677
27813
17214
113754
1740
21837
5841
2901
4923
12417
4656
2451
6549
2814
87093
39408
37404
9327
8688
4773
4767
37461
230724
65169
176118
53172
3279
24300
23139
3309
21324
27600
5445
14562
187581
7998
321762
15036
85896
4557
9264
140100
6066
23169
103116
213387
200766
4416
8850
221412
6708
8640
154461
201534
90864
15705
3936
270030
3489
100866
5196
46665
73566
113229
158703
40866
135225
36318
48306
3240
218877
169434
88281
6039
8667
5043
15375
3870
152853
11310
68553
1662
1476
5406
4017
34971
82158
2028
2718
3786
2097
1455
2895
2409
94611
28050
223260
17241
2583
97980
3117
4332
4155
822
2388
78675
2631
3156
41157
106101
3681
3753
2487
2379
434277
3231
131712
3204
2313
4101
1401
3294
32235
163746
2640
2070
180693
2136
34863
3828
165138
2748
2112
3231
3306
1938
53724
13566
1893
3216
2619
2682
1125
408018
2430
225402
2022
25314
24195
3051
6492
115419
21684
27111
5109
2346
1203
2778
21723
2871
71958
4107
1551
4620
6921
2508
3309
4017
4188
2556
4593
2463
2757
7797
2181
3522
1290
2478
3564
3126
1812
3447
2478
32235
59202
2244
1797
3243
3534
1455
2013
3012
4071
3054
63555
1491
38007
4692
24630
24717
2013
4269
139662
34113
20376
4146
1404
6573
1869
3066
4059
77049
2883
3327
1527
90621
34254
5205
36162
2208
1620
2046
24714
3927
2070
101688
3555
117321
2136
1638
4575
4884
125448
2202
1770
10227
152373
7785
3801
4080
3225
3954
4152
3153
108117
2889
43968
137427
3063
47541
4056
3012
39909
1728
1803
4416
19539
126714
22557
102402
2961
2799
32967
2913
2301
15489
6114
3711
2505
1434
15672
68064
6150
2844
3411
3081
1806
36474
1329
179814
29277
3879
5439
1989
3180
2844
1875
3546
10509
2673
42261
14994
52614
2109
117147
3801
29769
1836
2643
2907
2619
106872
4890
25296
72084
4158
3522
2919
3162
3765
1188
39735
42222
114204
24330
2367
13908
112884
2193
1920
2928
3924
2814
76884
2133
132108
1578
3651
95841
2364
16128
32262
1425
4272
25548
4419
3945
2262
2931
3621
2511
1977
2394
43125
1344
2250
77892
2634
1995
2769
18549
305385
2235
81129
74304
1560
2427
5412
1923
2649
41601
39552
3189
2577
2013
4116
3006
31749
3951
28545
2427
3720
186744
27309
1512
1950
28344
11892
4695
120186
3030
346338
3330
3681
26328
4053
23094
4059
2178
2709
1395
70626
2505
116298
2925
78825
17805
2655
3111
2829
3810
3906
2592
265524
163167
3354
3381
3018
15345
198450
3699
3195
3453
2760
2760
82071
2154
2076
5103
2697
1776
24201
31245
4962
4695
1908
4155
3009
77553
3573
89088
3819
173676
4875
102045
3528
1524
1758
2772
77355
3948
4932
37893
2103
2145
2376
1626
4878
87360
73596
71544
2445
65718
2643
146667
4707
2163
91275
15258
25899
1659
3480
5340
418227
78924
1701
10254
4959
4857
1809
93405
240678
2853
83085
94050
1647
1239
21678
2178
18513
2349
101955
2259
11187
4638
160551
2703
103467
15504
27657
102684
2523
41004
1677
141582
2412
270438
4431
1920
2130
2916
2313
1974
3288
3906
3936
34965
1287
72744
2913
3402
1821
65922
4983
5079
138414
2031
2178
2559
1833
3078
5112
1608
1539
4437
2364
1662
144066
1875
89796
3129
1938
75876
2937
62364
1746
170973
14061
32691
5553
79863
2490
1176
45630
6534
259119
50202
2349
9708
1179
2007
2775
87087
1881
62082
129522
4752
63732
3150
4971
3648
7695
182520
32079
2883
2589
2568
1815
35868
69930
2694
2193
251907
4113
2493
3129
21762
197583
388272
24513
89460
22965
143238
2577
2568
2727
3918
3861
4080
163155
2850
2163
3321
1650
9093
3267
54681
2931
297
55584
1221
52530
47403
61692
3042
3471
5646
2406
2736
4953
4755
28200
1290
2211
280890
1305
204600
2748
156885
3438
4062
2193
156000
1779
3996
3606
126060
4119
65274
2823
3393
1854
3009
2442
2046
3852
2874
2064
4050
1839
2139
3726
4134
128100
308466
2670
2220
3078
1737
3288
123699
8526
88341
6840
3648
2079
855
2070
3825
2742
252759
27480
3855
216279
3348
92832
1926
48468
56745
4671
2676
141675
3351
3168
159693
4158
4524
2610
74007
2211
2682
231255
3027
3294
161880
2088
4047
51786
2247
2325
75684
2139
43188
35592
2514
2955
2601
666
47877
3252
3462
5244
106563
3213
2472
4137
189555
4443
3201
2637
2793
849
4197
5385
17187
5943
2373
2253
2691
4704
146466
2643
21252
31866
3363
5205
2118
2475
3366
9042
1917
1224
124257
2607
1989
4215
1899
4758
58194
4617
1305
861747
162243
4008
310914
91941
2313
3645
2733
3690
5508
4239
1527
114198
2910
5934
3966
3555
3885
15018
2475
2907
3423
2097
294108
3066
3795
2472
1698
61101
46257
6822
316635
1944
3912
290271
223077
39147
2385
1881
101460
21642
34737
3264
1263
3267
94647
5004
3738
131745
2865
3120
230940
3990
3126
6783
3558
1476
2514
3072
47163
131040
3369
43008
3936
2880
3441
3357
1908
3348
5199
6072
114252
1770
2211
2517
1881
18354
125751
3396
2649
1335
4173
5796
1986
1458
37755
5337
137742
1479
1830
235674
2757
4401
3297
46671
4482
2322
1959
3057
3519
4242
194367
46269
3972
14625
3315
29337
2226
1995
2907
47145
3795
5358
2892
3483
2394
4320
79392
184104
3297
6216
2982
1626
3057
3564
3270
217812
39387
5856
86262
3144
26394
2097
3129
1329
4428
319485
2577
2808
4014
51447
1299
2151
1410
2109
3423
3507
239979
138837
1578
2052
27555
4236
35568
5880
1713
3489
78918
2661
91563
2118
6273
85710
1935
57159
3210
54765
4044
177792
4221
2220
2175
204684
2046
40722
5175
43236
155658
177951
1788
234027
2142
3222
65496
708657
1457436
1887
4788
40554
2605788
4551
5244
2892
45852
3219
3357
2640
6831
53745
1942506
911229
4407
2610
29208
14331
5079
93672
4479
2127
173913
30849
4224
4149
303504
2136
41619
1845
556038
1224
2463
393897
3270
7329
2322
334434
4899
29094
56847
5739
2394
2607
5493
4824
68391
3972
4863
7365
73035
3409254
25590
91059
1470
39318
2583
2928
4023
1620
4137
2673
1092
74190
2055
19404
6426
1956
1476
3372
2291850
2598
52893
77409
2523
2141865
3366
5870133
2733
1332270
8637000
292998
2220
3810
3732
46992
4992
48690
2010
1638
3327918
5451
2796
19944
2931
1521
2652
128199
6141
1983
2787
1107357
4227
25251
2697
5505
2035854
1435236
2796
1599
10719
3447
3711
3000
1623
111546
3612
3561
5166
2934
4734
3864
2484
2598159
3774
1503
3588
2742
2052
16509
42045
3054
2757
5532552
114048
3498
59886
3348
547893
85968
2103
2010
147639
2334
3063
14097963
124758
4308
241251
3210
3462
78672
3180
4965
3120
2850
2853
104256
3216
2760
6066
3174
97770
20070
184668
1938
92778
198546
2736
2136
5208
154419
4617
2355
78864
1434
2217
