5535:0:0:0:0:0:0:0:0:0:0:0:0:0:0:0: (total 8)
0 2 4 Thread 0 going to cpu 0
5 Thread 1 going to cpu 2
8 Thread 2 going to cpu 4
Thread 3 going to cpu 5
10 going to barrier (cpu 0)
going to barrier (cpu 5)
Thread 4 going to cpu 8
12 going to barrier (cpu 8)
Thread 5 going to cpu 10
going to barrier (cpu 4)
going to barrier (cpu 10)
14 Thread 6 going to cpu 12
going to barrier (cpu 2)
going to barrier (cpu 12)
Thread 7 going to cpu 14
going to barrier (cpu 14)

STARTING...
STOPPING...
Duration      : 10000 (ms)
Acquisitions  : 16213393
17643
19035
24162
1716
48927
12315
133698
3042
3528
52395
3768
3351
3027
65280
2625
4077
23967
64659
22641
12333
3753
4104
44313
2550
4188
5253
2199
90867
2547
4764
35760
70176
18339
44613
17034
1437
3342
2265
2418
4083
42771
3642
2820
28884
58875
7923
1467
1920
53694
1863
15810
84978
2100
9927
53904
3171
1209
2136
1479
43041
2277
3036
3438
3051
1122
11364
47478
3897
27024
1530
128901
4179
4251
1434
3057
43149
2688
101148
1824
1692
5709
134829
81831
2808
3606
44946
127554
37239
1725
1134
1539
55857
660
75951
1470
2445
187608
1704
107133
232548
91560
70590
64095
27009
42219
1512
16716
2136
2208
39720
1419
18459
2088
3699
15834
1452
17601
5043
2325
15540
70284
163254
4029
4185
182487
37377
1224
1425
2955
3342
38694
6048
2421
1530
125496
16254
5067
30204
13353
1602
116193
75549
4749
1557
16434
2601
3477
19506
78051
2703
14646
58446
2892
4134
128268
2694
12390
2634
120837
20880
15912
1617
1329
3303
1980
108315
2613
37548
25698
24864
89319
24138
30771
3162
50820
1608
2937
4542
100227
2517
1344
2313
71817
4236
4212
2241
2253
11241
174216
1839
4290
109953
1782
38298
35640
62580
208872
92190
401784
1068
8700
5655
1743
3318
7851
69876
22257
165804
28929
68247
2124
2514
2730
2376
4101
18717
2346
4470
3819
1929
31029
39000
3018
146034
3750
89481
103149
2748
251370
1614
2028
3345
1773
4890
2811
2058
2343
75732
2697
1572
1461
4047
3600
183915
3951
4842
2826
218466
801
44055
4827
6897
30123
75930
1401
2754
1401
4182
2988
1734
28206
3654
35844
3108
4881
19122
26988
37032
4032
2907
3138
3258
2394
1251
34620
1587
35430
3117
14046
1866
23046
1860
4956
32958
29502
3060
71388
1584
2874
2898
100365
1971
16839
1935
29001
2625
3927
74772
98886
2475
2685
1344
4119
81528
10299
1782
13245
2808
10392
2880
12543
3228
1365
4278
2367
2382
36366
84747
16797
1734
3417
41295
42054
4845
65727
51240
1998
1938
9666
1821
2019
2592
3246
56556
19482
27330
2157
1404
40206
1371
112488
47337
1179
2091
1956
2253
6462
1521
25539
134412
14301
10497
3252
2463
2649
40527
268995
3273
1161
25356
1503
16359
2124
34551
3162
3585
2199
2985
44886
66756
3129
45132
2271
19608
30423
130995
19365
48882
22470
2871
2442
115650
19836
107910
1881
3525
11271
3972
167823
48462
71043
3210
4464
1458
3042
1749
3318
1323
65445
1404
2541
3573
4851
2604
4272
1725
2763
6063
160803
39747
60570
214104
4053
3894
23031
13818
2529
6261
23037
1995
3729
105891
3804
4623
40980
3495
5220
72882
2004
1434
2022
3507
2223
2160
699
1140
12321
44991
14469
12765
230529
24066
21585
2193
2007
2931
3879
131676
12912
20586
1734
23475
31050
9714
84045
3174
3168
1725
84450
40227
1887
21489
90120
53823
22143
1470
8568
47163
28470
2517
3855
3735
16866
2943
38913
116178
2595
3651
21993
16932
2580
53979
1956
1206
12237
32523
1131
123678
57270
1578
59718
36441
2373
2280
78558
152343
1293
1896
1077
2925
3054
2952
2403
1362
2505
2013
2208
8415
1701
669
2451
3381
23418
2352
798
2232
3324
4299
3039
3318
2466
1050
2022
810
3135
96789
29988
2163
186834
17244
3360
117222
4149
1569
67326
79548
50346
1815
98589
3930
44601
30582
53049
45261
3222
107043
1452
1596
16716
64680
3474
3336
2769
1731
1899
1524
30888
72006
67902
2331
55365
1659
52710
97062
10176
1659
122580
90852
47055
4113
3648
1647
1293
104109
3294
67338
2115
3087
3090
116556
4872
2784
69489
2679
2946
115956
20940
1212
64764
30369
1848
2853
35598
3402
54258
2730
3144
31005
3702
951
113268
29757
44058
1179
37638
1239
2499
1620
1752
2346
2010
1830
4806
19893
9231
1515
3642
65907
211971
6324
2319
135429
42378
1812
6012
46929
11253
1086
1527
15510
3147
64827
2286
1377
1530
105282
1797
5088
2109
2640
74466
1971
3210
123783
1833
5064
41073
3597
3450
3408
2043
3525
5262
11208
3588
2664
2670
52209
2559
97668
154161
3909
50121
3663
10872
15963
72894
77001
3225
32517
10035
1521
2562
3042
1158
102732
2007
2595
34599
2028
225999
1773
2505
26427
1914
5556
46800
2718
58953
2568
25092
3207
10101
3174
11364
1452
2742
2625
2283
32412
94398
3216
45930
2217
14118
53193
2004
43500
20139
1314
2136
2196
13905
38409
3270
5898
2838
38115
4134
2382
3123
3822
1206
8556
176127
2304
48864
21285
1791
42045
129123
71037
1650
65115
2526
2367
1443
55989
8103
3450
110187
3876
2265
17028
84441
82170
20088
3216
1917
1305
77724
2541
1203
1542
57558
3138
11175
127536
2319
2244
2673
4074
1926
4842
1575
16980
1302
37347
2220
2157
105990
36828
42216
28635
3543
97071
1842
1410
12165
27465
72165
12156
2904
1860
1635
2295
1812
3312
4722
1830
2703
80019
2313
31095
30291
14241
1401
2067
40272
2952
227769
3201
26235
65628
89151
2766
275790
60609
37704
3990
21951
257658
2451
63504
24918
1734
15831
5298
73407
48987
13542
3087
33129
107370
2541
8418
9699
18567
1404
4011
38286
2565
4167
2769
954
28371
3981
2778
2397
28074
1857
13017
69501
3261
4143
2514
110751
5166
1977
3150
2364
72759
112782
1329
16659
1917
2898
3258
19905
147684
2520
52026
2643
1512
1668
10044
3363
29961
23247
3381
783
2082
39702
65241
2631
2742
3033
2694
2379
83307
2193
2310
2286
38850
5691
12504
1794
1527
2592
1704
3558
1920
2520
1575
4416
4590
2388
2406
15096
2472
2445
2133
4077
2925
2097
43707
1785
23025
429609
1446
38733
1302
1278
1335
2928
47646
2727
30168
3783
3129
161682
4374
17538
1929
99411
6993
3723
106467
1836
26976
939
44580
1038
25143
1317
22716
15978
12159
3480
23277
5694
2259
55419
30525
39207
2001
90384
4599
1602
57090
33654
64935
87246
2859
1881
146520
1827
20865
18066
2595
49959
2922
3426
21372
2988
2289
40032
2379
114477
44730
3339
2016
46257
1299
4482
22182
2550
1854
3231
3417
3696
8850
54828
25437
23757
22098
2016
2673
1680
29076
15210
1089
3309
2556
23403
2433
2880
1302
3246
42753
12552
843
6576
2682
14319
1386
3048
2916
88272
148281
21072
30666
18015
59523
2532
1725
115725
5070
12093
1701
43314
120723
31086
22092
5385
2046
4593
4020
1638
1575
2034
20103
113574
1863
2688
30138
1557
11973
1611
834
77517
1635
1044
1494
1641
732
1800
100647
801
32913
2265
2550
1224
1707
1419
1311
2484
855
2712
1164
1017
792
2028
57783
1893
24465
762
1170
5697
1407
1263
1410
1920
1287
3642
786
1866
1317
1092
1152
2928
4161
53676
1155
1509
1317
285
945
1500
131106
1785
31266
1227
753
16053
1530
1377
1602
2106
1146
1464
46557
1527
1320
783
969
26703
3618
894
1062
18426
918
1524
2631
1134
1452
750
11145
103884
2451
1008
37026
2655
900
1368
1296
1695
1341
1614
83169
1749
1233
987
1410
63888
1149
79614
1203
1635
1857
3159
1155
1095
33663
2232
2526
3192
1392
2139
1062
1410
1179
90978
58878
47895
2334
1092
4530
1485
1854
1290
1914
348
1908
40851
951
55677
927
2649
1158
1785
1221
1236
2121
1299
2229
1449
1449
1896
18657
2103
1401
867
1161
2622
1221
2163
1047
369
35643
1515
1023
1752
1473
822
918
1017
1704
2739
56940
1530
2721
2043
1968
14799
13206
1695
109533
894
1473
1302
1284
1623
1260
1296
24945
1752
3363
1143
1479
7956
3270
1494
996
2634
4272
2538
37275
2238
11565
1323
1428
53160
1614
1014
930
201
63081
1947
1620
2169
1101
2028
921
2139
1629
765
2262
981
23373
1995
2007
1245
2106
846
1926
288
2076
1467
5346
1047
37911
2589
8430
1077
2433
96219
17109
2520
2010
1233
1071
2067
98145
3972
2319
765
990
73332
2829
1596
963
1914
1626
1635
37449
870
900
1764
1608
1128
1644
1272
39861
2283
1398
3105
2181
1902
1665
999
2754
23400
2127
41517
1701
2097
2061
4380
1731
2535
1215
1806
1473
1026
1053
74511
1341
2226
2016
2217
1893
1488
1353
2043
1725
1617
879
2040
1254
2250
1221
61419
1836
1305
1554
1308
2142
1314
18378
2154
1494
1536
1008
2532
1548
1518
1374
495
948
1188
1368
660
1167
1110
3087
16506
2469
1035
2004
1731
1746
1524
36816
2442
137886
1275
314745
2040
44808
3888
167481
1809
423
2166
2151
423
1164
17448
1638
1461
1221
1479
978
1041
1671
20643
2067
81558
1386
1182
1716
2937
3552
831
3963
1668
2331
1668
1116
1407
1914
273
1275
1080
4752
1734
2835
999
1533
8529
1521
1542
31968
2244
1260
1707
2253
963
1764
1146
804
1083
11916
1563
1014
3033
2067
1428
2358
15228
2187
1248
30780
2298
1317
969
1287
1047
1896
13905
20607
375
2154
1587
2106
1743
2403
34980
1059
1092
1377
2151
1368
9609
1968
1341
2655
1212
1215
18903
1389
1800
1257
1185
37959
1821
22818
1383
2940
1332
126294
660
1281
123906
2382
1239
10848
145299
1527
132447
1785
306
2466
1461
4446
1227
1008
1821
1083
2217
2775
29763
7359
6138
186
2004
1746
1386
465
2493
28671
792
1101
1398
1032
2616
3804
2112
1167
1176
2148
1695
1371
1950
1119
1437
7596
1194
1215
2817
1065
684
1578
1050
2187
54567
27480
66975
60771
1578
1788
1365
2652
2388
25818
1215
1200
1737
76458
369
24738
624
1701
1899
2052
1449
1458
56637
1824
64392
3816
1677
1881
1149
1071
3399
21336
90168
1374
1752
2190
1416
192
1767
1173
1584
7746
1284
1011
119322
1143
127299
2865
1932
14067
1665
1662
2736
1773
36654
67086
2346
40131
33225
197361
2760
1173
26769
1560
894
26760
1239
1770
1590
3000
3633
1152
1443
139110
2118
2700
1653
144456
870
3741
867
1482
1095
1686
315
43152
1044
1215
2172
1047
31185
2226
2358
1545
1098
1041
1371
1089
330
2691
15408
51642
870
864
2097
2676
1695
1854
1668
94914
3180
2013
2133
2691
38034
1146
1467
1158
2433
4131
19173
681
1143
1956
1188
1902
71055
927
1530
1659
2073
1092
188835
2244
27198
82587
2052
1215
2019
1467
4776
1344
1944
6204
104718
10575
67545
993
975
1176
2217
1917
1512
1005
825
1704
44067
1245
2238
876
20784
1140
2688
3150
1629
675
1731
1014
2184
1290
1428
4152
1587
2010
2187
47325
1080
1692
2469
1686
38751
41325
42528
1836
1827
1338
1557
1503
2241
900
1866
2391
25980
2418
3375
930
1878
2427
2382
1476
3522
1461
2193
1233
52254
1662
1491
1731
1662
6975
42669
1314
1659
9246
2715
978
1104
2499
1692
2157
2274
978
1176
1044
1158
1158
71097
1101
17589
1341
2370
1230
1539
963
1290
1356
1206
3504
2598
1338
1764
1050
909
172557
11520
3777
777
156420
1500
1335
1716
48429
2814
1569
1668
1203
1539
2304
1686
1989
3153
2235
1632
1590
1476
1104
1221
1089
195
1542
1968
1176
1059
1341
2511
116769
1032
1482
2715
933
783
4494
1194
1845
666
1932
1182
110982
1188
1575
2628
1101
1179
1269
1287
2103
1290
1626
2142
2247
70764
1017
888
1257
1077
1770
18753
92205
2067
3435
1161
1359
3084
1167
1161
936
1611
2022
2007
1092
1848
2175
1269
1323
2757
996
3942
2481
4686
23574
1287
978
1377
2238
1308
1701
1992
2730
1716
1320
1071
849
2259
813
1641
2133
1710
948
1353
1710
2478
834
1248
55494
1974
1473
1221
1959
678
94290
4833
903
825
2292
18168
1593
2457
1335
2013
786
1680
1194
1629
1797
2055
1203
11310
1968
1692
2688
74301
2508
1698
1596
810
852
1815
1548
990
927
69612
783
18129
1266
48639
3954
801
1227
1488
2211
843
1020
2022
2874
1374
1428
4593
25920
1482
1707
1599
1434
2136
29574
1794
846
1713
4920
1794
1098
1239
16905
957
1344
1749
17604
3471
44910
4554
1041
843
149832
1116
2598
1167
2241
1842
1866
2106
31137
780
1632
999
1800
1389
1905
1674
80472
1395
732
987
1041
1626
984
1791
2400
1173
2523
1086
4062
1185
82458
1164
9447
2553
12822
27582
1653
1965
2535
1440
2181
1122
3972
1269
2466
2058
2631
53541
3588
6846
1002
4437
3069
5130
1266
195
855
1275
1827
19311
2268
1497
1974
984
183
1062
2019
2136
1188
1347
1158
56652
777
726
1278
2355
1827
933
33174
1176
579
186
1374
810
2670
2016
3357
10581
1011
1134
3711
56838
1689
1176
2532
369
53673
756
2049
1749
36702
2871
1068
1611
903
1053
2421
1359
2466
2292
2355
3144
52035
930
2541
1518
891
1089
1053
1470
966
1641
1842
29655
240
3306
1137
1641
1767
1911
1779
1887
1605
1590
2349
1242
25578
1218
1071
2610
1704
1140
1284
56826
1248
35067
2244
16173
48309
1908
3402
73368
1029
1032
1263
47655
1407
2379
2118
2337
1674
564
1815
1146
1890
34815
4773
2757
16038
1191
1680
2301
1194
25740
1659
246
1665
7563
2535
1296
2283
1056
1164
1710
1851
20169
1002
816
2385
1389
2148
44277
1194
1560
1485
2070
1149
2073
2148
26745
1944
129840
1041
8517
1281
1578
1644
993
1908
1104
1701
1173
1374
1071
942
1062
1215
2526
10722
1725
1125
1587
3528
3261
1368
30474
83754
2097
1044
1134
4389
2700
1833
930
1920
43011
918
2712
2880
1524
1044
1941
1074
948
1776
15852
939
1356
996
29877
1836
33423
2055
1164
1014
849
1827
2103
1248
1437
1362
2283
1668
1758
1380
1194
50013
44853
2949
13800
1596
909
2643
3522
2136
1677
6537
2064
1110
867
933
1209
1686
1428
3345
4251
906
1197
1878
2493
249
774
1581
1185
1656
24201
2334
1443
1266
2925
1152
1740
1503
2346
1728
54333
840
2280
1176
2025
1131
1179
1062
1266
1269
1071
1152
2277
1890
1116
1209
2220
204
1155
2034
1152
2997
49080
33387
4785
2247
83316
11532
11979
1188
1326
31647
20880
1950
1164
930
2127
825
1035
29409
1938
16083
1911
1140
1233
885
1002
1953
909
999
921
852
975
840
2016
19746
29070
1041
20733
24105
1851
996
1338
1617
2970
1128
954
44544
978
906
1263
1398
2901
6297
1677
912
3033
1368
1206
1833
1437
1053
1182
2469
1119
3942
20214
1248
1008
2532
951
3516
933
1548
1674
825
1488
2502
62790
1434
105231
4071
963
1560
1131
3819
4818
1224
1224
2877
1164
36003
1815
1614
3486
1773
1074
1332
1284
2151
124512
1479
198558
267
1146
1332
1878
1095
1782
1650
3309
11175
295965
1008
2085
3675
804
1929
3174
1098
2148
2250
1479
2049
2487
1332
2718
1908
3516
1182
1374
1899
1068
1137
1233
732
1089
2334
711
1788
171
7791
1116
1422
2241
993
11496
1449
915
117660
909
1269
1911
1932
1080
1278
1371
852
1440
1950
33855
2466
1338
2589
1200
918
2397
987
1815
1662
2838
1266
7917
1797
1812
7437
1572
1437
2199
1938
1935
762
1278
52995
5013
801
1206
939
1386
1695
4452
34611
2727
74526
1641
126528
1743
969
70629
1362
1842
1206
2199
1128
1644
1560
42597
1551
33084
1524
1506
16632
2994
1071
1569
1194
1131
1713
1140
1512
942
71109
1245
2457
20586
2463
3042
13167
1152
2436
1422
1305
1140
3114
1032
1407
1482
11013
1212
1125
93513
1560
1086
1317
1428
1938
2379
21750
1062
2064
2187
1899
888
35745
777
2112
1794
16125
1872
1239
867
5157
921
127656
1311
3960
2325
1071
1782
1767
1674
1479
1425
1359
1461
12522
3414
1017
627
1440
1581
52518
2709
951
1200
1479
3423
1161
954
37086
1518
1140
2937
3045
1920
1329
1893
2151
966
2121
11886
1458
64500
1839
2658
228
2283
1533
294
708
1875
1764
1026
1482
1800
2025
1464
1137
2115
14715
924
36528
1605
2127
141828
55650
753
2286
819
1716
1416
1884
1938
53682
1200
1212
10767
1224
1566
63765
1023
42207
2496
1113
1332
19953
7356
912
55962
23946
1431
46266
145587
1395
1125
1251
2436
1647
1551
1092
1752
1170
5415
2571
35424
1830
1194
1584
52389
1644
2001
50145
1992
1326
119382
696
2751
840
1416
34638
26061
1362
1797
1347
1092
2253
1197
1083
2235
1080
2433
1194
801
1173
1791
366
14139
49134
5400
21036
1104
6438
1614
1617
1095
1341
1509
2226
1764
954
936
975
1227
1413
1986
1869
22608
3258
2094
61914
828
198
987
729
9915
70617
1377
2223
1314
25590
1686
1113
1623
37884
1977
1338
1017
297
2190
2046
4830
3888
846
1605
3009
951
855
891
84909
1482
16557
3066
1857
5643
1719
1551
3087
1674
1710
1761
2262
1152
1569
1539
1410
240
2157
1830
1401
957
1560
1296
675
948
1419
891
900
3453
3924
1737
999
2091
768
1902
78957
3789
855
3402
1635
726
1218
2004
1296
20706
6036
1515
1818
3450
1092
834
1164
2046
951
1536
2079
1041
1290
1206
1866
819
34536
3246
4470
3489
1455
4233
687
38841
1299
1068
1290
324
1122
2121
38010
1128
35496
2649
1668
2055
897
2115
1074
1572
1221
62229
1494
2985
921
1374
1398
1539
1191
1665
22020
2112
1056
1185
1107
1674
2070
1011
38145
1296
1254
1209
1371
1191
10074
1512
1758
1374
201
1455
1356
948
1380
1275
1449
61248
37692
63357
107493
2367
1044
1305
40647
1779
10395
1788
2853
2154
1956
120294
1071
2745
2472
98628
41625
6879
4893
1404
471
1257
1425
2583
789
1941
1524
1917
1485
870
1383
1392
1101
56235
1185
12354
3171
2169
2412
72228
786
2268
1263
2412
1659
2265
2265
126597
846
2451
1008
1353
1956
79104
3942
1521
1452
2106
1245
1833
1737
942
1164
36720
58806
2337
1362
124347
1632
2112
849
1386
70359
990
915
1080
978
1182
1386
2046
1800
1530
1032
1119
897
81951
2478
1443
2043
2808
1977
1275
1302
2352
1095
3177
1818
1356
11100
801
1602
2133
1581
1137
1527
1875
1644
248187
1368
1773
60654
28740
1269
1563
182619
1104
1581
34344
39858
1170
1986
1767
19041
822
2721
2283
2169
918
1740
747
26289
1941
1326
12282
942
72918
918
1662
1092
912
1383
1434
79914
2376
1842
1095
1467
1428
4122
39966
1755
1884
1305
1827
28890
1776
1815
1137
5121
90033
1206
2463
930
1890
2010
3768
16182
1092
1845
1086
1647
23901
3288
1425
1308
2214
1296
966
1371
2283
1002
5019
891
1269
1386
1983
1053
3513
873
1428
273
2793
882
1635
1335
1863
1740
1782
1116
1392
1050
1368
3942
2607
1167
1233
2007
1086
1695
1104
1023
1557
1851
1050
2193
777
1500
2088
498
63864
189
285
18636
417
198
351
330
534
444
276
46260
198
417
534
273
972
195
507
270
459
1293
276
273
354
100806
1074
576
348
285
186
420
246
270
189
660
198
282
95502
249
333
192
180
1050
13131
195
240
798
71511
522
531
561
282
361899
189
192
171
261
669
468
1635
10155
195
171
327
180
396
27033
408
189
249
267
777
1473
198
495
1683
246
639
258
1017
750
9234
939
525
807
360
1050
939
195
76980
186
729
276
579
195
405
342
363
579
186
106797
267
447
948
273
333
279
1167
195
777
552
183
354
7449
306
618
417
411
333
414
198
195
189
15603
570
837
420
4440
555
276
474
924
1149
273
276
189
354
54342
408
204
336
273
201
186
276
189
1122
168
876
336
1524
516
267
276
555
963
270
276
810
9423
243
273
351
420
276
273
267
348
357
345
32376
10017
342
729
450
267
546
990
255
189
180
243
183
252
573
183
198
198
321
240
660
25317
40971
183
261
369
597
804
42930
192
249
420
189
34509
261
82485
501
261
32787
432
18057
165
264
426
249
3387
438
543
276
903
192
252
366
438
663
327
273
183
372
333
168
198
558
252
768
192
1344
660
333
189
192
171
1857
348
621
963
51042
1077
198
924
933
267
546
495
162
58575
25731
72783
432
18000
1704
89307
351
699
16845
441
801
282
279
204
1125
348
141057
142239
165
459
186
14784
198
348
345
426
204
198
357
345
264
27513
258
270
396
192
1434
273
91626
993
66669
183
201
183
276
639
180
47541
279
1227
357
1815
201
198
336
558
24426
363
885
1050
198
195
735
201
258
438
348
189
264
1131
267
285
267
855
273
180
528
606
345
189
456
420
462
429
1284
285
429
600
14901
79998
453
279
249
276
900
279
1401
1233
1311
18702
28743
273
450
267
55377
360
273
345
1137
2025
10518
36276
249
990
288
717
336
1950
174
402
573
405
285
429
291
726
1317
273
534
246
411
384
1557
195
104157
276
17832
330
198
573
342
258
43911
252
489
366
246
192
198
360
360
342
33606
2448
5799
42384
516
276
351
45195
252
339
1563
1092
195
13341
411
35934
885
546
681
318
273
192
507
267
14484
279
399
564
19221
336
630
351
246
28044
405
246
858
270
276
648
336
333
426
17151
483
705
252
435
282
7173
309
264
270
261
195
174
462
25707
312
174
195
249
411
330
246
270
1050
897
171
585
14730
1473
780
276
210
264
270
1293
600
127545
417
189
276
327
276
261
342
1524
336
270
42315
393
186
627
60231
189
858
270
282
330
984
14172
186
192
201
750
489
441
189
345
351
264
438
768
246
888
77913
438
681
348
1158
195
246
354
651
170730
168
81801
279
552
345
606
456
1122
372
192
348
579
447
453
435
267
447
945
171
252
414
759
192
1005
174
180
378
189
207
654
171
279
291
315
432
321
375
255
378
489
357
192
546
258
282
507
846
675
324
204
339
255
345
861
465
111711
1098
189
11082
267
348
192
459
237
198
1602
483
360
327
285
252
501
282
192
333
342
852
420
315
459
336
963
186
408
168
675
201
366
195
831
321
411
363
264
180
204
414
195
255
204
369
639
672
717
12189
1617
342
465
288
273
267
1242
513
513
987
210
7380
189
624
5763
447
342
1611
42735
504
192
186
252
399
357
189
348
723
273
252
183
204
1644
984
270
549
687
714
447
480
261
1032
195
717
660
420
246
831
582
321
339
354
363
204
285
276
930
660
192
501
204
669
198
183
192
951
351
279
1125
201
285
195
414
360
189
921
109704
195
192
195
594
546
198
330
366
339
351
267
168
189
327
273
267
13926
438
438
237
351
513
249
663
336
567
513
276
276
822
20346
273
585
423
285
192
273
246
267
486
639
189
486
168
1188
357
351
12309
41154
29016
432
246
198
246
189
288
192
50346
185259
92370
279
423
73863
87789
171
186
552
276
354
276
885
912
717
339
579
192
687
192
270
510
35463
246
180
480
690
420
447
189
513
372
417
927
1227
195
327
294
1008
447
162
189
1497
360
195
35016
261
7956
417
501
366
189
252
666
357
3813
411
501
195
354
246
357
531
33867
657
567
606
201
183
270
246
906
198
432
192
438
186
309
276
354
993
192
195
744
270
345
483
186
435
351
357
849
252
201
1863
192
327
1152
32619
435
357
95676
351
96402
264
198
189
47745
285
276
669
270
186
57981
1269
186
840
30051
198
201
189
444
663
186
174
168
63732
1029
471
249
402
252
273
249
342
786
255
444
267
243
183
816
498
1059
192
363
276
1308
273
71532
360
279
51285
189
516
597
447
21492
273
252
582
273
264
273
702
351
270
1275
324
59709
192
21627
255
342
273
324
351
86091
405
17688
264
183
765
441
588
438
273
270
342
53145
411
417
13392
198
195
186
672
456
702
189
249
264
417
579
969
276
183
612
195
189
555
261
453
279
174
249
432
168
189
387
273
1272
438
30975
498
258
408
822
618
564
702
249
204
276
201
507
249
273
273
207
3762
516
270
34749
50607
183
183
2397
3573
113928
2664
25374
1488
2766
36408
38145
1278
1152
1638
4509
3648
3420
2745
2940
23826
11880
3399
1863
58767
19365
150075
39618
1983
2235
4269
129786
1095
42558
2103
3354
1425
56544
3147
753
18831
68121
2370
924
107625
1470
930
1668
3873
4032
71481
1851
7140
3117
106029
15564
3888
44832
2322
2544
3018
5343
3975
957
7407
3036
3579
1701
44706
12555
19407
83607
21810
128454
2352
52533
2547
2232
12921
17373
94104
52377
1899
1560
13956
18516
7239
2007
2052
3615
1953
3717
101514
3600
32823
3729
2883
226368
2760
1185
30462
1524
1557
53967
1713
58323
31299
13542
12537
6663
1533
1101
35337
90210
2034
46260
2898
2556
8592
52011
4827
4611
63336
1551
1950
2193
13251
34317
6225
2397
4533
38295
3684
2169
2508
4131
2556
1854
3309
181668
3993
44463
23175
2430
2583
42840
101799
51771
43605
2232
65343
2721
1974
1290
56481
9033
1704
107253
4746
3597
17694
20250
149748
2298
20817
2574
3036
2205
78264
3186
2016
58734
1149
5082
8346
123747
1446
2739
4308
2097
3318
4419
4758
17829
2193
3426
35499
2214
145827
34635
10497
24228
1536
96687
2052
1833
17625
22719
72453
11865
2604
2916
822
3270
2268
1677
1698
3483
1797
79410
2331
5220
29763
31461
10665
1221
1893
40719
1548
1263
28824
198063
3348
88191
3069
86766
3261
268809
66699
3393
37587
2115
21585
83616
174993
67794
22059
2349
18756
2148
72756
43035
10098
7086
1272
30687
1683
110010
6768
1965
6948
18033
1746
1758
35325
3342
8124
2262
32844
6789
31953
16986
70173
4116
2121
111507
3246
2283
2520
1881
76011
108927
1893
3777
11664
3894
1776
1227
2808
169755
2022
51885
5436
711
14454
55602
2196
1107
1707
38856
70242
1308
2166
3453
2619
3735
82752
1527
2796
44769
1977
11238
4887
1998
2754
2988
5073
1866
1263
2025
3456
2472
2919
2277
2517
12594
2544
2979
2886
2334
2439
2625
47550
23136
432702
1890
35610
5001
804
2493
2115
2784
47193
2787
25818
2229
1347
3072
162585
2319
15339
1581
94272
9921
3816
107091
28098
3366
44634
1482
5367
23883
41832
12699
27720
7668
91833
40320
2742
33009
45081
7308
1305
1041
2901
60879
95736
2271
90507
1938
25386
118728
1431
21804
18666
1446
1917
47058
2505
2379
23328
1944
1473
44028
116565
48066
2334
49161
2022
22818
4206
1788
3147
1815
7110
8889
54018
24390
21624
3102
11178
3792
1983
1392
2286
1947
29487
11490
2172
1392
1953
20955
3942
2430
1512
2121
2841
54651
2625
10545
17304
1752
1821
87810
147033
2508
16026
3153
26634
17622
59808
2775
1950
1062
32898
79827
2076
12300
3324
46761
18474
96162
1545
27465
2355
18771
22233
19563
24438
2844
48090
141603
1842
1446
3444
49929
3102
3126
66342
1551
1962
26901
633
88854
9357
999
3699
50070
3147
3363
3081
94485
1107
3369
169164
2898
10662
1440
2631
1950
2859
1707
45612
2409
29058
28266
29868
2964
8484
3621
56178
18090
81921
2778
16773
53544
1317
3870
2088
44730
882
4392
2706
3231
6309
60756
27477
2331
2709
125745
5097
1458
3123
2799
3369
42960
101682
1419
3456
1929
138564
77328
3609
1449
45243
66399
59850
1878
162
1731
1014
1701
54081
2718
3030
8073
61653
1683
2256
3588
185946
106320
2109
228585
91692
70080
1692
59958
2364
22113
1842
40407
20016
2382
5598
40209
18198
1266
2598
19428
23040
3249
4650
11442
1389
234240
7521
187584
31530
1620
867
2553
2871
38184
3750
2484
3201
1524
140211
33642
9492
115428
76170
1710
1776
17121
2148
4650
21633
77043
3366
71610
3447
28830
55404
2811
2757
98004
3213
2595
1860
70854
3756
5355
1023
3591
2007
3861
5841
169671
2691
3057
115062
1197
36852
3648
101397
51972
153135
23340
64452
404709
9027
1680
6105
2049
3651
71703
25044
162666
3612
79482
17385
3681
2223
1371
1674
2061
22290
2556
2316
2094
31074
6351
38463
2316
145242
93912
37533
61350
2961
119511
130728
2010
2652
2595
3609
1572
2400
2415
2787
3639
72051
1968
2805
1722
2721
3009
188133
1704
2124
222213
47010
927
7917
1821
102390
3576
1536
1245
3324
3783
2319
2565
26454
4647
5283
26136
3762
4776
21732
29907
39609
2115
1029
2211
2625
3609
1824
32619
1749
987
36018
17349
23880
2475
3237
34899
30936
6096
70836
2400
2430
1761
3195
95274
1359
23784
29403
4635
3933
1614
76425
96444
1947
2637
2634
2691
3237
77400
12198
18024
2130
5499
3321
13611
2427
3558
2424
2061
5634
2583
138711
2106
45822
2649
37575
6750
3954
61491
52128
1140
1074
1779
5994
2313
2661
1749
2760
2931
53646
51627
2673
6663
40317
159834
903
1863
6690
1716
2802
2703
31755
149400
11595
1938
48402
88623
75105
100863
2265
2034
22695
1788
3066
12717
1959
39615
2610
3369
1128
2001
110913
4500
1524
42741
1791
3213
16050
29136
1821
126255
3186
91062
1740
5760
45186
76347
16926
105192
3951
2223
2544
7116
1275
1341
6489
52767
100947
124419
2574
4866
2484
1827
1593
2082
3576
1998
62844
2367
3162
10191
1302
2622
2406
1587
4188
160380
39888
80661
189237
1503
1566
24567
5289
15438
5439
26955
1287
3855
3714
76767
11019
16050
2760
2535
31878
7971
3954
78393
1698
1875
3069
4077
2181
4521
16365
43032
28065
225951
4434
43161
1341
3009
3759
3882
3027
132615
7890
2499
15645
1137
22899
36084
6105
46518
36066
4125
2004
4551
2196
85689
5088
30690
2853
107130
85869
1281
8085
42300
4335
27690
1071
4806
22605
42204
111744
2202
2628
26613
16737
56397
1920
11772
7662
31044
1530
120123
53838
1806
2619
55200
36885
636
1602
3066
74145
3729
148146
2769
3090
1836
1560
3153
3753
2553
2829
2475
2652
2952
5022
2940
2715
1254
2232
3174
2043
19239
1584
3291
2871
5313
1320
2364
2844
1008
1839
2712
1308
126483
1638
184467
18663
4362
59262
60177
2580
2070
63711
2196
79284
38142
12540
2832
96969
4527
39906
33687
98772
1980
105897
1527
19893
65019
1581
2451
1581
1215
2442
29646
138810
2679
53577
1527
2730
52383
96723
8691
122436
1431
87804
34515
10851
9603
2274
1353
108810
2289
67029
2493
2259
38010
26898
52062
1503
2730
65409
5259
143256
5934
97437
3117
36081
1737
59613
3402
2211
34992
1983
112521
1029
1662
1551
1227
1491
1008
28182
1740
1251
2415
11868
3462
1206
2811
1944
306
2415
39762
3060
8280
2733
1062
1233
50781
2538
804
1764
67035
1752
1830
1542
1773
1017
1377
1911
927
1014
1410
25806
2196
1074
3723
2184
1608
3135
1197
1281
4971
40803
1971
6204
1137
972
3234
41100
48924
19704
1728
2946
2994
99927
4263
1704
954
1464
70788
858
954
1827
1185
1062
2088
1626
38358
909
1833
1599
1011
1794
1407
39621
2349
1194
1989
2313
2235
2337
825
1458
1749
19980
1590
2874
39777
1899
1344
1464
2364
315
1035
1332
846
2232
963
3342
693
1983
14757
40962
14538
1575
1911
1887
2322
1149
1368
2748
684
2850
2112
1203
1485
1305
1743
1932
1017
55632
2256
1626
1014
1110
915
1602
21051
1965
1056
1227
1542
855
1659
1233
1266
3204
864
1470
987
1833
1518
1329
2085
12996
1680
1656
1329
1041
2067
1845
40458
1320
134226
1812
41343
271539
1914
1086
40695
3168
166056
1380
3357
1656
3033
20142
2010
1383
1080
1137
1122
1170
24093
83538
972
1185
816
186
5349
984
195
1122
2514
2883
1365
1512
2124
1707
1281
2043
1644
1482
2415
2397
1134
1950
4944
1650
1410
963
28320
1668
2463
2415
1119
2295
1944
1593
1152
1188
13920
1572
1932
1221
1821
1929
19266
2640
2061
27537
2115
1422
1368
1107
2271
1056
16467
18513
2433
2544
1344
1824
1467
1149
177
15585
15333
1371
1359
930
1536
1785
1209
6426
1890
2070
1899
2991
1896
1749
16158
1290
1752
2367
1383
37152
1788
1644
19878
1428
3729
837
1758
123810
1170
1218
1542
121509
1317
2166
14256
12696
131502
134595
2217
1332
2649
1470
1311
2778
1467
1212
1530
1929
14466
9915
11799
4707
3504
1692
1380
2460
1422
26655
1056
1194
1314
1002
762
300
2322
1644
1611
1020
1680
1560
2877
1497
1281
1497
9408
1749
3123
816
2499
648
1983
1110
54996
1140
24243
69534
58590
2064
2235
1413
1869
2121
28761
2028
1212
79971
6993
1764
1239
1527
1176
1242
27552
1242
1272
1827
1680
1035
59724
66330
1134
3063
1239
1371
1944
1650
19137
1701
86427
1266
2115
1278
2403
2904
906
1821
7968
2853
966
1434
116193
1224
1644
125331
1440
2139
243
1773
11217
981
813
1410
1992
2445
3171
63945
2070
43413
31299
199221
3306
29715
798
1626
22452
1593
1677
2187
3462
2472
975
936
141669
3141
1383
1773
145014
1071
1329
1194
1560
1122
4422
39483
1836
1218
1374
2058
34251
2244
1467
2304
717
1017
1125
1566
19542
49890
2091
1329
1659
2676
1710
2319
1002
98313
2208
1806
1047
41511
1284
1338
1482
1020
22998
924
2754
1305
1455
75855
2100
5397
190182
28683
80811
1692
2271
1500
1854
4050
1383
1371
1485
3921
186306
969
2238
2271
1566
2166
2097
903
1572
1860
41043
870
867
1584
2022
18354
861
2181
3276
2706
3687
786
1845
1362
1980
1734
6759
2973
1371
49665
1497
2265
1698
81288
846
39147
2109
1347
2070
1482
1269
1680
3063
1980
2853
27855
3429
354
999
1914
1056
1638
1686
1629
1974
2346
798
813
49269
1158
1380
1998
3264
10044
39414
3408
2199
1149
7317
1173
1320
846
1218
1200
1032
2217
990
945
900
789
801
1092
68493
2598
978
16341
1356
1854
1578
1728
1371
1011
1335
1194
1452
2784
2136
1956
1257
1248
188238
2943
156798
1557
900
954
51582
1674
687
1215
1779
1005
1101
1716
1227
2121
1440
2163
1365
780
1023
1227
1794
999
768
1068
2019
2910
119382
1266
1365
1371
1140
1128
6885
1791
978
2622
1155
113430
1557
1464
1200
1338
1023
966
2517
2634
1230
1050
1587
2127
67935
2214
1044
1356
2247
2220
115530
1128
2520
1977
3252
2286
1143
1641
1311
1026
2862
1062
1773
3510
1113
1884
2130
2520
1944
627
993
31479
1332
1335
2007
2640
1383
1254
2187
1881
984
1263
876
4188
1593
1209
2091
1821
1137
1899
1143
1716
1479
1020
57360
1506
993
1824
930
1707
94086
2799
1356
783
2079
780
16071
1698
2463
1887
1269
426
1215
2181
1539
1326
1593
1617
1083
2013
8475
1926
1194
1653
2433
72312
885
2553
2994
855
849
1971
1836
1194
1842
72123
20004
996
46863
1830
183
1080
927
1326
2238
2874
681
1140
1500
1665
1446
2292
210
1392
22872
1497
855
1296
1167
2106
31431
1188
1182
1632
699
288
741
1617
1596
765
15588
990
990
1995
21321
2580
42975
1299
2283
1548
984
2016
147789
924
2004
1203
1752
1545
1038
1473
33441
1434
1587
1566
999
1428
3498
1026
80634
1194
1785
1941
1311
2178
981
1557
1806
1143
1773
834
1740
840
80577
1389
1473
6891
1062
1299
10242
1107
25704
1107
2268
1737
1137
2385
2091
4350
840
4155
1185
1677
57213
6123
1290
7545
1455
3456
933
1593
1062
1053
21837
1203
2898
1245
2079
1056
3006
1449
1509
1104
59490
753
1437
2535
5037
36132
5043
1512
1140
4041
1764
3534
7887
1266
990
1221
750
2535
318
2202
8151
2715
1782
1308
22428
110805
477
855
1107
33519
13857
996
77457
1023
1803
1242
1881
1941
1119
2427
99537
34473
324
2019
792
864
1401
1899
1926
2502
972
717
2736
2328
1914
59862
1155
21336
837
849
6177
1281
906
849
3054
1203
999
2313
1476
2127
960
1812
1323
1452
309
1374
51639
909
837
924
3051
1374
133908
34512
1149
18324
1974
1053
2070
2670
837
49608
1122
1905
1452
28545
2394
1749
20919
1344
2139
1782
1893
1257
681
8841
978
101541
2766
852
39621
1956
1191
1155
1143
3228
1794
86301
2325
945
1053
1125
44814
14931
912
2043
77151
1032
1350
1950
2067
1788
1260
37254
1425
2361
2313
2151
2205
1032
1083
1461
87876
1287
12636
42231
51186
1404
1467
2529
2802
1014
1788
3099
1839
45816
2037
52536
1071
1296
318
819
1560
2520
1578
1743
1461
1806
1464
1170
1413
20952
1437
870
762
2175
3030
2247
705
36816
1164
2166
1440
1587
1047
3075
945
1443
60345
1137
2604
2322
17223
240
9492
1851
1875
2805
1812
948
906
849
2535
104652
58569
112755
1380
2031
43089
1446
7797
1458
1311
1863
2331
120069
951
2424
999
142557
1077
834
7818
2568
750
873
2118
1311
2376
1092
2094
1578
1836
1110
1878
54762
1929
876
9621
1845
1605
3051
1689
69261
1218
1116
2373
1806
699
1353
132306
1149
1965
1797
2583
1224
79965
831
2511
1590
1743
2100
1218
1593
1311
1302
1485
34377
61944
4110
1578
119406
1704
1287
1644
1635
1911
67809
1176
1587
1962
930
1155
1449
1542
1191
2004
1749
963
1053
85782
1476
2403
2565
1884
1092
942
3150
1401
1218
198
1527
2415
13944
717
5340
1731
1278
1950
2010
251502
1017
1029
57507
30888
1779
1353
179655
1911
1914
1440
31461
43236
1782
2340
21900
2472
2586
1398
1350
2079
921
1191
23091
1548
2526
1494
12246
882
70923
1194
786
1572
1470
1290
1266
84450
1482
1257
1980
1101
1842
312
42672
1830
1461
786
1512
25212
1893
1524
1719
1233
3069
1743
87462
1251
3810
894
1425
1275
2007
624
1212
843
13155
2514
1719
1359
1437
21933
1596
2562
1218
1941
1347
2076
2466
1461
864
1683
1341
1683
1266
1104
1479
1104
903
1548
2727
2190
2481
2649
1626
2154
819
2694
2112
3180
1227
1551
2034
858
369
1047
2502
1602
1251
1764
1401
1734
1863
1299
1674
1185
2955
1641
1233
1251
58914
1896
2667
57075
1503
1233
40293
2370
1206
1095
1440
1740
1347
1236
1479
2277
3099
1194
50079
1752
2322
2430
1020
1572
1008
1218
1047
1755
1644
1485
27348
3219
1431
1809
1704
2211
1038
1674
936
1659
1182
1116
24216
1050
888
1665
3201
945
1566
3030
54288
1632
1758
30690
2298
1722
14817
49953
1419
522
76116
1698
969
42681
4122
2463
1263
1590
951
1566
3615
1254
1590
37404
813
15180
1653
813
2508
1239
28827
1794
11016
1176
1686
1392
2124
1632
2103
1140
18075
1587
987
1128
2577
1785
48438
1977
1623
1167
1020
852
3786
33168
1200
1710
1410
975
1254
3453
1641
1059
2112
1071
1698
1398
10719
1716
1473
2349
1872
1011
1068
1008
28899
85851
1440
1359
1779
375
2217
3342
1383
1740
1578
41628
1797
1527
2736
375
1440
1770
3801
1044
1104
3237
12723
1542
2742
1509
33066
1497
31143
1287
1938
1023
1143
1134
1404
1203
1527
1179
1782
2241
1305
1449
1503
1044
46680
2016
43488
2715
2964
11937
1320
1263
1269
2844
2712
1398
1167
6924
1152
900
1242
864
1413
1983
2391
2124
2115
1968
756
1014
3552
1272
1182
1620
28239
2502
1938
1524
2910
2745
1500
822
2070
1239
50952
3738
2112
1758
1776
1389
1146
1050
1221
1821
1398
2709
1539
1104
1944
2148
2046
1065
1905
2598
49851
1584
24489
8355
240
2229
2250
82014
1413
8475
14790
1368
2535
29844
23697
4191
1317
1557
1980
1389
33210
18456
1680
957
2133
789
879
1170
1182
1533
765
1233
876
1881
19404
1491
24762
1026
23379
22992
2010
1476
1413
1353
2820
1776
720
46248
1458
1260
1593
2262
2850
2493
1815
1911
942
3294
2022
1587
852
1005
1281
2091
951
3423
19875
1287
1545
1473
1692
864
1326
1005
1353
1599
2613
1215
1170
68211
45087
61314
282
1806
1122
2559
2085
1674
1803
2409
2478
1236
1164
2286
2652
32928
1695
1614
1710
1914
1092
843
942
2199
1458
122652
2601
1635
196419
3177
1539
1470
951
1053
1062
1641
1383
9306
298749
2316
1923
426
894
1260
1797
1638
972
3762
1164
831
2619
1512
1074
1767
1269
420
1089
1524
795
1470
1272
1800
774
2070
2046
480
753
1224
2106
4047
1590
2199
1320
2661
15300
1551
1674
115017
963
1461
993
1659
1038
1287
1743
1506
1068
1284
37866
864
1338
1815
1368
756
2526
1215
1383
1794
2580
975
5313
2112
1191
2181
5637
1755
1191
1359
2535
2049
1524
801
1395
49002
2151
2202
867
1335
1257
1143
1527
468
39369
76113
129348
1341
74025
1950
870
1353
2487
945
1416
46215
36546
1239
846
14028
837
303
1380
1302
1011
1713
2784
1437
1617
1644
72294
2238
1932
17346
1464
2448
15111
2088
2652
1644
1116
1176
1221
1242
1761
14058
1050
1983
4203
85242
2340
1092
1569
1530
1320
3405
21744
1722
1629
879
3210
1305
1143
32277
1335
1416
1116
18255
840
1863
6471
1935
54111
12597
59523
1299
6528
1359
1260
1059
720
2538
2658
1527
1584
1281
8895
1704
2385
2301
1014
55266
900
1551
1407
2010
1947
921
2466
34233
1335
2688
1377
2493
3762
2970
1320
1608
2121
996
15324
65226
1329
1014
4050
870
1893
1038
2394
1479
1635
1530
1608
912
1521
1893
17790
1950
34512
1428
1836
1479
139701
58506
1608
1491
1308
2619
972
1380
57066
2928
1650
7125
1494
2124
1149
61224
2085
45087
1428
1179
22080
5118
1194
1386
51078
2544
21015
1740
1554
42660
147363
1173
837
1203
2928
2028
1161
873
2094
8166
38913
2010
849
56262
1632
53289
1590
122823
2208
933
762
37344
24042
846
1554
1248
1197
2673
1833
1359
1110
1389
1188
1650
2433
1332
1491
3117
11934
52134
1539
22941
984
4089
900
1020
1473
1272
1437
1425
1032
2016
1164
1074
1338
852
1044
2214
834
19944
2736
3324
65313
3510
86862
2616
945
1269
26241
2310
1134
1677
291
34701
1044
2793
1986
1854
1857
6618
2628
924
966
2145
1263
720
957
87492
1203
10383
6573
2496
7848
1473
3081
2160
1638
1590
1428
891
2085
1335
2640
3444
843
1779
1020
1104
1533
1230
987
879
1113
855
2127
2919
1182
1467
3186
1137
1677
79365
1638
1197
1350
1440
1689
1530
1860
1035
1110
18369
1923
1836
1116
1713
2793
2262
1383
729
1218
1623
1314
819
243
1206
2604
1020
2793
2025
1737
32358
1419
2274
273
1863
549
2391
2370
4176
885
35709
861
1326
1587
3702
1614
1584
35301
1092
37617
3021
1989
1380
1767
1599
1524
1407
64944
1173
315
732
1080
1479
1092
1230
1011
24738
2223
879
1065
2271
1350
1077
1422
35364
1242
1464
1563
903
1617
12300
21501
6369
624
1056
207
10116
423
468
10800
195
282
279
34632
39573
411
699
198
318
23046
174
264
753
738
171
198
38832
264
561
201
279
573
354
414
312
183
1524
198
195
1062
198
165
585
333
204
351
189
357
279
192
186
504
489
46725
615
6495
264
333
183
3588
49944
22836
330
189
162
192
333
276
489
276
258
186
342
94482
381
189
1029
6414
261
273
330
330
348
267
261
282
159
357
429
165
77427
165
162
195
201
204
192
438
501
498
468
261
498
699
162
276
198
246
423
477
264
195
258
432
198
276
750
360
624
2997
324
58947
162
189
189
45099
480
243
738
128469
1149
174
210
204
450
53598
192
183
444
915
285
270
1017
615
552
264
672
74379
444
288
201
285
1590
201
513
249
321
291
201
210
198
201
198
534
192
249
654
387
354
201
288
195
717
444
285
195
819
591
363
342
83802
552
246
1629
330
363
186
429
201
582
507
648
201
333
372
843
606
261
426
1827
321
195
528
183
387
264
456
942
321
1059
177
597
363
270
336
540
678
408
474
339
372
375
195
711
1578
294
207
201
669
273
423
195
393
273
192
957
261
531
810
327
279
1125
189
294
519
336
195
189
255
369
249
189
174
249
186
174
714
474
372
201
834
366
198
930
519
264
74160
207
288
55497
558
264
1287
429
963
681
192
414
576
1584
174
204
441
363
375
195
189
510
843
294
342
201
195
189
786
753
195
660
72483
801
207
237
849
1038
192
204
189
444
558
1026
237
25983
165
270
252
756
264
192
279
441
672
336
264
203001
432
279
354
46599
582
261
24819
183
183
729
351
192
8814
357
267
195
804
55530
657
12483
345
120165
186
276
249
183
498
192
30741
15834
477
13284
195
255
324
264
333
124044
723
843
324
19269
432
852
423
729
471
252
52011
426
429
195
669
252
186
573
195
369
198
198
687
189
369
945
480
252
189
267
264
159
483
333
118038
35613
498
15456
486
78141
273
264
192
726
189
771
336
198
774
420
198
795
165
201
195
501
192
357
357
162
675
273
363
189
357
255
345
273
411
270
774
336
486
267
249
1074
171
447
339
183
52266
384
249
1128
708
15186
924
1236
42066
36834
585
25494
525
570
16002
321
354
267
483
267
189
1215
357
1545
165
270
900
972
678
270
441
489
183
801
570
89109
24663
786
687
342
192
720
573
192
279
267
73461
183
357
285
87612
17514
183
4296
207
2160
276
189
444
354
1170
258
492
342
264
165
189
318
195
78429
100197
1284
192
2280
39609
351
426
192
645
351
267
198
660
267
408
31017
21159
276
201
186
270
264
279
267
471
186
339
252
198
24765
591
177
13935
189
363
384
24792
444
309
183
354
489
630
426
483
672
957
189
333
186
12903
261
492
183
411
4254
264
162
282
186
17727
744
180
753
59976
189
333
270
264
273
195
369
690
288
273
258
414
414
372
669
1374
729
363
201
360
189
342
189
189
192
204
11037
336
15369
969
8574
189
258
186
243
183
345
68232
168
351
165
189
252
186
9450
2532
189
1011
261
576
45561
399
198
273
1155
597
249
192
171
195
273
180
159
357
705
645
249
195
273
837
291
315
924
186
189
1020
159
267
282
408
1086
831
189
189
423
336
171
273
8049
267
504
9303
267
186
636
7095
522
180
273
186
183
1134
51195
21303
579
948
186
43692
813
24042
825
267
417
684
192
333
204
270
168
192
270
711
345
195
450
264
336
246
52434
693
792
468
261
579
201
351
192
90411
1191
192
351
339
5499
348
23541
12282
261
264
165
246
35883
30231
1023
411
333
498
270
426
165
273
10236
32169
1419
558
35820
960
360
186
420
165
186
867
360
342
369
258
576
537
42915
276
25881
732
246
960
792
1227
450
786
1044
279
339
270
279
11286
25527
582
744
168
5400
279
33264
35013
14256
576
504
171
879
420
195
360
273
165
354
20628
495
22197
333
42051
351
912
534
378
351
201
699
261
327
426
978
201
405
252
2214
1527
279
666
156
258
183
43389
183
261
1089
273
27480
792
18171
2007
678
18864
480
198
354
462
819
582
261
186
495
420
276
1179
195
9660
282
894
264
1404
10803
333
444
189
342
642
567
600
165
432
180
414
354
159
189
198
318
264
1728
192
423
246
10236
156
561
8331
168
117759
351
186
135477
192
243
1335
471
834
180
630
198
13278
276
198
31347
657
483
195
672
444
588
336
279
192
594
747
324
1821
171
1653
264
324
198
447
393
489
42966
282
183
183
645
93225
252
166767
279
387
318
933
237
447
198
192
255
201
333
30312
192
501
324
594
405
420
10080
45567
681
279
942
1476
22053
660
192
417
447
282
189
381
162
171
498
189
255
186
969
252
717
276
65046
183
399
23301
807
3552
282
267
282
192
522
330
432
366
420
1377
35916
186
354
561
12744
408
189
273
252
15999
189
192
1143
432
46635
186
894
192
450
186
252
189
339
273
432
249
588
414
729
339
1032
621
189
198
165
249
252
174
79314
186
201
486
774
723
276
534
618
192
333
186
