8191:0:0:0:0:0:0:0:0:0:0:0:0:0:0:0: (total 5)
0 4 7 Thread 0 going to cpu 0
8 Thread 2 going to cpu 7
15 Thread 3 going to cpu 8
Thread 1 going to cpu 4
going to barrier (cpu 7)
going to barrier (cpu 8)
going to barrier (cpu 4)
Thread 4 going to cpu 15
going to barrier (cpu 15)

STARTING...
going to barrier (cpu 0)
STOPPING...
Duration      : 10000 (ms)
Acquisitions  : 28621251
681
804
981
14841
1227
768
1239
723
23715
1083
26607
840
684
1149
996
177
678
55023
927
687
2553
1392
912
774
14634
780
1167
915
22287
1155
1176
450
1536
1347
3387
1647
5007
4698
1089
819
1071
834
543
834
1167
1242
2136
309
1560
738
1065
1761
774
204
1167
1542
222
1302
762
762
1071
2109
909
834
1149
1443
681
234
753
2274
207
1311
2022
16269
825
1503
843
996
285
1080
24354
1374
1827
660
684
915
828
1077
2427
6273
921
2187
2346
14367
687
219
1062
690
750
3612
909
1308
684
1185
4467
786
813
819
816
999
840
1086
11112
1101
765
756
705
762
177
816
993
1011
1875
909
753
624
59700
3678
765
1632
849
789
27078
906
831
1257
1080
819
984
768
660
1068
180
612
1701
846
1389
921
1386
186
2034
843
711
858
2205
4614
960
1170
17445
183
1083
864
747
1461
2019
261
666
840
690
2694
1311
924
846
765
834
1233
1002
834
840
666
1068
1188
762
834
753
1737
1239
180
762
9963
996
1173
936
234
1071
1053
780
1431
1233
690
1140
222
1254
31239
750
708
1152
1068
1146
855
219
16791
696
2574
1467
903
309
759
1092
864
15393
999
1149
816
921
1695
840
1101
177
1755
738
6987
861
837
1008
939
918
2979
240
834
1680
1239
846
1332
999
672
906
948
969
744
759
540
762
978
1074
570
660
747
174
4653
9210
765
906
750
2559
759
906
777
840
1191
930
915
936
765
777
216
1005
855
1482
768
1065
1080
1317
837
846
2115
828
1245
228
1419
825
1014
1002
1218
1161
894
27771
846
792
1332
222
2205
40539
1320
1089
1146
2427
27906
993
672
744
2907
8022
885
33663
693
846
909
930
849
786
615
1053
843
1398
1782
924
897
684
921
8376
20184
2298
840
1587
774
222
843
921
837
927
1026
17094
849
768
225
750
987
816
1065
672
2502
765
780
1470
1239
939
768
846
1416
2118
1401
1080
1017
13449
825
684
1398
816
831
843
738
1446
678
1557
1311
1245
663
999
1167
849
1317
1065
921
849
765
1092
780
1104
603
948
1092
1656
858
762
8016
972
975
993
990
786
747
1011
1494
927
1242
858
666
699
1311
15804
771
258
1266
1794
918
225
1707
993
1038
930
1164
702
1881
867
768
1086
855
7950
1278
915
906
183
849
186
957
18612
2652
852
822
927
684
7968
1227
8136
1179
264
1617
1536
678
2187
16890
1077
4317
879
684
2361
1524
684
1017
1878
927
903
672
7698
1089
2334
999
918
207
1083
894
2196
30402
813
774
1554
918
942
753
672
1161
846
1077
750
591
5520
660
1398
1008
834
1314
5322
900
840
1728
3702
1332
861
906
915
921
258
1017
1101
834
1245
756
753
1059
1074
19116
216
1068
681
834
765
402
1056
5865
2766
1224
777
219
888
852
1152
822
672
1011
1734
177
1824
1083
2949
1077
777
49770
1158
663
852
693
1461
693
222
954
2205
942
804
834
936
1875
903
999
1065
849
825
1080
1488
6543
759
324
1095
879
783
750
1329
387
5445
924
1020
1251
1707
627
828
1392
933
1182
693
726
1239
3036
177
1071
861
2841
768
795
6444
16434
768
16080
801
861
306
2163
1755
1335
1077
681
795
4470
777
180
1509
1254
2178
3969
765
1575
1668
237
24027
696
699
561
675
1350
1836
765
1767
756
1932
912
14691
213
996
1062
2016
771
15234
1467
1869
1032
759
660
990
687
870
546
1230
864
819
684
627
2181
1056
831
1017
501
6015
9300
1092
627
891
927
750
747
1092
1116
1014
258
1260
8538
852
1641
1560
309
25377
231
834
756
16869
999
1248
8571
765
1119
1002
5469
741
771
771
690
828
1323
867
1638
255
774
912
375
1677
837
6357
912
834
816
609
1182
2259
1149
1398
666
228
852
183
900
273
846
10644
2808
765
849
28038
1227
2046
1293
222
1056
975
1830
13323
333
7290
1065
765
12591
918
198
678
756
1191
1038
11022
2082
17172
930
864
61203
915
987
927
840
14253
666
4476
927
1482
999
663
681
11247
9939
738
5541
693
990
225
1116
309
963
684
840
1011
3375
909
1062
1035
2505
987
1077
726
1353
756
1566
678
213
990
717
864
918
858
1236
8418
1494
192
16719
825
990
678
1740
1083
882
1485
28566
906
1764
681
771
2577
768
999
1971
918
6423
828
1542
855
1806
714
663
666
1008
666
681
2595
840
846
681
1020
903
15594
756
1056
996
750
11325
744
840
921
2523
1551
996
882
747
171
747
1101
1389
6630
1089
834
6495
6474
26844
1098
681
777
1377
1134
3174
909
1572
2703
10029
1551
1611
819
765
843
213
3111
771
837
681
1083
843
1005
924
10008
228
1164
10095
741
693
2598
1698
918
2049
843
867
2043
1071
1014
744
843
828
780
1074
1008
660
684
909
8700
25203
837
2511
19599
984
669
654
930
816
1311
8073
825
2133
867
915
1074
1080
975
843
1092
1641
38613
927
1029
981
1014
939
969
846
771
756
1047
672
942
846
2904
678
912
756
1071
1728
864
10986
846
696
774
999
1686
1584
750
1155
2397
681
1980
663
261
1077
1098
828
753
678
1614
978
1953
840
777
759
840
225
675
1002
999
1482
2019
49227
2229
771
762
222
828
1092
1002
213
23493
3630
768
666
11970
1089
774
777
831
696
843
825
900
10428
1224
1167
1779
1230
174
1080
1083
222
915
672
837
669
918
765
780
930
1098
1002
1218
1404
2025
945
765
651
1236
225
2682
984
678
1296
1149
915
2586
14958
195
7257
519
38568
198
363
28863
4428
24252
74082
510
26442
93759
22335
264
582
14511
9411
16251
49191
189
4950
37356
4227
270
30264
26154
6918
29940
13125
192
20292
14958
70857
18651
195
113793
297
273
591
33405
13590
18552
15189
28908
23247
270
420
44832
4332
38991
8604
30513
36816
189
270
32235
17916
7896
12792
38448
32160
189
186
13281
2919
55590
519
25695
17424
270
15489
4245
43317
55716
7866
351
19197
19641
3432
1038
1419
29292
15303
17442
186
9852
4539
2205
423
213
498
7908
1152
35943
513
1281
10332
8070
22470
17046
6504
5454
10611
7995
60510
354
15333
351
56400
16110
28608
26706
189
7143
4170
6174
264
52116
39432
348
4146
49632
198
3687
46449
8526
8880
348
270
59505
582
12456
186
3195
198
11811
2583
609
1662
744
18507
7236
42237
2091
498
30798
3240
564
189
40071
33720
14118
14994
3465
1551
23508
10212
270
48030
80115
585
17202
4605
186
5721
189
53943
183
192
9894
507
6057
1431
9762
9000
5262
261
22341
357
1842
15816
46410
13131
8031
9750
8088
41943
186
22803
267
198
213
11385
16257
21738
72105
13164
34251
10212
345
28674
41193
32967
7239
7590
17679
342
345
11196
29070
38538
30933
36366
183
22914
507
45390
24162
19863
47943
183
16176
5034
5565
3879
16170
273
39558
29013
58707
519
22347
10293
10884
270
25527
357
48639
8784
258
504
72018
264
501
669
270
4707
8421
22971
5580
45360
8724
258
23709
198
41904
360
2631
6090
348
744
28797
48900
195
28134
8238
20091
198
6096
900
2073
6198
8220
5190
12660
2076
168
33477
31263
276
7110
39246
4614
4536
31674
339
158223
2355
351
1401
4446
30237
9573
42534
2337
20112
3351
9981
267
19266
270
1677
8865
195
3036
11565
21423
183
39852
21645
264
348
17985
23958
339
264
17604
7575
7359
7596
21669
273
20718
16488
28068
9285
183
22152
354
351
4110
24855
59343
183
189
519
7377
3420
19908
7677
17346
258
10356
183
19332
189
44052
180
12207
18429
342
4530
16986
20637
101118
12567
7326
8910
20157
666
201
345
204
351
41097
354
276
189
9219
351
357
26166
186
435
189
31641
10743
21231
2166
35079
14205
17790
6501
10626
180
1218
35040
2223
12237
41964
14028
35742
62163
3516
279
27354
82176
16515
43905
7209
48258
2406
279
15366
270
27594
9282
180
26271
43290
357
4998
20154
750
43614
189
8613
3015
7491
186
201
27930
62412
432
15465
510
270
270
1836
204
2052
31476
35538
28140
2085
189
5775
28020
273
38448
29232
11646
183
348
14949
258
10764
279
22614
13734
504
123717
2511
486
11790
270
183
35322
26529
12966
23427
5913
76035
5385
267
45180
19302
17493
801
11466
2292
24492
270
264
19089
417
22110
24648
28038
56661
504
34197
10062
189
15513
1734
25326
498
49167
183
26895
4032
195
80151
186
273
45168
46473
3882
7050
13605
6114
192
270
1914
13410
5853
40992
24321
31260
3591
189
53094
6111
357
426
354
264
177
25059
63849
954
2322
183
264
495
4344
252
6708
20733
36513
2925
591
273
12189
267
12897
270
20409
43281
11505
273
14517
6579
183
357
7569
12402
9933
183
264
201
3906
14589
40740
501
276
4230
14655
750
3045
738
46842
261
189
8379
24837
5142
62586
15633
7209
267
273
28110
31161
14193
11343
48699
37752
8268
37386
279
357
270
177
9414
24651
351
6255
44415
2577
1956
39261
198
2103
31293
342
510
41202
372
14259
2871
270
345
16575
65871
198
109167
270
54786
6054
273
2223
5187
9189
195
270
264
258
14490
30042
12360
14961
13455
13521
20286
4857
417
4812
13953
8058
1599
12993
2874
50403
10461
39342
909
198
43836
195
513
189
192
195
345
74886
207
183
58416
2241
16956
21927
14691
8205
180
429
11181
6378
13578
62937
18000
1440
9087
42498
2766
513
116682
11010
429
273
189
285
5952
357
270
342
195
12057
198
6321
22971
15147
7767
345
2817
10620
10371
7860
5520
270
261
288
21927
342
24411
423
1557
270
198
198
273
2316
59241
270
18303
2487
4092
6345
34419
348
122481
20757
19017
23865
189
180
180
3600
37182
16278
21348
57054
15513
42840
55395
6165
10626
17664
261
50004
183
71250
9168
44808
46572
423
9585
276
270
3285
345
270
267
591
5208
2631
348
354
807
342
112689
264
28575
28014
498
40365
20262
9183
261
22854
8067
507
423
49332
9507
38169
12870
6969
348
351
261
17304
9558
189
2952
201
171
507
31854
20649
345
25071
9843
20082
47085
8181
864
2259
17499
51474
33192
183
36834
342
7365
270
51873
50802
14376
13080
39633
588
429
9018
35361
435
342
5430
4131
11658
273
23832
9390
30231
43641
198
192
504
2001
11112
23610
345
28275
6924
261
34719
10050
24999
33624
41382
15150
1707
582
3906
9981
4701
20208
2331
34440
279
192
37410
1932
276
10872
195
348
426
1941
34779
4704
7599
19734
11583
351
63288
17316
3894
47706
426
183
22494
28056
10542
7536
423
414
258
6213
25617
8298
34749
6573
3456
14787
7452
5064
10290
26946
9945
672
519
186
1653
14655
35085
25059
14895
16110
201
1995
42633
3267
68370
6762
423
183
174
5826
651
429
3480
5271
8844
267
180
15330
24546
26643
22290
24666
5574
24300
49941
186
14568
11799
19437
747
1938
267
837
15948
20532
285
3822
582
6261
24300
423
13740
14226
24585
1830
16653
9306
12495
8103
1440
4872
26661
198
189
12615
14928
40311
267
354
3138
20712
49761
56967
24684
816
4074
5667
7011
20037
195
7827
17838
7746
666
20946
18012
6378
12585
348
54408
62178
186
35568
14430
17925
16089
35730
351
33846
8298
39243
270
45765
267
255
12936
7875
270
10926
285
11034
198
6726
9414
16320
63891
198
684
10362
1947
22818
28650
20022
2319
180
20244
273
195
4764
14817
21879
24069
687
6684
195
261
5025
28674
14940
273
19989
999
1302
687
753
207
5484
765
1062
1242
1005
35406
1458
1086
3633
888
231
759
780
939
726
912
849
1080
993
1086
1158
1782
777
765
783
1023
2925
990
2337
759
930
234
783
693
1074
837
687
213
1200
768
1221
1005
1008
9093
927
1056
990
720
954
17253
1125
1011
792
1776
1089
747
1074
816
186
984
1071
930
684
705
1158
924
1158
921
846
2100
1308
927
1008
1785
19311
846
10563
1224
225
1143
936
1107
915
49110
999
942
702
849
180
849
921
795
1101
1005
780
840
867
684
3081
852
225
837
933
747
999
999
768
930
1317
1701
693
1170
1293
1161
714
921
690
537
14121
1056
930
759
1233
996
1317
1314
2565
1242
846
840
864
11016
1224
756
225
774
1293
522
774
216
12345
1236
1380
174
729
1374
52413
693
927
1293
1314
222
1143
1311
972
1158
9675
756
786
1632
855
777
624
1083
237
1071
1158
777
921
912
1224
5772
1002
696
2226
987
996
699
867
924
939
1080
609
918
852
918
174
1269
1308
12303
1143
996
804
981
681
954
915
1149
780
1242
1071
1827
699
264
867
774
429
2868
762
993
831
1938
1704
861
1002
837
762
231
1881
999
915
912
15357
1392
255
987
765
1017
999
1158
7650
1050
1152
918
1014
681
1005
918
933
990
849
1212
702
222
837
17478
1011
2208
855
1713
54393
765
1749
1437
1713
2256
993
1182
9948
759
252
1224
1230
2988
831
801
1014
1155
1254
1476
1134
954
1728
15516
930
999
930
10752
1077
1011
1287
930
225
1797
21468
11685
1347
771
933
222
1005
1155
1092
20931
1008
1080
861
777
990
1548
924
840
1386
777
687
843
849
1176
774
762
696
687
777
780
1299
2328
759
1155
1701
2847
849
927
852
1362
921
846
1008
1761
8313
9459
1068
774
849
261
1242
846
858
186
849
783
699
777
777
849
1503
1386
777
849
36651
1077
4494
990
840
852
762
1059
858
219
927
1227
1158
47196
774
1152
840
774
696
918
19434
1308
1071
993
408
852
831
183
879
990
1239
2508
918
189
771
1410
291
1110
852
714
1002
12768
1386
690
777
774
846
1065
915
846
5400
1068
11019
762
183
912
1140
222
861
1008
834
18270
681
714
933
918
40425
915
717
309
1662
843
1443
852
915
306
36336
17133
1809
1230
765
921
1164
1080
1020
696
960
915
696
306
705
183
774
1080
927
12840
2778
846
1236
942
732
762
693
1185
912
4200
636
747
1140
231
744
177
840
1608
759
771
774
1980
627
1221
11742
837
225
693
741
777
930
855
1002
930
942
408
924
1554
855
777
1005
1938
9501
660
1008
924
6312
675
1011
192
930
1230
1380
762
909
828
924
780
186
1143
1074
1377
1026
1176
750
834
909
1089
22536
774
1014
927
1017
687
270
2031
927
1068
921
1791
1161
771
1068
915
1098
999
186
1056
3024
14877
1803
1239
1236
1152
2154
696
264
1860
35124
702
849
780
918
216
1002
1248
762
858
45120
1017
2250
1242
375
22416
1464
2277
933
1248
846
852
1017
180
27927
1071
591
174
12474
1401
2421
1383
180
834
780
1413
894
2811
822
11826
1524
993
852
4731
999
1020
16068
258
1074
1071
1164
843
1230
768
1206
708
3066
8169
12951
996
19281
1536
216
789
1182
786
855
1155
210
897
921
921
927
921
942
849
777
804
687
783
777
708
20799
768
189
669
9309
1155
858
31560
177
771
1155
729
1797
927
723
2160
1152
987
13470
900
768
1497
771
25995
852
900
1080
1140
861
759
225
759
261
1164
777
864
303
768
684
225
858
849
1101
1170
1068
984
1221
768
1215
1011
780
843
231
2115
1137
939
1086
1968
34923
942
888
11562
828
786
1464
74154
246
3573
1401
861
2511
1536
468
777
183
786
4884
1878
816
855
2835
2688
19839
189
12813
1245
8505
855
1503
189
879
693
1392
1791
795
780
192
1959
858
1245
804
1377
7029
708
1155
915
1320
759
1074
4509
34116
621
2229
1155
996
22089
2097
843
1314
783
1314
927
864
990
1236
2325
41586
771
780
768
816
777
957
1044
1800
12594
864
912
303
918
759
1230
1092
381
687
28131
6402
1032
1014
1074
996
17880
921
2175
786
10464
978
189
2109
1083
222
768
1152
1032
1068
924
1227
774
771
8568
723
777
843
774
246
768
849
1002
1707
852
522
7005
726
861
624
8367
921
846
22971
24570
1002
1623
750
861
228
10839
273
756
1107
849
999
1653
1224
768
702
756
279
924
885
1092
1086
843
225
16635
1299
1239
186
837
711
840
1161
2481
957
774
1854
696
210
3774
849
1167
924
213
759
846
996
873
13827
762
912
1236
1650
5256
1314
1782
771
942
843
186
990
1080
996
909
6426
993
840
1008
1068
2526
1737
657
777
759
1074
906
996
930
906
705
1077
3951
1044
1161
762
1620
180
837
2256
222
771
915
999
852
753
1089
924
915
690
672
180
1209
849
9207
750
1005
828
993
840
858
684
1230
5412
1131
9714
996
1377
180
1074
306
4203
864
1077
783
909
909
2949
894
855
186
43878
2178
693
888
1044
6126
2625
990
1008
996
777
921
1530
1059
14733
1302
759
786
183
1227
1386
993
927
606
888
2316
990
810
1482
1146
837
927
849
18927
231
915
27927
1095
990
765
1077
306
1038
834
10548
1473
846
228
1002
993
32571
732
5010
1002
4830
2403
969
174
1140
852
1617
849
690
1233
1002
861
792
1491
9651
12876
759
771
933
1077
843
24477
1050
816
654
678
1971
849
921
1002
810
771
6672
9162
903
981
915
201
816
912
666
852
831
1032
1383
1080
951
768
1665
849
1500
678
822
1158
1071
1236
831
3579
1002
2244
1317
921
1065
783
1233
789
825
186
24444
1077
765
846
1542
411
903
39462
789
1311
1161
1314
927
1074
27486
840
834
1077
1110
990
396
5838
780
654
180
31002
816
777
1170
990
1122
687
774
1026
945
1311
993
846
1020
657
1245
9807
18033
3741
639
171
663
1719
1086
927
1170
1089
18900
855
1794
918
744
675
819
1089
324
1638
942
1005
753
1179
1233
678
975
684
228
780
219
912
1269
14745
1104
1560
1083
921
1014
762
999
1455
780
1227
1467
2478
1089
1332
762
168
1068
996
921
1008
1311
750
813
3441
1014
303
870
768
9666
1374
1071
1242
777
831
777
1251
1017
1068
1320
684
1026
906
1632
14367
753
1797
1263
180
1077
4083
909
1065
1242
921
852
252
699
693
918
1080
10257
1242
924
1644
1488
20520
690
750
834
1308
681
1239
6882
1122
1080
6234
990
2049
168
888
1086
1542
1575
306
14412
678
3753
1146
1134
1089
2442
189
909
939
1236
1161
1056
843
834
6006
1185
1179
852
1011
906
1902
1161
996
222
32355
816
918
252
897
918
1002
753
1104
912
777
1023
8694
1170
1173
819
1242
5946
912
756
1236
222
918
2391
675
912
1080
1008
1641
1608
1164
1086
1509
1008
669
672
909
19179
1605
894
651
762
2202
1098
5514
2742
837
1923
999
1062
765
825
1095
870
174
1380
210
834
993
219
789
876
1005
51246
1143
999
684
915
1221
2208
1566
255
759
771
675
1227
765
183
1068
762
972
1011
1152
684
1380
7416
759
2334
600
2061
1089
7911
912
1008
1158
177
6756
954
996
1593
1266
678
678
846
1158
1683
36414
858
933
1236
699
1206
876
5139
828
15207
1110
843
228
14073
1032
717
2388
714
693
216
2733
1299
720
6966
3942
1758
714
327
5385
2784
2970
22698
738
708
705
708
708
180
3018
1056
261
909
774
15228
918
183
2832
657
732
915
606
2085
846
756
678
750
894
213
1617
837
687
1806
4203
1080
7368
999
687
972
1068
771
2367
774
921
1530
9873
768
231
729
2526
23856
1473
681
18330
744
1017
6915
744
678
849
7110
765
672
933
1083
822
1269
1326
1641
915
1851
255
723
834
252
3195
915
927
981
744
1107
1389
2118
1155
897
1767
1458
1638
936
9045
4467
714
852
25929
1236
1224
948
1962
741
1236
1881
11892
9252
1014
14037
1470
945
1143
1164
12924
222
17130
993
1323
834
59658
837
843
834
1092
762
12651
999
831
3171
912
1725
942
930
996
1068
10026
1467
8040
1701
4692
873
780
1470
2175
747
993
1152
759
2100
990
825
2679
198
360
693
1071
831
909
1239
897
978
1377
774
2697
1170
1161
10182
204
19812
1068
999
1239
1161
738
774
171
30066
921
219
918
771
1497
456
678
924
1791
1566
915
4755
984
1458
666
1152
687
867
984
1155
759
906
843
180
759
918
759
1254
915
1284
13830
993
1068
975
762
849
10089
1173
936
852
687
180
975
699
900
981
1716
1008
1227
1227
5004
1059
1161
909
4596
942
5241
789
25263
990
1089
771
2997
3087
1065
777
309
831
390
1305
7791
1701
1590
732
1065
855
5859
780
1044
951
852
885
765
909
8133
2220
1149
8502
846
750
768
552
1476
171
819
2064
759
945
834
267
1182
1011
762
825
909
675
771
984
915
993
756
993
6888
25113
978
24063
681
690
687
843
924
1311
8169
1251
180
2373
678
987
735
909
852
1101
40059
2301
663
1020
861
1119
681
672
615
915
2694
840
2799
831
765
909
678
270
600
861
9495
1071
987
648
1158
864
219
1413
981
822
837
297
1131
660
261
1128
2172
1563
1083
735
999
828
1155
897
816
975
1245
981
912
1464
762
762
1551
669
258
50379
699
1251
957
1623
1404
927
2289
21477
1653
183
1188
1248
753
13680
771
783
996
825
927
840
1152
11829
831
1560
936
1596
909
1941
843
1305
669
1233
744
786
981
1176
831
1215
918
1098
408
843
1014
1083
993
2136
231
2061
825
999
837
1212
762
648
753
16425
768
831
813
1332
21648
843
28665
1176
891
1014
1641
1140
52353
837
828
1605
186
3030
1161
1161
12699
993
774
1017
23694
1248
2013
1053
1071
1740
1239
1092
3558
6471
672
759
1068
2082
849
855
999
645
1722
993
894
840
246
843
1827
1095
1893
1626
765
765
1077
189
1245
678
1308
768
216
681
1584
1056
1539
1143
1482
14106
1089
822
867
1206
1890
19605
4320
939
765
177
1008
1158
849
672
744
1086
585
8163
990
333
1227
225
16071
2259
783
996
672
1899
849
1701
786
1098
930
222
1995
2115
915
897
807
1314
1077
12405
930
669
756
924
2775
1227
930
1014
303
1062
723
852
645
58104
5082
912
1563
1260
1011
24861
1071
666
1248
846
915
1068
912
909
912
1509
1041
174
792
903
1470
840
2622
1245
1017
777
765
414
1080
189
3420
1068
1074
15603
1710
1320
795
1332
822
3027
1083
1920
1074
996
999
1083
840
816
912
1152
834
936
825
1104
1173
999
756
762
1386
1341
1884
11613
849
843
1647
627
1230
696
177
1194
846
831
2130
993
29502
915
672
1002
999
981
1041
2031
14601
852
4344
177
837
1554
666
1092
1044
13776
1149
1086
1137
909
996
219
681
687
1956
258
909
8637
780
1101
987
1167
993
450
2454
3108
768
1251
1269
987
936
1023
981
663
771
1779
1569
1074
1311
1002
918
1086
210
846
1182
771
10266
843
1398
2613
1167
870
999
1302
1152
2178
786
174
822
1317
1308
993
222
771
9750
834
927
996
5028
915
843
1875
765
762
1203
855
819
786
1086
2247
1209
1080
765
2409
834
897
918
23997
921
1017
768
837
4335
1227
912
771
174
681
1077
774
1164
858
927
2070
3099
1134
13254
756
183
1404
1014
843
1395
657
849
1413
228
36720
858
1002
993
1782
1227
1011
47742
1005
405
1230
24594
4329
1080
936
765
1380
1413
26061
1635
2745
231
10221
1236
921
294
975
2076
774
771
759
786
216
810
645
678
10299
831
1302
1152
6276
1251
768
14745
2157
1074
936
1185
921
921
1296
768
4725
180
5613
13122
1284
1269
405
16965
1107
1791
756
1170
768
1005
2184
846
921
693
852
2412
834
705
1458
843
699
846
939
19362
903
1560
10767
996
1005
30111
2094
1473
768
999
252
867
777
930
687
738
840
984
297
11169
1020
822
2700
27504
993
675
864
1071
918
1350
2625
1224
927
2199
759
1494
1233
780
1101
831
1074
846
990
1209
843
1077
762
2037
225
1152
987
1071
1092
231
693
33438
699
711
13134
759
1080
73623
2145
4002
1176
1248
699
1419
189
1842
2607
7209
840
1275
3027
765
1149
1320
10260
7143
2061
11016
1131
10146
1497
1521
846
942
717
963
1194
1368
663
852
942
936
729
180
8061
1989
1152
990
1002
1098
8904
771
8682
1203
1008
1476
993
696
1017
834
5961
32538
768
723
183
1233
993
1317
20208
771
186
849
996
708
1002
1092
783
1173
927
927
180
42879
777
900
621
867
1272
654
921
225
1158
12261
1032
2016
1140
777
999
2436
29271
5091
723
1077
930
750
777
16491
768
1017
225
771
855
9144
981
1857
375
1011
2313
927
693
885
1008
975
939
837
915
219
5670
618
765
840
846
1647
843
930
1392
411
1014
2169
5370
936
942
771
720
327
6003
708
924
840
21507
1158
23451
999
1311
1224
840
1623
8889
1953
858
933
1206
774
228
912
996
696
993
1893
933
699
1332
846
2034
15255
1440
990
1557
1074
1152
1071
4128
849
771
174
762
4713
768
1317
921
1782
687
846
615
861
216
11610
747
1110
897
1089
180
7431
987
177
747
762
846
1404
777
1005
675
6882
912
846
1107
1071
996
495
834
180
1068
768
837
1158
993
1083
915
690
771
921
1014
2079
792
1014
1140
762
2178
2061
1635
717
1080
765
909
849
1257
1008
1014
918
1476
1236
846
9099
930
828
1068
831
849
978
930
1395
3870
1008
11505
858
1704
7479
1008
846
858
759
4431
780
1647
43890
321
1137
627
1464
918
4437
942
609
909
1221
1077
990
993
723
1152
1179
402
11970
711
1680
1308
1707
921
954
831
780
732
1152
222
1065
981
927
1485
1056
978
699
843
17682
1647
1005
26202
696
1074
1008
921
2091
1404
999
291
8331
699
180
819
2040
1080
924
30648
1023
1086
2796
1371
1227
216
2379
1452
417
894
2469
861
762
183
912
774
1005
951
780
993
732
249
942
8601
14376
750
1161
1065
927
25752
825
765
753
735
7221
1143
915
177
1167
996
34074
996
615
651
1158
2088
1245
1956
915
927
687
1155
1008
999
921
1080
990
765
327
702
843
843
1011
4134
2277
849
846
1743
846
801
1059
927
1401
1173
2334
1062
10698
1011
1140
2004
18750
1209
1245
1611
1689
702
759
837
1698
831
1230
783
873
777
1077
996
1146
849
912
186
1143
1068
981
1077
216
20487
9870
1146
1887
1026
699
720
50403
1149
723
699
1728
843
846
1332
1395
846
1017
699
1527
834
1374
1233
2502
798
858
765
1398
1089
720
1479
1062
186
849
1074
942
996
1155
780
768
14928
1023
897
708
762
1065
1155
1080
924
219
1083
765
777
1029
684
9717
1242
1068
1638
843
2637
15180
996
2151
744
1080
50811
747
780
753
783
2463
846
924
774
1077
8472
771
993
918
225
759
1260
918
1182
1869
1002
912
2481
924
696
3942
702
1080
966
171
1377
747
783
780
783
1230
1200
993
717
768
1002
1791
1146
990
10869
1167
999
930
768
2562
978
1080
918
696
921
1224
531
1020
1956
846
2166
219
1071
1077
1053
1146
216
1143
171
1161
918
837
1218
2037
180
864
843
843
762
222
13383
1530
1485
861
852
693
924
9132
1089
1212
921
1152
843
1149
1140
765
1062
1452
1464
1629
855
15810
783
3813
786
192
56001
3477
834
177
2235
987
921
11475
1785
1008
4737
621
915
849
1149
1023
192
2568
915
303
17196
987
930
1143
9504
852
771
909
1086
1668
768
1452
19356
13221
228
762
843
2019
1005
915
774
19488
912
699
858
1146
1008
849
1149
837
1620
1191
762
705
858
1083
924
834
1233
765
693
1092
1197
1074
411
981
780
930
303
1071
1470
915
963
918
1080
909
1077
849
1161
249
981
225
5472
771
8043
777
1140
909
2007
852
846
1740
837
774
852
915
771
762
189
888
999
690
38193
5754
834
768
924
1236
774
2253
846
1386
1086
45900
786
930
852
774
777
696
21129
999
1071
2091
987
3696
1239
936
180
990
2022
996
228
1617
804
627
1056
14283
1062
852
789
1002
843
1005
927
6825
12396
2322
903
1632
1017
765
19581
687
807
846
1011
38793
783
699
3822
1161
1236
843
1644
174
33834
18903
180
927
840
846
1533
1152
915
846
804
774
765
2121
1560
750
1149
768
11280
1155
2658
768
921
942
660
831
708
1053
774
183
1602
