15:0:0:0:0:0:0:0:0:0:0:0:0:0:0:0: (total 3)
0 2 4 Thread 0 going to cpu 0
Thread 1 going to cpu 2
Thread 2 going to cpu 4
going to barrier (cpu 4)
going to barrier (cpu 2)

STARTING...
going to barrier (cpu 0)
STOPPING...
Duration      : 10000 (ms)
Acquisitions  : 26892015
3393
219
525
1974
210
219
495
522
198
207
1197
2658
1134
5061
2556
1713
6255
207
303
306
204
5157
7233
1785
216
216
486
393
213
213
303
1557
17433
2592
1866
609
1269
10803
630
210
2325
519
777
2340
2997
2526
4221
1032
297
207
2031
603
594
1290
600
2292
1638
609
933
1287
3834
4038
291
6033
375
510
381
297
519
510
294
5298
1167
381
204
384
1455
3312
207
561
849
915
636
294
390
1107
1638
495
288
1110
3723
3597
684
1776
1509
1182
2586
13077
3729
1524
1119
3759
774
741
297
558
294
861
6615
771
777
4668
921
1380
210
372
2538
195
4395
2838
201
1683
378
201
846
3678
858
528
4584
3537
297
3834
2739
588
9480
516
2706
1434
384
1374
1353
777
213
5622
2190
2466
1188
387
2265
213
5199
11562
2877
2274
2118
1458
1113
3111
1170
1293
771
2061
1926
6711
2343
1545
1878
693
297
1254
2745
1434
1212
777
2574
1836
210
2565
1440
525
597
4359
2376
204
11118
468
513
7884
519
591
3000
4155
1452
1593
1770
4836
291
2157
1461
2700
780
297
207
381
2958
384
213
4230
207
471
597
3375
3492
1716
2139
954
5889
3813
5019
516
945
12411
201
207
1662
507
288
4896
2043
4329
207
906
210
207
1683
1104
207
384
555
4209
1347
735
2730
2127
3837
204
1920
1272
555
2379
4644
204
2850
600
204
3117
201
513
1782
1785
2037
3156
4008
687
297
3015
777
513
3225
5085
2799
2760
387
4278
207
1446
519
1686
3771
3837
201
672
204
3702
1293
9810
690
507
1032
1794
906
1113
927
531
3732
1104
2646
1179
8364
1038
786
1350
210
381
2919
3057
294
1359
1026
825
210
1920
2172
288
3111
4119
519
3819
1353
951
3921
2037
6906
1071
600
204
204
5115
1518
3870
3609
486
207
393
1683
678
3873
3609
486
207
393
1683
678
4587
2211
1725
594
2112
1584
291
201
2181
1365
2106
5964
600
2658
1269
4770
645
210
213
555
213
516
2955
216
1014
474
687
2700
207
2625
210
297
519
945
207
2502
2265
369
855
294
3486
201
513
1965
600
1182
942
4125
210
675
210
1164
2790
5043
930
210
738
951
483
2457
6756
1098
2157
774
4569
3612
7041
942
558
201
1023
2889
4044
513
2457
210
684
600
600
867
771
1509
507
291
942
549
297
3432
204
513
1260
300
1098
1203
4692
1188
4536
1038
1695
1038
384
1080
3600
603
2508
1518
672
606
918
2199
378
2691
291
507
3501
2406
1515
3879
474
936
11088
204
384
1530
513
294
2028
300
210
1191
2610
381
2442
5610
2205
603
510
4146
2691
4629
3231
3108
606
1602
1203
201
867
2934
5355
999
684
1203
945
210
6339
207
210
690
4704
777
300
2853
3675
2157
204
1680
291
1128
1698
1410
1257
297
936
1005
2829
378
1791
1263
4284
513
1269
4569
297
735
5130
777
3702
3501
3789
7197
207
207
1608
1515
597
1695
1506
201
3735
1458
2415
3810
1503
1371
3969
3987
516
7050
7008
6597
2385
1446
8613
1446
516
207
909
207
2514
774
774
1923
1179
1362
210
1287
1635
204
1356
513
2142
516
1005
3900
2481
1845
2835
687
7434
291
1083
192
5991
606
219
1692
3162
3030
2085
513
777
210
516
297
294
207
1128
294
384
1224
1173
2532
597
1104
609
381
3447
7038
201
1614
2049
3294
5841
2703
1854
1527
864
1512
300
513
516
1629
5379
5082
1179
471
10635
951
768
1011
207
210
855
507
513
3336
2094
3384
675
4761
6309
1173
1947
6240
3084
3192
297
1893
1431
387
210
207
483
606
195
2262
1014
1182
210
1191
1200
3741
2025
2715
3375
510
2916
645
1032
2655
2517
519
4173
1947
3900
3531
3552
3297
4983
1005
291
1590
384
735
768
4149
384
2040
1353
2721
297
516
300
297
1455
4311
2034
651
207
2739
201
501
4641
198
768
1149
3489
1995
4029
1944
507
2463
5781
507
2628
210
552
471
216
531
210
210
855
867
2175
3903
1842
6306
1122
396
4989
3732
1362
1497
375
510
378
3945
681
291
4062
207
1260
4305
1437
3798
3942
4710
210
201
297
1287
384
3642
498
456
297
1611
1857
210
594
384
1362
858
1839
207
201
1272
9327
3354
210
681
2616
684
3837
1350
291
3219
2910
1116
912
2427
1032
207
3882
387
1182
207
774
2091
207
6402
2775
909
609
204
1359
6285
1974
201
510
591
3114
288
678
204
510
2277
1596
465
2145
1023
774
207
204
7293
519
7932
1536
3834
606
4950
1284
1779
474
210
297
2427
1242
204
204
855
594
513
855
3180
6030
1026
510
519
5511
294
1176
921
207
216
1608
600
513
213
600
1362
603
510
207
648
603
7788
3123
297
774
1929
1662
207
1116
3105
198
1974
3012
4002
2130
1776
1356
684
4194
1734
468
771
1275
3993
5775
1518
3975
390
2301
855
1380
513
6579
522
204
2193
2415
384
2106
510
768
198
1035
1080
2091
1587
507
2127
1197
918
852
1341
9198
2112
384
522
2712
207
2445
3708
300
1011
738
603
2691
210
3612
4137
210
7080
1287
681
2040
1926
516
600
783
3483
912
2109
201
591
201
1206
684
3081
1209
474
4191
1377
567
207
300
1365
3678
384
1764
210
1083
207
207
294
4398
2733
2562
288
1935
1683
204
1098
2097
2196
5706
4086
294
678
2232
1842
1590
207
1176
1032
294
1188
210
1032
210
1533
1101
387
858
603
774
4635
867
2337
2343
5559
1437
774
2916
7320
201
204
18672
39453
213
204
210
216
204
402
8169
11250
573
1407
1197
393
219
216
3858
1290
309
1116
1020
687
1017
369
1014
375
5964
3213
3360
507
525
2595
1212
210
534
2436
3480
204
213
213
1878
2055
4929
6777
204
507
5631
198
687
879
684
4377
1005
285
1716
2934
507
204
4389
210
210
552
8229
522
1152
2310
519
14091
510
210
1089
381
201
1695
1251
1356
957
921
375
5619
2301
210
1860
1185
1485
2334
3012
3021
1590
1704
204
1101
2748
2640
4542
3579
216
549
3729
1902
1266
1311
1011
3519
723
213
210
7347
168
1293
3636
1083
207
3015
1368
729
198
4779
474
306
576
540
531
303
1395
744
216
198
303
213
744
465
573
312
4473
219
2850
2160
612
216
1545
1209
1107
1554
300
2547
738
2643
3270
516
213
3657
300
825
219
219
390
975
5109
303
567
306
213
216
216
5094
4482
795
630
525
555
528
615
501
204
6834
204
525
213
213
213
204
531
1062
2109
534
1044
222
2355
204
1158
807
5763
2616
507
519
519
2772
6579
219
216
2244
1785
3633
510
522
894
549
210
525
372
195
381
2067
201
1944
204
3942
504
1701
372
375
690
3804
207
3348
2559
522
1842
867
942
384
1710
216
195
471
282
777
540
282
213
2865
894
1932
513
2097
2088
1275
687
3732
4260
372
501
7212
204
765
3378
3054
3636
207
507
861
4416
609
2508
690
2517
513
1488
552
204
300
1698
3375
210
1365
294
210
195
213
213
1296
957
2757
951
201
945
4074
771
3798
207
5979
4203
8001
594
2784
5175
1926
1020
213
381
549
2283
600
294
723
3753
213
11160
366
528
2997
207
15609
6603
204
207
858
1197
1011
204
3954
1263
594
4515
2214
3459
522
4578
5415
207
687
1446
297
285
1956
600
1362
1533
210
7971
1434
1539
210
900
1014
3030
2931
204
291
522
7164
207
288
3267
780
5781
291
381
507
615
1179
9792
594
2094
1611
684
1446
297
285
1956
1362
384
381
9663
195
381
384
771
603
1563
2571
1878
1008
1416
288
1014
606
513
3306
597
1095
1215
1011
204
456
204
288
1086
603
771
210
3033
375
207
600
213
3018
3951
204
213
1428
5115
513
210
2586
5691
207
3363
204
204
372
510
210
687
6996
204
3744
201
291
522
2970
1185
726
207
513
378
5535
711
2433
726
207
513
378
5535
711
2433
8823
1881
1092
4152
201
3624
519
2241
9039
207
507
795
1065
510
4899
1335
3024
1797
9450
1914
3678
207
2283
3951
297
696
705
1014
4011
2424
474
381
1377
1095
1179
198
2343
1695
1287
378
594
2895
9951
207
921
510
297
192
2247
213
297
210
771
2055
4929
2124
642
3759
702
522
192
207
1695
5451
1176
945
768
2283
504
204
687
1623
3186
516
207
2718
2466
2175
525
3690
1419
780
213
213
2361
387
681
1611
1707
567
393
210
2757
210
2178
3129
2616
1431
609
201
1281
852
603
204
195
3474
522
594
201
195
1848
1173
213
198
981
213
216
381
216
1188
477
2652
213
2499
4461
5523
210
3204
954
375
669
804
1668
855
2571
1347
204
1869
684
7104
207
204
2820
213
516
4413
510
213
366
528
195
3423
2106
2277
375
192
210
210
297
3693
783
210
195
957
1188
2538
201
528
2706
606
693
207
2670
192
3195
204
507
207
906
2376
1626
7644
6306
861
1593
2112
381
207
5049
558
384
2358
207
381
1272
1458
693
2760
1932
471
6849
207
504
201
1032
3252
8562
525
2244
3105
3933
288
2301
204
1710
192
2901
210
1380
525
210
198
213
207
381
207
1353
366
201
207
216
213
384
381
288
11136
5706
3276
717
201
4218
594
1089
204
3375
2535
948
765
615
510
1767
210
279
192
381
4155
2958
210
474
7434
468
2097
198
993
693
204
8664
522
210
675
1215
1845
2826
1254
10134
876
1749
516
594
2091
291
906
1200
369
2832
291
2103
513
468
513
213
795
9732
207
2856
5556
513
297
279
564
2865
522
213
510
2505
1518
1233
198
195
1596
606
201
198
597
606
1380
201
2439
516
687
4233
522
7206
297
1695
525
297
210
522
222
1086
1182
207
597
1299
213
2223
207
1251
2352
1032
204
4935
375
7926
207
1002
954
1488
3537
1461
513
1092
531
771
279
510
210
381
558
858
2397
525
7347
294
210
513
858
213
210
195
207
609
1782
4785
1455
204
507
10953
8535
4056
1614
1431
2112
201
4551
2187
3579
2430
381
207
207
1005
2511
510
198
531
2217
522
210
516
216
381
192
201
1002
192
912
2637
1518
513
3261
2382
1356
2829
4032
2625
510
1269
378
195
600
3822
381
210
10986
384
387
213
192
5820
513
300
2277
2217
381
213
207
3243
381
4428
207
2280
522
207
195
525
3129
201
213
603
207
294
456
1089
5682
1536
210
684
510
201
678
2718
1098
2688
3777
945
204
291
2772
12675
204
1179
948
210
1617
513
1872
213
198
774
2625
10389
192
3843
4500
2901
210
210
987
528
210
7530
6285
6363
4857
2040
3969
1275
204
963
201
4563
5394
1182
4713
381
213
14763
198
381
381
3276
4617
531
522
210
4608
3684
210
1002
5535
1050
2937
204
369
375
375
2283
1008
1830
375
4725
204
1926
2442
1695
1287
384
1353
1086
216
642
2379
768
381
1269
297
4131
207
381
387
3528
381
213
1935
204
1791
594
1434
3336
522
1263
2700
516
3339
3804
678
291
465
468
1782
1122
213
516
207
8223
216
1410
207
378
213
381
522
2661
1608
612
609
198
297
4998
3006
1083
1431
3138
678
2211
1698
699
4836
2601
1686
2775
1380
777
1572
288
513
3132
5274
516
204
2895
2376
3546
2931
4695
207
6639
690
3294
1020
1704
639
855
2262
207
2853
1365
3402
1173
3828
1002
1515
768
2136
2235
507
522
204
288
4356
888
201
3363
4047
1008
207
693
1086
210
210
2205
216
1614
213
210
207
213
2013
4983
213
606
693
999
294
948
954
606
522
594
291
1137
687
207
1008
507
2787
2769
507
1104
297
2466
1557
5274
7848
210
864
213
873
213
1671
300
693
213
300
282
864
207
7239
681
513
201
1575
3528
1005
1008
6597
858
4587
1002
291
1212
3186
867
297
210
471
210
291
1629
4392
1698
951
1362
210
783
777
2391
510
774
606
291
954
7038
2622
693
2631
204
4884
2553
900
1605
2238
4239
2121
1236
216
642
522
282
288
2751
384
2199
381
1977
522
5433
381
1350
1356
942
207
594
8511
288
207
528
11553
2439
1533
1257
207
291
774
786
1356
297
4536
2703
1005
2439
1338
210
1479
522
468
1011
3900
6762
1980
213
1677
2118
1668
1560
921
606
690
1698
9843
603
516
1791
1389
7554
1266
1434
303
207
1011
2763
642
606
300
210
1044
381
783
606
198
2250
213
213
4029
636
3375
1179
954
3825
4383
552
690
690
777
6414
201
516
1092
8910
1104
1512
210
1350
2574
213
210
1014
210
780
294
1527
1215
11298
3192
300
3351
216
291
210
762
1797
3492
516
468
3594
7539
942
2400
3423
774
2547
678
6909
1299
207
288
204
6348
765
5760
1098
291
3756
204
6168
1440
297
894
297
210
960
207
5325
1899
210
2835
2535
297
783
297
597
2583
2856
1524
594
2181
1164
3846
1188
207
204
1293
201
2790
3003
1266
378
384
1368
1620
1410
702
198
1620
2082
5274
3051
1836
210
210
798
210
690
1761
858
2910
291
804
684
291
507
204
1125
867
3720
867
1194
2856
864
4050
1056
1509
513
213
1836
621
732
3693
699
6192
1107
4743
522
1545
2250
4749
1212
2205
201
603
3120
4620
1752
1707
4935
3174
861
1092
2256
1086
504
198
2511
204
696
861
528
2028
519
1020
294
4356
468
5073
1353
207
513
2790
4668
519
3531
3429
1863
1230
1482
1431
915
1089
690
507
288
207
1965
2523
4056
1620
297
213
612
1044
2184
1050
531
606
1941
210
4158
1125
1623
2988
5430
519
1122
636
606
1014
291
3786
1392
858
5406
1317
927
5664
5376
1884
3846
4083
210
777
777
4728
6681
297
210
864
1272
4881
2310
1524
1092
2544
1662
1368
5205
774
204
1254
213
948
609
1860
1164
2112
5508
2088
1581
1974
639
210
2187
210
207
3765
207
696
1179
3132
525
210
294
612
2787
1746
2364
5439
213
795
471
381
3252
297
210
300
1356
47445
1038
2007
11274
1926
213
5097
303
4911
1113
1029
201
3177
7890
1944
480
609
6735
222
384
717
567
11592
798
294
294
219
654
933
528
1041
1803
696
2256
10884
558
219
558
216
213
219
546
489
216
1218
4524
6213
3405
2013
3546
7242
2199
2181
5940
2355
1113
1788
2562
2826
2172
216
810
1779
513
4491
2076
210
210
210
813
210
516
291
1428
1935
1710
207
4380
909
690
513
858
1671
2835
768
1446
600
207
210
297
10197
210
4263
294
612
2619
1107
1710
1062
1824
207
297
1371
1527
207
519
291
2259
6348
1128
2664
1869
3027
600
2172
1098
291
1179
1170
1038
522
918
213
213
1281
297
693
1266
987
1836
213
1491
855
5907
3969
606
2217
2739
5076
513
207
2487
4965
4941
2982
288
2406
3549
210
771
3432
5625
777
2910
678
294
8184
1008
1134
294
513
210
1170
207
294
384
525
207
609
957
1851
201
2718
600
777
1518
507
5379
519
1776
4104
690
915
201
1362
6855
6216
1710
5772
525
693
867
1605
468
384
294
945
4200
210
699
297
1179
1800
3855
4116
858
1845
3513
597
5598
513
378
1041
2271
204
1167
2538
2613
858
612
2721
5295
2712
210
3846
384
2355
510
1542
1596
285
1944
945
2631
4776
1230
603
4179
3645
1089
291
5571
1701
3651
516
204
1122
2322
3660
1338
1179
1266
207
5049
702
2118
1350
2031
612
213
210
2916
1953
378
1038
525
1779
210
789
600
210
1791
3363
204
4005
549
288
2823
207
8565
771
1935
471
522
951
1479
210
1698
1533
2184
210
861
600
864
1065
210
600
210
207
210
6705
204
3555
861
780
204
690
4764
2550
4362
516
291
1119
2808
3849
213
4179
1869
5040
297
294
294
1533
297
525
7485
210
2775
381
2403
1260
2439
594
3348
288
861
1974
507
378
4521
1350
687
201
1167
294
1008
213
2067
516
618
636
2442
213
8766
954
864
1068
297
9231
3870
918
1920
204
603
1335
597
1575
1341
516
198
4803
6999
4680
1254
1176
3942
522
600
1428
381
2064
1005
603
2427
2343
699
213
5901
294
216
300
207
1950
2454
2106
942
864
1428
5520
294
4176
1095
957
5520
294
4176
1095
957
1461
984
597
213
690
2913
2028
615
5166
696
2217
1272
198
210
606
204
777
948
6192
6111
780
1260
3429
1227
1170
633
8058
1821
2175
2856
690
2643
507
1176
780
2769
4683
210
1527
1212
8460
297
780
219
297
210
378
210
2094
2640
681
6111
519
1122
636
606
207
2070
4341
2316
525
1494
513
501
5826
8541
525
2946
513
2556
1101
1281
681
381
216
1254
519
1044
3465
5652
4386
690
519
1020
519
1182
597
600
1353
204
2508
4431
3009
1002
6282
1005
7335
207
6666
2103
2532
1185
210
207
1626
2025
216
