255:0:0:0:0:0:0:0:0:0:0:0:0:0:0:0: (total 5)
0 2 4 Thread 0 going to cpu 0
6 Thread 1 going to cpu 2
9 Thread 2 going to cpu 4
Thread 3 going to cpu 6
going to barrier (cpu 4)
going to barrier (cpu 0)
going to barrier (cpu 2)
going to barrier (cpu 6)
Thread 4 going to cpu 9
going to barrier (cpu 9)

STARTING...
STOPPING...
Duration      : 10000 (ms)
Acquisitions  : 17418870
210
789
525
510
17925
816
14907
255
174
402
2073
258
54774
288
213
204
387
174
291
4185
171
5244
519
969
636
606
435
543
363
21291
177
204
264
435
291
540
183
9870
687
282
213
663
6828
4119
23133
621
25734
372
207
201
165
903
696
60282
67986
13074
381
948
435
342
1041
381
19173
207
4110
294
198
201
210
441
321
465
261
348
489
171
264
291
333
417
26277
660
201
207
504
204
462
486
297
444
432
429
201
342
216
186
258
519
504
171
378
498
258
39195
657
204
393
189
18612
486
174
585
255
426
279
450
171
279
324
2334
1269
540
189
540
14739
171
47223
180
2016
9999
429
207
249
249
40611
1125
13662
198
756
324
180
291
483
39468
207
294
1446
16188
204
351
624
210
174
165
6102
6504
1008
969
651
297
522
213
294
357
252
528
195
201
180
261
552
204
444
261
297
351
453
43242
264
5583
291
29409
171
55377
249
12861
354
201
267
360
25239
291
294
621
1803
546
471
378
567
210
291
2148
21669
297
504
204
204
207
369
384
207
201
186
93606
342
48159
432
36678
201
28674
201
12342
288
828
303
282
1815
363
951
654
219
438
807
363
210
216
201
201
453
174
345
14703
204
228
294
264
189
1668
207
948
294
270
603
11283
783
12066
453
65289
219
216
25425
204
27381
420
345
28611
204
177
33231
4152
450
201
165
216
333
546
174
297
750
258
7068
83577
408
444
882
576
537
342
29979
294
279
210
531
981
636
381
363
501
207
384
261
429
291
267
903
1290
252
369
2166
25077
453
393
201
621
291
732
46188
180
213
210
1116
351
525
438
861
88368
450
759
288
204
294
285
168
522
315
117705
357
693
567
31554
288
204
966
207
339
177
294
255
1134
258
354
429
1071
37068
285
264
789
50814
171
810
540
531
207
291
291
438
4842
2646
291
1056
264
279
285
204
291
264
61353
288
17229
531
786
4392
216
363
681
207
519
303
267
207
204
294
216
204
204
7692
342
207
510
543
9126
1917
216
579
915
204
192
201
357
615
207
177
219
318
555
912
978
837
291
1419
201
945
603
261
654
216
492
315
603
525
183
336
1470
807
303
444
27591
204
291
13365
567
2274
210
25014
2112
285
210
11700
294
186
198
213
672
906
276
855
264
258
297
528
171
837
309
747
32898
348
177
498
351
378
63033
1050
186
1041
19287
291
171
267
1593
420
6096
621
771
417
516
621
29277
20865
342
255
204
177
345
618
4935
300
324
681
660
207
1779
261
510
7818
291
261
216
483
19683
258
204
31896
300
348
297
279
630
543
456
849
762
525
456
588
288
285
303
618
438
7377
9486
324
321
204
924
279
204
474
177
369
747
264
372
408
327
177
279
297
660
210
657
468
59943
456
207
11148
213
315
204
822
4278
22083
204
294
354
438
363
210
279
201
474
291
1233
207
342
1104
207
324
258
5262
1512
55629
291
37911
204
14679
198
348
171
540
801
213
504
498
18357
693
6750
903
261
171
255
210
933
495
2016
291
66198
291
297
348
456
204
294
438
324
201
339
696
786
177
1938
35034
534
291
429
180
288
276
32172
771
204
261
291
369
291
198
219
711
16791
1143
585
498
390
387
384
1017
348
345
435
5301
348
210
750
2793
198
348
681
33840
198
624
273
681
573
432
74586
219
381
267
255
216
291
261
207
519
1119
786
204
285
528
462
795
9366
174
7314
15570
468
342
261
345
204
264
477
588
273
516
294
807
204
279
537
23301
456
999
210
16821
264
264
297
906
366
357
174
3672
12195
297
393
345
711
252
300
258
204
1047
585
216
282
40644
354
213
1677
375
837
168
333
207
177
852
357
168
255
204
213
270
198
25656
294
201
342
5112
687
579
603
201
213
360
3852
213
25965
204
972
786
555
213
525
19782
342
294
735
747
183
186
927
717
1023
558
198
447
23508
210
12030
375
462
927
267
249
702
288
180
201
588
393
426
3255
300
516
381
786
171
915
7668
38637
174
297
372
204
774
204
1014
300
264
849
444
65736
606
390
531
201
276
381
1290
582
180
204
360
669
312
207
207
3768
69891
201
369
216
291
168
216
528
588
456
1014
264
204
381
6270
207
201
342
474
744
540
16881
210
465
684
972
375
10074
207
429
288
29406
291
303
8661
23037
333
273
489
726
426
390
22866
378
1290
267
19671
291
291
1599
879
363
291
267
645
207
639
327
420
207
39066
1878
1275
381
552
366
204
2679
582
39405
330
1038
324
45078
5334
204
53730
165
912
564
420
267
282
615
339
177
210
609
258
495
201
612
606
519
744
50367
6486
378
213
366
207
207
207
690
363
636
294
387
297
177
450
201
2619
29502
933
6444
390
186
453
5763
609
345
345
201
780
7203
51273
423
204
37182
2667
1092
702
7278
5742
198
288
23019
38028
12345
4053
49890
14946
201
729
180
1470
1884
342
759
360
531
258
1161
1383
903
204
333
480
444
714
246
372
540
177
285
354
288
174
633
303
17976
504
6915
501
201
204
207
354
522
207
354
174
522
369
10587
549
1665
1308
399
375
519
201
324
1614
3906
47556
180
345
216
531
1824
40137
372
27093
378
2775
492
444
342
624
2544
198
1134
486
20565
354
546
837
630
48768
540
456
273
555
591
252
174
1473
564
15885
186
270
258
918
558
201
1128
264
429
261
207
210
351
1269
252
8538
720
204
189
1422
171
519
189
207
441
1017
723
189
183
264
825
1011
489
294
171
1185
204
216
171
2592
24639
447
201
966
198
1038
204
1887
249
204
19644
258
291
210
315
255
588
354
573
201
978
654
417
363
195
195
960
630
900
519
363
168
1353
1320
195
774
351
43488
7995
1005
189
513
207
1179
669
594
363
552
4656
420
210
999
357
171
945
195
447
44166
195
489
420
333
201
831
8685
762
186
168
252
1908
441
201
366
291
612
705
171
264
288
447
1311
525
204
171
444
795
435
204
204
480
456
399
603
207
351
393
207
50961
294
174
189
207
285
420
324
201
393
273
924
504
684
198
270
942
378
168
183
258
20508
14154
204
264
735
438
279
681
702
267
201
381
46818
165
384
348
1626
606
1011
294
375
669
168
183
975
267
294
771
1248
171
174
354
171
189
198
450
264
693
195
462
267
360
450
936
480
684
492
525
1011
204
504
21126
480
195
600
768
1311
351
711
297
696
300
507
171
31320
978
207
450
264
171
183
1452
255
549
378
351
900
876
22863
192
291
201
735
1005
1392
96180
477
909
264
294
540
360
891
585
390
201
336
789
453
201
3297
201
201
207
198
519
195
1050
648
336
207
390
49413
351
44310
270
558
759
807
1089
8424
294
249
351
885
201
5685
1071
192
618
168
46752
285
1158
195
207
168
84303
876
666
186
459
1128
633
576
351
195
591
459
534
285
177
942
189
300
291
297
255
174
1230
291
207
1437
348
207
615
10662
52047
651
660
165
708
198
285
207
621
198
387
522
453
18636
195
543
384
294
8712
291
171
48732
525
354
438
168
771
351
531
204
621
1878
42756
1260
306
267
201
267
207
33882
195
1338
828
171
1143
1242
339
270
372
360
912
348
348
180
105135
294
4488
38391
5850
384
432
441
17244
435
477
300
384
20577
447
26757
207
630
204
339
339
258
339
1536
165
411
765
300
18219
24192
345
978
705
546
201
255
618
537
261
840
168
390
198
255
9708
336
39255
294
255
1323
381
339
981
297
198
642
390
522
168
1350
360
558
513
450
363
12228
261
504
498
435
192
201
744
630
210
261
381
459
261
630
366
195
30867
441
633
333
342
516
1359
2253
71643
285
447
909
207
35331
210
927
924
528
261
207
285
276
723
387
1086
528
354
8685
201
198
165
291
31527
4332
207
168
657
618
47604
435
696
492
180
261
354
666
435
1827
32148
210
198
246
207
681
165
936
285
426
201
261
78759
1575
591
672
168
264
258
462
1035
294
1254
207
14061
7860
5274
264
71910
534
510
342
360
32025
34659
1293
201
186
576
195
264
1437
909
339
4281
264
171
207
174
1818
297
201
375
201
288
195
318
255
273
24204
204
180
195
264
285
213
171
198
174
468
990
294
618
360
648
444
621
360
246
387
642
168
471
48045
363
51687
360
1074
5301
381
858
162
834
29529
264
189
438
1164
600
3780
261
195
663
243
498
12513
207
330
19185
297
261
204
672
210
3066
531
252
204
456
171
8268
20361
168
753
198
303
198
330
435
690
22497
369
438
171
498
540
537
90291
195
1026
861
657
252
65769
99660
168
210
39168
177
1137
705
477
198
342
405
429
693
921
342
774
945
447
165
621
201
4923
438
522
363
444
267
1152
807
6429
522
34125
537
168
204
618
53205
5097
516
16818
264
201
357
201
285
195
441
282
201
441
411
7197
51465
354
45870
174
921
198
39864
246
1131
186
18795
357
555
198
3624
450
201
201
468
162
204
678
549
207
1284
192
15375
201
435
438
192
342
1233
261
432
903
32355
636
369
198
1029
690
207
360
612
972
1332
261
411
171
186
192
1230
678
252
528
195
1689
1125
675
201
264
495
255
795
573
354
273
195
480
444
258
495
726
444
303
519
504
198
357
447
1188
18282
42057
1884
110193
186
207
204
35496
261
8055
186
615
171
162
1527
32766
567
204
267
171
19110
828
264
267
354
537
198
201
294
429
6126
519
201
210
369
2052
582
204
588
441
1608
564
351
636
189
360
189
525
360
24405
327
429
13287
453
300
258
189
171
390
102957
351
1404
306
804
708
2106
171
720
261
171
285
21210
171
11232
207
1050
183
261
384
186
1152
294
1122
261
450
450
201
6429
174
294
255
22452
195
1164
17016
1407
195
279
630
1119
261
858
31698
8676
4041
19593
1383
4398
186
723
207
570
261
204
777
195
462
600
192
258
44496
183
261
246
1593
285
1161
942
540
396
618
204
261
297
165
741
429
426
192
171
768
522
273
1014
1056
456
1578
366
912
384
204
315
306
360
207
294
3261
198
198
267
525
732
360
360
516
2736
207
297
192
486
423
294
498
453
426
174
264
192
270
7245
603
3024
477
198
261
204
1350
600
201
537
693
453
3456
594
5469
912
759
540
1254
186
900
291
57597
759
534
438
582
297
273
363
30816
366
459
792
201
195
591
699
588
201
246
33459
201
198
678
201
36849
417
591
6297
636
456
363
273
774
204
396
1170
198
618
267
696
294
102750
543
189
624
168
543
297
306
357
192
618
74586
282
46848
62253
189
201
204
543
267
474
171
78219
495
516
168
531
369
195
198
204
642
435
363
729
204
354
384
930
204
282
204
630
207
201
285
360
414
201
192
29325
171
1110
207
462
324
807
198
195
348
444
171
690
291
384
198
900
294
125571
171
52794
35742
4938
306
9372
171
954
30987
204
264
264
12498
258
330
201
26553
201
381
294
195
411
201
486
86154
201
354
447
513
468
110703
288
195
258
330
498
13947
47427
195
276
369
33312
264
273
162
15162
75882
291
258
453
615
11223
372
273
207
1797
303
276
282
780
168
285
18867
192
264
984
1221
354
396
567
264
543
1569
51387
840
201
201
468
297
447
207
657
201
195
396
68721
585
510
198
777
330
201
351
198
46896
729
201
270
444
474
303
303
1041
62721
192
201
762
459
28014
3282
180
648
384
195
198
486
198
312
399
58563
285
432
621
198
201
378
330
438
462
771
186
309
378
369
201
879
14241
57012
525
501
591
531
621
198
633
858
204
168
288
351
774
28632
264
300
195
543
363
204
88347
24873
37308
528
27894
186
207
534
366
543
387
204
627
285
20781
429
426
366
267
264
1158
798
180
636
82026
975
333
264
43860
276
180
933
204
285
285
294
207
1020
621
201
2268
13032
273
9684
1173
540
297
10332
282
27426
651
900
345
543
795
366
10878
198
462
68049
192
516
531
17301
204
960
387
261
759
345
201
297
345
552
201
792
270
24705
435
357
255
603
390
258
27261
567
204
291
609
261
882
10806
258
22230
408
8184
339
468
23268
36153
363
162
249
870
345
291
35526
192
522
201
885
186
432
603
270
516
192
369
660
270
375
516
62727
645
204
195
1317
195
510
366
291
8745
420
363
201
276
285
92463
453
273
10992
345
666
687
606
34593
204
201
1353
597
37392
26808
195
537
204
291
291
189
1080
1773
354
1287
3792
792
201
168
195
201
20394
417
288
56679
387
867
174
1773
201
1638
339
636
71928
639
204
708
2037
759
342
501
348
285
264
516
23088
381
1035
321
612
10968
23403
276
300
297
171
897
435
372
31422
375
204
360
921
453
807
270
3597
201
28917
366
65967
204
1944
435
513
22827
699
477
1032
192
24027
858
68334
204
195
303
351
657
198
20508
78462
5085
195
1146
66117
366
24435
597
33315
258
747
210
198
35478
981
201
645
567
1221
513
195
441
204
294
165
6804
615
306
759
195
324
339
61248
564
300
384
207
201
11589
309
198
264
681
273
822
5376
984
59724
369
252
447
1371
270
546
198
381
381
207
348
300
450
36156
201
309
21276
699
288
516
1968
936
252
384
11604
561
57831
20211
201
240
288
525
30834
143385
594
171
375
435
498
1452
18450
192
873
1383
597
18783
687
49458
198
198
10707
570
303
201
297
414
651
201
201
291
165
201
294
201
207
333
300
360
201
300
195
708
204
26274
198
624
885
279
18927
1038
561
201
165
372
339
171
288
195
204
882
207
1311
426
513
486
6579
21918
306
279
207
711
498
1020
50793
498
261
198
175788
600
261
24051
618
966
789
198
27984
192
354
1305
210
531
297
201
288
195
297
435
76995
207
1239
189
354
267
87645
207
393
1611
534
258
76767
24507
264
4305
375
3027
63939
783
2973
444
59583
723
195
171
288
1041
375
67425
189
699
198
360
300
33588
195
189
288
12198
444
297
192
765
198
288
912
447
297
561
426
297
450
53202
174
1287
996
104232
348
288
786
465
555
204
390
198
411
282
204
588
198
204
198
72000
441
300
174
375
9861
195
420
1581
489
297
7434
198
201
264
195
543
543
300
2484
387
432
861
288
195
345
357
171
288
297
288
642
297
195
297
198
204
285
195
339
20235
5652
276
7890
261
258
723
8526
807
171
255
204
11424
189
429
264
444
420
264
56253
204
1500
198
198
12873
198
201
4518
1449
474
948
384
198
345
726
27894
195
25977
29448
1524
38676
1395
471
963
354
195
53622
5304
9918
267
708
267
450
387
477
774
204
297
447
4725
465
654
204
339
363
264
192
333
192
207
195
198
204
195
56244
19245
303
267
561
561
777
14112
7557
20082
255
20595
2649
195
160272
342
195
429
438
204
201
453
900
627
288
1944
597
29007
288
360
291
195
1413
249
198
777
1281
381
402
357
204
303
363
27903
363
10992
192
288
270
8238
495
354
207
261
285
267
342
11436
819
453
339
192
51267
198
279
435
294
252
258
1179
264
201
921
435
819
198
192
381
630
6465
171
957
198
249
366
825
204
354
1371
288
115239
1194
267
447
264
669
174
258
357
429
79665
783
28830
5304
285
282
459
46335
696
171
195
4569
189
192
300
22422
198
23640
261
360
618
37860
198
25917
270
264
816
270
207
192
309
513
441
315
450
273
588
441
201
732
264
825
399
201
669
441
267
1602
294
522
32538
79983
675
177
9078
210
3705
171
450
294
16149
954
16479
5616
48723
12612
80172
1494
201
282
204
18630
264
34107
168
195
285
441
516
291
207
2469
1428
294
195
441
690
201
261
201
402
444
201
195
363
168
204
297
294
192
435
104292
195
594
459
210
303
606
657
450
300
19326
201
192
3771
204
201
189
168
198
207
366
37980
207
342
195
744
168
600
198
273
354
64020
168
369
168
198
168
795
297
90297
450
411
408
588
351
447
273
576
255
300
300
264
195
354
363
201
711
933
273
282
261
702
1020
288
198
729
390
23025
195
657
38223
411
165
10209
282
375
39033
33813
34593
354
411
195
77880
480
252
282
765
255
540
240
198
165
285
270
306
204
285
741
381
198
165
201
408
288
264
291
1179
1257
576
678
603
171
267
65340
516
291
246
201
201
291
897
195
297
279
41007
4539
288
297
285
492
19497
201
7968
165
537
5379
13437
291
201
168
336
246
198
369
510
201
558
411
273
345
204
291
288
204
33753
198
201
300
744
291
756
519
291
165
261
252
11163
210
354
204
186
453
645
684
192
1449
210
207
792
252
561
22584
55605
411
285
348
549
192
354
56655
198
396
477
444
29859
9270
405
195
201
261
291
285
594
201
207
363
207
198
477
348
285
195
49218
198
435
519
597
801
207
198
1242
348
438
174
282
585
294
285
255
366
192
759
792
201
12255
654
216
906
192
705
471
447
42861
354
288
8244
9420
291
198
450
195
210
207
50388
30909
30453
204
450
420
288
204
294
291
168
36297
879
201
516
531
762
255
195
102273
291
444
351
204
465
498
207
207
198
402
342
165
303
207
207
198
201
198
201
303
432
441
5109
345
246
1002
210
381
585
348
204
6444
342
984
351
360
351
192
1029
201
58185
171
273
444
198
354
198
300
366
201
1731
288
378
762
321
345
435
351
345
438
195
204
70341
213
198
204
30105
171
165
192
291
195
10587
39969
168
432
165
522
201
270
204
10269
195
5709
17646
621
192
684
384
83121
273
168
207
210
26061
13146
351
945
465
165
258
207
1221
198
447
858
210
270
201
522
555
28029
360
351
822
12378
2028
207
165
441
201
315
282
273
279
288
669
447
195
195
18843
38580
390
738
13263
345
276
276
216
198
201
783
276
201
549
204
112140
615
201
264
204
195
354
750
264
261
3969
372
276
288
192
288
201
585
198
201
531
378
288
363
1068
21645
41775
285
351
17028
9516
68949
378
6381
258
264
162
201
708
24492
14778
87747
360
204
201
38124
915
345
5061
357
306
204
441
309
165
468
372
204
354
204
867
270
429
204
285
279
171
327
7752
195
696
171
288
378
46860
1110
348
570
600
14031
288
396
207
12801
630
348
1524
8259
294
207
285
3303
29883
255
1617
204
816
171
204
168
408
279
291
276
201
357
252
168
909
6756
195
351
195
201
204
291
201
288
171
201
204
201
198
204
840
489
561
201
915
1824
543
79797
285
195
255
876
666
204
207
201
273
612
204
7335
207
198
387
516
249
174
195
333
555
6687
12405
291
342
4278
714
288
291
1467
282
291
171
381
24096
273
597
471
426
351
204
198
204
171
360
381
261
291
408
825
795
192
429
201
279
198
255
435
435
267
255
195
711
348
345
363
534
201
7251
345
201
210
681
204
402
516
438
204
411
501
891
10962
1212
612
942
669
285
627
363
204
168
294
342
291
282
366
171
282
534
204
192
201
100323
840
309
252
354
1431
357
1077
861
2499
912
195
201
195
810
282
288
447
201
3708
171
540
276
291
17892
58698
4797
282
198
204
5940
198
252
198
192
282
276
1440
390
276
273
186
2676
246
201
33414
1041
7362
168
1413
363
438
597
198
210
1311
3405
585
387
990
288
357
1422
285
363
204
1092
1128
201
378
207
264
597
195
354
495
507
918
207
597
471
429
9012
201
678
1410
369
168
567
22827
408
91692
345
9591
591
624
192
204
198
360
21027
195
21975
207
279
207
6921
192
339
288
21006
3807
435
993
264
495
34482
600
294
726
240
276
171
20811
345
168
198
192
195
34020
8433
30228
195
192
348
255
285
201
273
201
1104
198
56676
2124
1167
204
648
210
744
192
609
345
240
414
897
969
291
288
390
348
285
201
297
204
288
12078
51423
360
201
198
261
603
360
201
342
198
294
204
774
570
195
1848
204
201
207
1239
813
198
291
393
519
195
54711
1467
348
53892
882
2577
204
1158
5535
168
195
210
717
210
18357
288
5268
273
477
252
192
282
1110
597
165
1677
21084
9336
525
192
207
2082
330
93012
201
294
192
201
1593
1284
504
249
684
4050
513
159
204
3243
363
1503
168
207
15129
747
291
546
267
456
204
1176
405
822
504
600
288
213
447
2394
204
735
16140
282
204
411
291
189
291
198
720
192
3894
10512
195
453
201
285
1362
285
288
198
26106
282
19131
690
930
201
273
288
465
252
201
306
210
195
459
204
741
165
30774
273
531
201
483
204
7638
204
1188
501
702
369
189
201
1065
273
624
26991
15516
339
858
897
291
204
528
369
40092
35829
762
10068
1242
1245
51636
873
615
543
453
1092
267
18483
88635
186
267
648
741
198
39441
186
1119
354
483
363
360
87798
47172
381
18303
10653
2868
174
189
612
33669
288
43677
1086
288
537
288
5292
183
210
2079
333
288
339
831
279
456
273
31422
591
297
624
168
180
270
276
54288
441
369
56904
618
276
255
435
49686
546
30372
657
183
528
1269
744
10941
276
13173
14946
465
6150
76815
186
34029
702
366
741
354
285
19077
174
93831
180
174
996
897
546
972
186
4368
43311
61836
174
16722
702
273
339
44136
516
10659
183
2262
450
1263
492
35316
8856
363
633
47349
351
3039
1182
7509
4125
159
351
19383
12126
615
369
37041
48726
462
19557
426
360
294
447
18456
189
192
77994
177
9522
714
204
1305
270
534
53145
267
276
1173
663
23973
264
801
444
258
723
285
24189
17142
186
555
1167
462
10215
103209
915
106569
186
192
279
174
186
31620
40212
372
17091
696
378
183
510
456
1233
5205
360
825
468
180
198
43680
723
45006
180
38661
1008
435
372
351
9189
2691
189
189
15819
357
255
360
261
4092
177
720
726
12534
276
10524
471
2880
26808
369
186
540
810
41121
426
26814
186
558
534
123270
25125
12603
54570
25857
46683
192
171
744
174
288
72381
43353
453
954
1077
276
465
1014
357
32643
57630
26334
531
4107
882
1443
183
12699
444
723
465
16998
180
180
171
30897
537
537
279
43728
183
435
348
29409
654
633
171
1407
50070
9630
621
9870
25638
180
48018
68124
438
282
24078
19092
639
1857
267
357
282
189
48366
18630
177
56817
672
732
1248
192
198
264
118341
186
462
699
1683
22671
171
101880
951
762
177
459
924
363
549
5040
264
139791
186
186
351
25938
525
11244
119820
270
25542
255
360
180
165
4548
363
282
49518
444
17946
10695
996
187236
66687
378
264
351
45597
354
273
115164
51786
546
183
270
630
363
162
28815
540
354
20157
1368
360
723
450
4395
27564
180
282
1245
450
525
354
4416
264
10947
270
270
22446
267
279
51861
348
792
291
195
11298
183
921
10599
351
192
690
849
993
37149
180
474
897
1260
47319
9168
180
759
74514
12270
480
981
192
183
1356
4761
525
46458
459
1344
48090
171
10419
459
717
208764
54555
1437
348
189
168
90612
540
348
114996
438
921
177
612
31764
37326
44655
348
258
186
58284
357
912
273
26556
522
738
183
27309
80325
186
456
11766
990
345
546
993
1506
759
684
21159
180
363
717
288
720
300
21390
2916
366
273
180
702
282
40497
357
25959
141237
189
555
39288
720
261
651
20892
471
86985
444
159
162
270
11322
20937
621
534
180
189
1086
189
192
46869
522
192
270
19521
12051
106356
186
30330
282
19299
345
264
20010
183
366
22230
798
19551
447
28905
183
189
72024
8256
1335
3390
1668
636
249
363
8085
42189
279
12150
45063
462
189
165
192
1803
6375
282
285
282
627
348
282
45309
28173
28665
173577
810
174
279
4938
8814
258
79659
267
1059
177
639
963
23904
279
5898
432
20526
174
435
270
21045
6492
46473
522
465
735
14772
2370
53754
375
180
186
903
381
534
11901
12162
2436
2133
897
15300
10083
273
12600
7779
462
366
64449
28722
198
56034
372
20523
861
180
375
183
40050
5409
8985
3918
456
366
702
26730
348
261
291
35244
20457
726
282
252
792
297
387
15366
285
180
435
996
366
258
6879
15819
23487
360
375
186
10356
441
38877
3804
22656
807
40134
618
276
282
37698
570
720
447
192
375
186
61881
19614
68655
351
540
1311
366
375
363
29319
2277
306
279
5223
192
546
696
165
21483
186
705
186
615
564
582
189
21831
894
165
183
30504
1134
2652
990
9996
783
183
171
813
264
711
567
58035
378
162
375
180
64725
513
351
189
168
8031
720
360
1764
1635
12288
4200
891
459
1218
543
8790
261
276
444
447
61068
38253
789
723
17751
279
37944
627
444
12753
21147
270
180
174
61341
546
270
270
435
186
183
288
28629
444
921
70266
192
276
276
282
15087
360
453
49923
171
2676
540
1386
43161
1197
363
366
348
1287
9534
180
122829
360
26802
25377
291
360
7353
3033
24945
654
186
927
112467
29091
28140
537
95700
124797
19650
168
279
438
8205
378
10242
186
39360
26457
261
32979
12300
441
13080
5832
441
46107
429
34572
465
255
20922
177
444
657
52785
195
258
267
50922
111078
21369
74265
180
16620
195
40008
27375
354
30429
1284
3309
477
441
357
18048
438
354
180
528
4983
351
4908
34479
1053
534
59211
3090
360
618
393
43047
16944
45780
843
273
261
447
22578
11361
22977
369
276
186
1053
189
19053
31092
282
183
447
24915
447
819
180
8607
288
21222
279
354
1521
192
561
3957
537
276
273
186
198
561
483
7851
8331
7023
189
723
633
165
50823
24228
165450
450
79656
813
4017
363
178695
15465
78003
258
183
684
678
267
14448
148626
267
273
363
363
1884
822
204
44850
717
447
279
183
624
270
1710
20586
157386
441
16779
15417
4377
177
294
459
465
990
450
264
540
459
41952
59082
54729
972
354
186
1008
468
645
64887
576
633
19176
654
558
834
68256
15378
507
270
354
183
804
40725
1059
109701
360
198486
1326
258
366
39705
993
72948
279
35616
447
1071
549
183
279
38994
366
1035
51450
5361
180
30834
456
56058
4080
1545
360
103122
372
7473
174
9480
810
549
177
360
207
630
3153
33675
