4095:0:0:0:0:0:0:0:0:0:0:0:0:0:0:0: (total 5)
0 2 4 7 Thread 0 going to cpu 0
Thread 1 going to cpu 2
14 Thread 2 going to cpu 4
Thread 3 going to cpu 7
Thread 4 going to cpu 14
going to barrier (cpu 4)
going to barrier (cpu 2)
going to barrier (cpu 14)
going to barrier (cpu 7)

STARTING...
going to barrier (cpu 0)
STOPPING...
Duration      : 10000 (ms)
Acquisitions  : 16750787
636
1215
13746
276
471
738
204
288
552
678
291
186
294
744
8916
204
207
276
639
645
204
648
651
288
285
294
348
471
288
54108
471
297
291
291
378
894
381
276
132549
372
33312
291
19509
1296
207
204
201
555
642
726
219
1155
16365
375
270
291
966
384
1131
198
729
894
204
294
216
198
576
195
1113
17190
546
747
15723
207
468
285
639
213
288
29151
450
549
468
315
936
471
294
204
642
351
651
300
201
450
396
17133
22182
537
540
204
204
471
714
396
564
27462
450
198
291
471
26448
729
19002
303
297
24678
279
204
456
465
294
201
996
654
291
825
204
297
201
636
291
366
561
291
1089
360
453
471
204
204
393
354
558
651
288
384
912
15801
213
141558
198
843
300
1038
603
360
1002
30180
1017
207
198
204
37719
483
1332
999
22284
528
213
24582
213
186
204
540
642
456
201
201
213
303
67845
288
729
738
597
378
189
366
213
189
363
372
2274
297
300
204
654
378
645
6861
300
11301
10074
375
201
372
210
558
375
57384
270
297
22554
213
14139
723
204
735
363
837
10359
348
1023
35946
483
471
2133
567
201
918
50691
549
459
288
996
378
186
201
291
291
387
927
183
300
363
303
204
201
366
729
1428
912
624
100212
813
291
18270
8187
213
6957
204
27867
57297
8193
384
468
468
378
285
801
1149
378
213
741
657
291
723
207
645
201
201
711
393
297
1677
576
276
1170
204
201
204
789
816
291
291
198
291
201
201
204
486
204
480
291
444
273
297
378
201
378
570
288
1551
201
381
38238
711
552
1251
207
16848
198
25386
21600
189
35670
363
291
294
30432
285
201
291
561
870
291
1242
204
288
291
360
291
372
213
381
735
732
375
267
969
381
201
639
288
210
66879
1098
747
345
384
204
453
137376
645
813
378
375
444
912
198
201
291
294
447
63720
279
468
297
291
732
270
291
897
207
198
474
747
900
561
303
726
291
555
207
384
540
558
204
738
288
954
1182
738
207
114333
393
477
567
198
459
115053
291
801
432
291
495
654
285
1920
9789
2052
207
2118
459
378
606
5613
672
219
71535
381
291
2739
561
204
17457
216
1437
213
741
981
198
30249
294
303
288
651
1497
294
33258
207
429
537
543
213
213
297
381
207
36699
378
549
29670
32031
4215
18522
285
32040
372
29325
210
33372
10179
201
543
201
204
8613
921
204
186
669
183
558
291
291
1140
207
570
738
621
216
294
570
288
17430
462
1071
207
384
24897
468
534
630
20985
201
552
627
411
1056
4995
282
1368
7131
555
636
558
384
294
1491
183
204
555
201
9435
720
91392
38331
384
291
549
315
567
207
567
291
642
381
207
204
22506
204
294
699
201
387
561
2721
204
474
204
294
297
1080
300
210
204
1611
351
630
201
29772
21006
471
816
297
101460
96906
11445
624
786
204
654
12051
291
180
711
804
357
387
285
276
1068
522
26040
756
300
204
48678
57891
204
201
456
717
555
48066
711
204
201
909
201
432
204
456
201
363
552
390
726
45645
53136
645
1632
6030
43809
201
1428
294
6180
201
20124
303
6417
1575
1326
303
459
489
444
636
378
201
303
276
624
477
189
291
16248
291
738
294
1404
459
792
360
213
474
297
363
1413
210
297
285
648
31302
291
30582
201
537
291
456
15315
213
26916
210
285
978
468
855
21027
5175
312
921
270
909
210
273
210
15234
1080
207
552
201
294
285
204
201
1512
738
210
207
711
204
564
297
270
8310
282
1602
282
276
210
14967
285
204
726
456
639
606
624
31329
1383
699
291
201
285
288
282
810
5253
75777
210
300
210
291
456
624
19332
855
18342
762
867
1698
288
384
213
1320
201
273
213
204
714
291
294
861
357
207
210
915
528
996
378
288
288
990
549
363
456
201
1947
375
453
738
657
459
210
459
288
825
291
1011
465
74118
282
1527
10656
67653
109809
21279
1425
198
1218
546
36891
204
543
30267
585
288
65331
702
210
210
696
1494
204
468
720
219
465
378
291
729
186
213
885
291
210
201
213
810
1464
210
3237
13806
204
213
897
285
819
294
645
36144
96552
22503
474
210
1035
450
549
366
294
285
666
384
58464
993
381
453
1152
60045
624
204
210
357
201
216
201
1329
13422
1320
213
201
813
213
543
282
1182
204
285
297
3360
204
6792
201
648
216
372
213
303
46680
270
291
273
474
309
9894
351
207
12651
207
378
210
207
990
483
453
288
993
1077
24804
204
393
825
555
11304
46353
201
498
91800
744
558
354
639
432
35073
35160
465
369
24558
27357
369
291
660
204
297
285
204
6714
291
471
201
639
477
294
828
204
1449
576
216
384
306
645
996
204
201
219
294
207
213
288
288
540
384
912
651
654
291
210
1008
564
729
639
375
294
11874
201
303
1242
26451
471
438
216
480
58515
2004
29997
186
747
366
35184
61494
438
285
213
558
10566
492
285
291
201
633
1023
294
555
552
384
31803
363
201
984
294
546
303
297
1062
561
714
23184
651
291
15765
360
201
981
213
1263
264
8166
279
276
387
97347
561
47541
12501
282
210
288
456
279
453
26148
459
66192
825
300
270
750
195
633
201
753
303
381
816
531
4695
744
666
2298
345
378
1605
16599
195
210
1005
486
375
555
30204
279
198
12600
183
645
285
1485
204
7665
729
21273
360
198
44394
7758
660
531
294
819
555
663
471
300
915
453
282
201
462
468
279
31146
627
61578
285
1596
291
204
288
471
270
618
201
285
1065
555
468
450
372
621
291
444
2061
183
12837
5769
543
618
276
354
900
732
375
639
207
357
384
4125
36447
33975
201
381
294
297
432
189
294
1074
732
8508
870
294
747
186
744
201
1194
471
204
831
291
639
273
198
183
480
381
2670
1053
2517
201
198
1521
666
207
666
375
360
6342
1086
186
288
435
804
378
192
192
267
459
2394
648
153621
387
939
462
678
198
201
198
462
198
465
285
195
201
294
276
891
291
1806
294
516
279
729
882
1644
717
723
804
933
195
459
18348
813
630
381
285
189
1098
183
291
477
195
387
1068
1020
711
366
1185
390
702
627
2364
276
459
480
77010
285
30909
198
903
294
198
384
1716
2466
201
201
15996
2841
675
579
294
204
1302
1074
468
41115
639
201
1455
375
27975
381
291
429
804
471
381
288
198
375
279
369
282
387
288
618
52023
279
468
294
465
9618
387
32298
291
927
1269
294
1326
1593
657
33684
789
38109
28503
7983
198
198
288
555
198
375
303
10083
160404
189
564
573
112041
555
357
651
198
456
1170
390
198
717
657
363
195
366
378
546
1047
273
867
207
285
642
369
297
372
543
465
735
735
201
2307
42900
16590
384
732
288
273
957
204
294
99042
5592
44988
288
924
177279
282
2046
378
564
468
273
465
474
207
288
726
2628
372
819
885
477
609
207
1437
12720
456
633
900
531
35448
26766
558
879
183
363
27966
264
1248
180
288
402
183
393
195
474
279
378
19569
1002
540
807
465
462
627
204
285
198
456
564
210
195
198
201
1188
552
15780
195
1017
207
825
1905
936
366
291
552
921
195
642
294
276
486
381
189
39492
282
357
1239
936
198
555
198
189
7860
384
285
900
204
7149
294
612
105237
1071
5916
381
372
186
369
468
375
285
210
198
450
393
282
546
291
204
822
381
186
288
366
1188
273
459
819
624
738
486
1680
591
381
1356
1365
195
273
22194
813
207
201
369
369
2037
750
297
1086
471
259872
447
207
864
207
189
579
546
282
53097
3450
384
85524
19338
996
1077
4506
906
198
1518
1098
384
381
663
1302
852
6624
708
207
294
375
195
1113
1329
5715
273
546
1173
207
1188
1248
204
627
855
480
366
5811
285
837
372
294
372
69786
12411
798
273
207
1149
2985
909
363
384
195
729
450
195
13845
204
1020
447
561
621
17211
276
720
201
303
1149
534
639
291
1944
291
1203
198
453
1173
576
477
699
711
195
357
183
192
882
363
285
198
927
18873
276
198
186
822
7689
1245
279
666
1314
1173
198
987
9531
198
534
26139
9261
561
1590
465
192
375
288
537
201
276
282
1005
116766
201
384
546
285
213
180
198
366
207
384
729
303
621
198
201
285
294
561
366
384
648
291
192
474
750
732
19230
369
282
102270
25086
195
378
462
198
840
201
663
158145
984
41199
375
900
195
47667
273
1002
618
300
279
33921
294
531
279
204
831
933
1362
291
306
381
186
555
294
1251
3345
273
579
285
636
282
204
136944
456
765
207
195
471
195
789
633
198
627
189
201
2187
17562
762
201
375
198
201
192
975
21972
183
954
375
47181
705
465
183
198
807
186
369
1713
378
198
210
663
564
207
204
978
204
7482
624
198
288
18042
660
363
198
201
195
459
204
615
95592
198
381
609
1014
204
1386
49719
8031
7203
531
67503
1734
522
588
12195
1365
1452
735
183
186
186
195
8817
1995
186
183
189
1161
207
14376
186
195
462
795
294
642
288
300
186
279
549
789
33183
30060
468
44610
4254
561
201
195
462
288
1263
705
279
957
285
198
453
885
5295
55257
1155
13341
471
1137
459
294
1371
438
462
1554
459
459
627
750
2676
1980
189
2214
468
186
285
1521
663
204
492
1950
441
36969
918
285
456
372
390
1083
648
14766
282
468
114708
285
15258
20442
297
573
282
6705
6786
11121
282
369
294
546
198
522
17604
453
552
615
444
471
16221
288
183
831
390
822
291
291
753
1155
996
186
558
84411
201
384
39036
198
672
810
378
630
22482
294
198
726
186
384
201
642
32928
201
294
1101
198
444
1086
534
198
471
546
297
45750
450
207
5820
489
186
29148
58410
192
1263
282
204
198
822
387
696
636
192
555
201
1035
34794
294
201
657
384
744
285
198
309
288
753
927
1143
195
354
681
201
201
80754
627
462
1272
474
561
1059
201
201
369
996
179250
189
378
81147
348
372
44250
22497
675
468
186
3108
1110
86046
183
1107
462
198
294
285
984
747
189
375
1185
297
198
1092
471
291
192
444
729
837
192
378
630
6354
804
543
381
462
621
273
570
198
885
1527
549
291
297
34692
288
1674
82104
627
1728
291
930
1269
474
1017
837
1683
282
7236
375
279
453
303
921
360
198
1212
393
528
201
204
462
291
546
297
36942
468
27537
303
645
792
294
390
42018
192
198
38601
198
79101
1110
381
285
195
642
198
462
50019
375
276
1446
546
276
201
4065
657
624
486
201
513
288
207
369
1203
297
303
83934
192
186
384
279
378
360
160884
198
972
285
819
195
567
294
195
387
201
288
636
450
1026
285
192
210
831
378
288
297
375
26457
1071
285
372
1779
459
2655
4665
288
288
198
38430
372
462
831
204
16032
822
176874
654
660
468
396
273
201
771
201
453
198
186
732
387
834
378
378
675
372
1101
195
306
201
204
201
372
582
37950
192
5307
41826
201
663
195
909
7674
285
288
297
639
372
627
195
1848
186
357
438
459
270
1212
285
456
363
192
198
285
207
381
198
201
291
195
354
82818
16266
201
300
1023
195
29367
10353
68946
279
993
294
195
198
195
276
43362
813
1176
288
198
10239
297
65826
204
1032
834
201
201
273
105621
381
18075
378
189
471
291
654
552
10326
201
195
477
549
294
384
282
58653
201
480
62037
201
279
1095
192
657
282
201
306
453
201
567
375
285
294
585
71931
198
7980
198
10245
183
282
534
282
282
456
186
195
204
486
180
201
300
198
43740
651
291
192
201
378
300
633
651
1191
183
372
384
471
198
630
372
198
744
1428
276
183
378
987
285
462
387
369
294
585
204
378
27660
570
387
84387
903
201
198
201
375
183
204
294
285
189
198
9876
1095
10857
5076
201
369
387
390
276
201
201
366
279
204
378
660
285
204
372
822
810
1515
759
276
207
987
2328
189
192
198
375
198
3870
279
192
282
372
357
303
540
285
360
294
21441
198
198
198
915
297
993
25869
38892
816
204
80760
30357
192
55230
207
198
84240
39768
639
381
651
363
25803
495
28194
198
636
780
285
384
837
366
375
198
15312
198
468
366
204
87216
270
975
582
13839
564
198
369
384
198
1626
204
201
276
489
133623
192
204
1611
195
453
204
94854
480
24711
366
474
68988
49515
201
477
576
483
297
291
204
306
198
384
384
483
291
306
285
288
468
45435
195
264
723
39498
363
918
567
375
654
462
288
67875
1095
378
56313
11754
393
828
636
198
15342
849
195
450
6702
1665
189
705
291
198
61572
276
201
201
198
294
291
195
198
291
366
65751
381
474
1224
840
381
1002
561
297
195
201
453
291
366
297
363
375
474
435
459
198
399
375
375
555
1728
720
354
375
117390
195
897
369
279
375
567
294
29001
43863
654
381
195
297
648
22923
198
285
14034
375
471
381
279
582
384
450
897
378
390
11193
387
366
309
378
297
291
375
384
372
291
192
930
1590
1347
35709
561
387
195
1419
717
198
288
273
300
89382
363
1086
456
198
192
51450
1365
4116
645
294
1287
198
198
285
228
1635
294
651
480
465
26334
1665
549
201
753
134055
726
285
270
31482
20067
4026
114105
294
474
201
918
288
294
192
288
198
462
26892
375
387
195
477
579
903
2604
198
65691
354
273
291
198
192
22248
306
384
1440
45261
198
17634
204
183
279
381
282
16653
795
10467
282
381
291
375
14781
198
1350
681
366
62736
375
273
183
471
62445
1086
198
189
726
648
195
195
291
204
894
204
471
906
957
387
221460
456
459
360
192
192
291
348
288
291
369
297
1011
288
42828
915
204
198
1278
459
195
291
462
27891
282
207
378
384
633
924
5115
1164
1029
288
276
1599
201
279
633
999
198
540
477
21294
291
534
615
990
1359
438
186
198
375
651
648
195
360
288
375
384
201
186
282
76431
189
543
195
558
372
702
192
207
477
101877
840
300
465
378
18900
471
201
1026
396
22998
387
291
198
75393
372
297
3381
1107
363
195
930
870
18075
540
51288
477
192
372
462
291
282
726
204
282
17667
198
669
462
38646
981
738
651
5046
99114
468
516
46119
474
387
288
969
183
300
288
288
390
10605
41961
96393
840
201
195
207
291
195
201
825
195
26022
903
204
888
471
15963
615
489
297
300
273
393
1089
192
67047
198
483
204
218046
204
663
282
837
198
5256
384
291
51333
1050
462
276
462
2763
375
1155
363
201
201
198
369
606
195
300
282
387
201
207
198
381
555
3519
381
195
33537
294
270
204
66945
204
558
381
543
300
570
1971
183
1038
198
195
837
291
747
4227
384
282
32901
459
306
1017
975
31857
306
534
20442
549
282
285
221178
1458
74118
189
393
279
195
270
294
1236
204
1401
1260
618
198
291
1605
180
192
198
372
291
291
645
29763
573
192
1218
387
282
261
555
813
4473
462
55935
106038
24066
291
198
378
192
300
933
297
198
291
375
1899
276
639
921
279
552
192
47928
5424
378
306
270
390
285
1941
1200
711
12924
11298
474
22557
8871
624
2706
693
300
363
390
201
282
132729
195
303
537
210
1899
669
201
282
294
555
900
534
1092
303
471
651
198
615
1344
297
558
291
438
54393
399
210
459
210
1440
195
186
708
14136
210
654
456
201
201
567
213
282
453
282
819
207
192
170802
210
390
189
297
204
1110
198
72765
291
3177
1362
570
117822
1116
11745
204
195
1107
285
195
492
288
195
201
480
552
15774
495
17163
477
12711
3606
18324
477
477
366
372
186
360
282
684
1689
861
201
681
195
375
288
825
198
285
681
375
384
36645
819
546
201
435
207
768
17880
366
270
213
381
10884
204
48369
351
282
1173
444
732
2574
405
270
291
201
357
735
201
14619
195
276
189
627
648
288
198
78267
204
750
372
555
201
63516
558
732
201
270
291
294
282
813
192
270
201
1008
14961
897
10347
663
840
342
828
270
198
201
13440
195
216
354
366
651
189
273
291
198
450
288
207
192
924
207
282
201
699
207
204
264
723
11748
192
192
726
201
648
48801
88665
363
195
8565
2994
7146
201
534
22440
183
453
99156
294
204
696
72729
720
657
456
201
198
195
276
456
189
28260
291
273
372
201
198
654
63177
204
195
369
291
1167
825
285
711
189
372
198
198
381
17421
297
1470
807
201
136812
363
375
192
21579
630
747
285
381
285
279
22746
921
198
288
195
20376
471
906
204
70407
279
32550
192
294
822
297
375
462
444
360
297
651
1623
198
564
735
471
40455
213
375
204
663
195
58059
282
17937
198
285
195
63984
8016
363
276
477
561
201
1041
456
91638
843
354
891
360
189
288
972
1173
198
1296
189
294
294
282
396
192
3288
195
14091
288
483
198
384
729
198
354
291
198
384
366
660
288
1116
204
15030
291
804
1356
369
24561
738
675
46002
390
540
306
201
279
1461
480
285
207
294
654
10773
195
16497
186
288
3855
573
639
19545
186
210
204
195
282
291
195
294
876
291
918
201
8322
294
279
459
285
204
198
726
834
285
18831
201
471
654
1164
843
1284
195
1221
354
198
189
138774
681
285
207
2235
16959
201
183
291
375
1551
195
195
210
204
138489
192
489
378
84243
279
384
273
1209
1233
369
291
534
708
366
363
22596
210
378
648
1452
639
273
546
621
558
103323
360
543
285
192
10797
198
759
44043
1812
210
210
1086
195
22218
549
2394
201
363
33561
456
65610
198
201
744
459
1332
51300
489
372
285
12351
204
201
201
20898
828
456
669
207
1038
375
837
369
549
29448
288
282
462
1041
294
195
198
1305
282
450
366
201
12978
285
357
375
189
51414
615
621
62997
134343
267
375
210
204
348
558
891
11934
195
297
579
921
726
5091
753
198
201
738
4038
101763
570
456
204
276
276
300
195
1191
555
201
15063
46353
909
204
474
477
645
204
750
291
210
381
624
462
297
279
294
204
8409
633
198
294
282
726
192
33726
363
291
192
198
582
360
474
2685
1149
291
35880
282
669
732
309
198
543
198
393
210
831
28545
204
210
207
303
369
633
201
201
279
285
7059
546
195
198
1341
3852
687
279
282
198
561
3069
67290
465
201
294
66009
20637
192
7248
195
285
195
564
273
204
198
282
195
384
561
4149
372
288
543
462
468
198
660
387
195
609
198
1260
300
17133
207
288
1443
576
375
204
294
85701
54099
204
35898
387
726
618
387
672
546
585
12396
210
384
12408
201
198
195
954
651
195
201
375
297
204
387
195
633
195
60876
58992
387
2649
387
279
204
444
372
192
372
903
41559
570
201
204
59031
1158
195
396
462
282
201
2268
204
207
270
46806
345
33684
561
198
201
37143
288
73995
195
198
204
291
285
201
375
375
210
573
369
480
198
918
207
471
187056
618
1386
207
273
657
195
279
192
198
213
207
633
723
444
198
3645
189
564
591
567
285
369
3378
546
207
1554
378
288
52005
717
909
195
210
2742
282
744
480
195
201
201
759
957
1077
582
207
732
399
29031
204
384
378
294
294
735
438
363
201
282
570
288
34683
276
291
468
282
198
47796
291
276
441
372
198
192
7008
651
675
195
357
79419
375
384
47664
276
14004
198
474
483
732
201
282
282
210
900
1020
7566
282
1263
285
204
1332
465
285
471
285
177
198
198
210
291
198
204
195
195
1716
198
360
213
384
483
204
1455
201
279
288
828
738
294
201
201
285
291
303
118506
282
5967
117204
339
207
393
42693
17880
17406
462
107304
288
486
294
384
192
270
45036
195
195
285
198
363
738
204
195
273
195
9693
279
849
351
288
477
294
195
204
34413
360
378
189
285
957
192
1200
58410
288
747
279
735
708
291
363
1596
18372
1206
276
744
282
552
198
18483
204
103257
297
195
282
279
747
195
543
204
204
195
363
528
12735
6174
279
183
5466
198
660
393
645
207
198
198
885
198
468
390
195
201
198
198
288
210
24777
207
270
495
930
6393
198
459
381
378
285
195
288
684
459
213
372
195
288
8448
774
564
372
651
375
285
192
915
288
198
489
204
369
738
456
204
276
195
288
570
198
426
44559
1353
198
465
450
288
210
204
471
474
1626
291
276
282
279
459
44310
15273
462
198
1383
201
4824
834
204
297
195
28131
717
567
369
195
657
279
195
1893
297
180
366
288
201
363
1140
1011
363
201
468
285
300
357
210
204
1590
303
195
483
201
567
366
180
16404
534
549
297
35403
288
198
378
360
195
468
201
177861
378
270
693
1062
780
198
297
480
360
210
549
366
198
837
708
975
297
27390
291
255
282
585
480
210
288
66669
285
282
303
624
291
300
204
198
486
291
807
486
213
195
285
186
204
201
480
201
639
198
7869
198
366
270
819
375
189
11508
456
201
276
207
195
306
122952
2691
288
366
285
744
444
468
10095
483
267
741
297
195
195
294
195
29502
285
282
462
282
1287
372
291
50997
279
285
7047
201
210
219
195
99279
195
453
288
741
372
474
843
204
306
621
384
405
300
366
186
183
195
306
264
192
201
756
666
35973
213
396
198
309
288
210
213
378
429
294
1263
741
351
303
369
537
198
204
363
207
465
195
381
300
1686
276
1011
279
207
603
738
390
213
204
213
546
756
198
390
189
2937
297
201
657
426
291
291
195
474
480
198
61707
291
204
546
270
189
207
300
195
462
198
204
204
15246
288
276
384
372
201
654
519
462
552
285
384
288
381
384
288
201
282
375
1083
201
1644
20532
288
204
921
729
462
453
282
198
207
447
207
375
984
195
15861
195
204
795
282
195
303
207
1203
210
25914
273
195
288
270
10047
186
192
198
375
963
201
450
708
29406
729
303
204
285
294
396
54138
555
288
195
399
339
186
516
65430
192
8703
351
1170
24192
204
189
201
285
1971
201
201
204
402
540
906
468
1119
699
534
372
18540
195
201
546
834
555
210
198
198
282
192
723
726
285
915
201
387
282
1440
204
279
285
738
195
465
192
204
195
204
384
19914
639
282
300
375
357
291
279
6240
729
51288
285
36681
195
15744
273
291
113436
180
639
291
198
201
582
801
285
819
300
381
207
294
381
294
198
201
552
183
357
192
186
1632
105147
1428
204
984
834
192
192
192
273
19998
372
198
195
270
1005
1326
279
3594
198
64893
195
2586
720
201
198
198
387
288
198
645
198
204
831
195
669
198
291
291
282
1263
306
207
291
204
207
198
273
303
282
426
1455
279
8019
207
1176
3594
552
1083
393
1671
195
534
9555
198
198
195
381
198
360
13272
381
636
207
7362
195
10473
1704
450
201
717
378
717
288
375
198
282
576
1671
13296
195
813
201
480
198
198
642
651
288
78792
195
741
648
846
195
909
306
198
354
1080
276
195
369
363
195
192
192
195
453
522
58215
198
273
195
546
456
375
300
198
192
375
13905
291
1503
468
36240
378
264
288
573
267
198
210
822
291
204
300
393
38454
17940
195
198
204
273
17505
285
705
270
74931
204
186
192
366
282
297
198
207
393
288
372
198
468
297
561
735
279
282
288
24603
381
291
213
465
270
279
369
276
552
285
294
29367
13668
717
984
51888
195
621
366
291
531
192
654
279
288
663
543
471
198
297
192
726
1131
366
198
450
564
282
285
192
375
201
267
192
348
570
186
282
210
255
198
12396
204
294
282
528
549
195
1101
6519
369
4710
195
207
204
282
546
3873
618
384
204
285
285
282
207
369
534
555
897
201
270
636
294
201
918
183
207
366
297
285
1350
294
192
198
282
198
198
201
360
186
288
726
276
195
207
285
735
285
450
198
1881
27327
753
285
189
207
34092
192
285
36354
291
18171
13224
201
897
546
37641
201
291
195
483
384
201
213
195
558
549
444
459
819
660
210
207
462
2361
195
10761
558
285
297
198
291
204
210
282
300
189
282
210
534
375
201
195
279
189
2076
372
273
846
516
17028
37398
384
32214
291
552
201
204
297
375
210
297
252
195
201
378
198
198
291
207
282
195
279
198
198
207
11115
558
828
354
285
201
192
366
44679
267
204
192
306
288
291
195
192
4977
285
288
543
291
63861
954
7101
13014
456
291
24327
1194
189
456
285
198
198
921
195
1158
372
486
561
468
288
46737
276
291
285
282
546
195
198
360
294
456
276
285
369
1293
288
17331
306
201
294
20559
198
201
207
363
798
288
558
825
543
42282
291
486
204
28053
3390
462
4803
44586
441
198
285
207
348
387
342
26196
381
288
393
285
288
204
384
1014
552
390
210
285
1692
204
288
540
198
861
285
204
297
42651
792
207
192
207
285
204
6180
831
1008
207
19617
576
198
195
13611
201
297
201
18630
52422
984
1569
67596
285
192
279
1377
378
192
282
186
282
285
198
201
291
288
198
288
192
86835
366
378
291
198
288
201
888
201
804
546
282
357
363
378
195
285
723
1383
282
201
282
285
204
195
198
198
288
189
189
195
291
207
192
531
198
183
198
198
103674
195
996
279
453
570
16092
18597
198
26691
375
204
213
195
48756
285
189
384
195
291
843
447
294
210
543
720
186
39534
1389
375
390
207
1635
195
459
270
10002
564
285
531
291
279
378
285
717
8244
45633
561
97722
210
291
291
192
195
372
294
459
22320
192
2499
279
198
207
294
288
210
198
441
288
579
291
282
300
288
828
450
804
195
1719
555
198
375
195
378
198
192
531
294
204
210
609
195
276
204
291
477
285
192
378
1011
1098
558
11454
300
30315
276
282
2703
204
543
291
192
744
462
59886
294
279
9642
16437
354
1269
396
369
306
