2047:0:0:0:0:0:0:0:0:0:0:0:0:0:0:0: (total 5)
0 1 2 Thread 0 going to cpu 0
6 Thread 1 going to cpu 1
13 Thread 3 going to cpu 6
Thread 2 going to cpu 2
Thread 4 going to cpu 13
going to barrier (cpu 1)
going to barrier (cpu 6)
going to barrier (cpu 13)
going to barrier (cpu 2)

STARTING...
going to barrier (cpu 0)
STOPPING...
Duration      : 10000 (ms)
Acquisitions  : 17625588
162
447
234
201
978
267
282
333
252
38823
183
471
171
465
258
420
798
534
372
1065
378
1281
180
51528
192
624
315
273
1014
198
201
588
26625
603
243
195
267
567
354
573
2784
273
750
690
17364
13263
567
348
384
189
252
288
10383
174
675
414
13371
597
753
186
10866
507
5496
255
276
1779
369
198
285
432
369
279
705
273
43992
606
6780
582
9591
513
354
2211
12753
717
1464
249
384
159
432
1032
813
528
1014
2160
174
240
38562
234
624
435
258
24690
594
408
249
291
348
342
366
270
12873
360
6567
249
37761
285
95964
363
675
195
282
174
633
216
177
1950
447
1131
510
522
183
204
417
1638
183
207
159
201
267
444
840
174
420
969
534
264
786
204
1317
411
375
195
285
303
813
714
660
171
25185
11985
65196
339
162
53427
768
675
156
252
180
192
162
255
279
423
276
522
198
279
912
279
192
369
273
546
255
1830
852
159
423
279
684
375
546
738
1098
156
2553
273
291
198
204
198
528
43701
432
16989
23319
189
279
19287
348
621
372
201
444
276
2448
1170
159
381
405
234
837
33636
342
285
1317
285
468
933
171
279
303
480
261
420
171
270
465
162
315
276
255
429
297
171
195
6666
750
20877
273
9558
16887
186
252
58413
714
13377
25320
303
447
711
507
588
1254
375
279
1416
162
2919
276
59466
708
909
1098
342
288
186
291
291
192
49668
192
12282
438
288
285
246
429
10623
537
258
2082
189
165
17757
330
25431
26625
39474
186
198
252
1536
186
429
5631
276
351
10413
456
1080
426
198
186
288
414
192
678
381
38676
186
624
276
1053
960
666
252
288
264
24189
267
540
825
1962
690
960
61833
450
162
192
285
441
510
252
291
54528
162
630
18219
10908
18660
642
174
810
15225
567
17172
195
279
249
174
189
357
246
189
429
291
195
318
1026
318
285
363
342
195
303
336
327
882
939
675
573
588
900
1290
71325
195
885
189
360
270
282
5364
345
714
357
252
351
195
234
180
28095
198
255
1311
348
465
450
423
606
249
531
690
354
345
56277
207
186
192
783
570
195
522
576
285
201
189
159
411
192
354
339
675
969
810
282
348
1494
309
258
15834
276
12687
762
369
162
136536
492
162
438
324
282
381
33756
279
192
336
23055
2688
321
471
627
7683
174
1884
162
291
168
282
243
270
180
261
267
1572
1764
261
282
1401
183
576
393
354
441
510
1848
186
936
387
531
300
444
255
252
561
192
600
333
264
291
549
92028
294
27849
23643
321
255
171
651
189
555
282
375
20376
906
345
1203
603
444
351
357
195
201
645
192
597
243
381
192
609
336
285
315
168
528
255
450
369
567
264
615
1125
8055
594
528
240
849
558
552
591
240
282
423
456
372
8859
1620
1431
810
420
402
52311
666
107049
330
180
288
258
3903
372
246
342
879
162
11463
642
189
207
276
270
801
846
366
348
174
153
276
699
198
189
516
483
1452
276
642
426
198
282
762
423
1824
714
558
264
540
162
267
162
270
252
387
183
288
387
39453
1017
861
1179
282
261
291
17889
3747
3099
243
288
276
576
402
423
174
456
477
195
495
189
348
258
159
369
996
156
522
258
63318
522
309
363
600
192
282
651
249
195
189
168
252
195
423
378
615
381
264
414
333
357
240
285
285
279
195
441
58068
5793
159
342
192
1653
6975
195
14880
333
14802
462
351
192
249
282
276
390
180
330
246
279
162
189
201
22596
288
16557
204
2313
561
435
195
420
429
192
180
921
168
189
279
366
189
921
636
30003
336
777
1161
438
201
282
513
156
252
282
258
6894
198
906
156
705
11343
36756
324
450
2241
261
591
3459
60009
900
339
960
183
936
360
270
693
378
279
21009
189
192
195
201
198
189
288
522
429
759
678
246
195
960
35400
270
255
183
21639
780
11631
69663
9738
4245
285
285
24285
183
726
7644
246
41745
189
279
22716
195
1191
330
825
264
255
432
189
7791
183
297
240
429
1899
498
426
828
261
279
288
81336
20469
342
354
270
768
14190
204
11190
43338
366
192
192
189
231
162
16995
264
444
17484
4272
279
1149
171
351
456
354
345
456
273
165
189
807
324
606
387
630
339
1326
450
447
192
267
669
561
165
738
414
16017
363
1215
1341
36114
261
189
249
285
21849
34299
438
510
303
279
369
86136
252
366
1002
23466
672
195
252
7782
3489
606
264
666
525
432
255
4350
198
4743
324
285
192
909
339
432
840
849
183
1029
1272
435
249
285
276
2637
192
9159
282
450
104571
159
360
636
864
327
23739
414
273
270
264
192
40533
174
243
189
9390
249
162
9741
279
11487
570
204
573
255
276
288
522
744
1056
351
210
2112
714
564
249
699
264
243
1005
345
261
13821
165
189
537
441
360
390
579
366
276
492
357
270
600
405
666
1533
38355
876
2847
243
195
9006
567
5049
774
195
156
567
1227
1035
62589
468
333
198
525
387
183
384
330
22524
65637
45708
37008
186
348
7131
996
366
705
23598
66279
10797
534
1389
342
180
369
657
285
279
336
198
753
7038
252
333
58539
264
11175
504
984
15975
288
258
342
444
798
354
252
663
273
603
282
336
522
435
360
588
9186
47859
32088
20199
12570
447
651
276
504
65310
528
1332
171
264
423
405
363
165
264
744
267
171
1395
348
258
15861
168
189
46851
483
252
249
468
342
273
675
354
678
720
192
456
558
1077
1350
354
642
23910
285
12219
3645
426
549
4527
804
798
252
168
36210
591
435
186
315
366
195
270
282
1044
201
168
348
255
249
444
20379
207
20742
513
504
276
243
180
1392
495
264
249
849
267
375
357
624
1551
177
288
270
411
357
849
774
276
294
696
52920
507
672
282
50067
342
312
207
273
22788
483
456
354
510
285
927
408
822
20265
354
1101
405
171
453
189
456
444
204
255
18900
675
16095
21432
450
345
174
11808
198
204
17757
171
480
357
12816
630
441
498
540
270
252
165
852
774
207
261
282
432
354
453
174
171
504
513
1119
198
804
252
459
375
198
690
783
1491
336
267
579
465
504
348
270
372
444
363
252
285
37827
342
204
189
2610
204
342
258
6642
468
243
366
564
183
429
348
411
342
201
288
195
684
180
3402
537
477
342
252
492
312
468
546
192
492
354
420
495
276
252
2637
492
177
372
270
303
489
267
531
31257
41541
243
528
381
288
258
576
327
300
21237
702
171
267
648
276
363
750
366
351
270
684
540
35178
1392
267
369
39492
207
375
174
495
561
1605
252
21975
519
255
198
366
252
435
231
465
288
270
189
279
828
279
447
24462
34356
195
180
252
795
1164
348
198
339
3645
7452
168
354
174
645
198
258
27414
12735
858
279
174
678
267
291
402
195
414
258
324
729
53547
174
258
6237
711
591
678
606
396
342
354
369
285
198
579
654
276
171
11010
198
915
603
381
588
954
255
354
255
189
432
255
20574
35976
99732
429
12618
261
459
285
843
285
1512
504
978
417
12840
282
351
6792
420
354
282
303
28419
264
315
1206
291
429
192
174
351
555
261
10512
234
264
1491
168
735
540
252
405
198
333
375
354
264
660
171
495
363
909
444
396
195
378
348
495
624
285
195
2841
282
237
348
273
17463
171
53298
714
534
246
762
258
1008
189
21804
204
429
990
819
204
426
585
273
240
207
1629
288
432
345
249
195
600
1491
564
621
1326
18027
357
414
552
741
543
168
43146
282
534
891
288
507
708
26019
11676
183
816
576
9291
285
360
279
23583
261
492
972
168
10146
252
255
1071
468
288
174
384
38700
195
1398
432
273
801
765
285
324
444
384
432
4884
7017
342
270
804
258
192
1038
645
459
237
312
255
711
198
345
174
35682
510
1146
339
921
327
61083
795
14703
26508
37554
501
891
348
417
750
489
49575
195
792
38694
342
726
354
693
174
366
1236
273
447
456
483
1761
387
252
357
552
915
276
195
273
1482
192
168
276
279
402
342
357
288
435
375
348
372
447
774
249
255
183
186
354
369
855
38604
825
9876
288
708
24738
417
198
360
648
273
780
1956
366
207
291
198
41061
432
273
1209
327
462
249
375
252
273
23043
339
276
351
276
372
657
750
624
273
192
118773
336
276
1098
249
276
192
5142
1044
924
23892
606
408
288
264
435
1215
18156
381
22383
204
2430
270
372
211359
9123
195
303
504
252
1050
198
195
261
261
255
1023
366
34608
1080
276
504
36105
261
17091
813
273
369
291
315
204
288
381
279
186
204
5166
201
843
288
288
192
309
11967
264
570
29772
9624
261
67650
51126
201
183
543
870
459
345
312
258
987
264
447
1176
327
294
465
168
699
177
699
468
294
59343
486
459
474
417
8553
192
39354
174
51792
282
285
48915
24348
654
261
369
468
258
297
606
12120
276
198
1404
14145
783
405
29994
573
165
29712
195
1176
699
357
426
597
414
33735
291
11055
924
315
53730
186
1938
339
165
444
267
10164
420
243
351
1101
1200
348
471
357
162
2919
429
285
180
507
1533
435
1731
9072
177
270
351
7617
270
11979
684
288
195
201
48720
822
438
79971
279
846
10200
258
25521
282
498
345
333
258
351
339
423
438
171
1071
537
696
405
654
381
2988
279
27534
9960
261
429
1143
672
192
540
273
351
276
276
342
3480
426
17481
804
198
726
282
198
168
366
288
375
354
354
576
180
171
732
1089
6873
168
375
273
1098
630
414
183
432
702
22950
276
291
543
363
273
246
336
513
184779
549
71337
288
981
180
807
32799
285
654
264
180
333
276
342
258
192
294
840
288
759
2838
444
342
438
480
285
207
969
351
171
264
4251
267
291
363
522
417
273
531
534
171
666
357
357
180
291
171
747
279
537
1080
432
918
189
348
1026
258
468
303
249
165
261
252
291
198
576
183
291
24675
39840
288
375
963
495
4107
45495
342
258
366
258
741
177
729
672
465
171
324
489
19464
369
252
594
5043
3336
192
37011
171
50109
1359
357
741
291
333
477
363
579
72417
11328
30429
207
52641
675
348
1932
1188
39726
348
255
594
624
189
750
456
31992
570
213
357
642
1377
4905
888
189
696
480
1062
23268
213
285
714
10269
774
7866
270
285
1233
36786
198
52929
354
2292
162
624
174
642
276
378
354
264
426
180
1194
357
252
92076
363
176868
273
1062
606
264
64590
582
261
348
348
297
789
23622
612
285
165
1056
183
180
279
522
363
450
192
273
348
357
345
174
1377
345
168
171
36783
1011
348
49494
177
255
48534
183
17400
360
384
14109
450
285
366
348
20292
177
180
183
174
969
432
612
180
5490
10380
6372
3594
354
249
189
447
267
354
330
1650
360
270
348
348
549
27162
168
3939
165
456
447
369
1191
7431
462
14979
693
459
348
30519
675
273
267
180
282
267
360
186
31776
246
873
627
55086
546
273
168
1572
204
78813
267
43362
642
14472
768
717
699
852
345
72
69
186
72000
24756
212589
4080
900
267
699
513
94758
345
531
543
477
534
888
1362
348
174
618
363
624
357
360
81132
444
426
95550
954
72798
168
57321
534
717
7311
261
708
2178
600
258
348
372
345
381
582
234
174
264
1374
357
360
36312
14028
357
447
408
168
270
1386
348
717
48693
282
171
450
267
5007
423
498
435
363
444
705
70275
192
20112
420
339
183
450
348
603
519
276
168
348
618
180
192
342
6159
330
180
261
642
270
546
117591
267
189
189
264
27984
357
1482
339
354
1587
8421
561
1065
4281
447
273
1068
261
597
174
357
345
435
87375
444
846
19632
29685
174
47715
351
720
402
603
639
444
609
26553
594
450
41373
426
363
441
807
543
360
618
840
609
168
174
79986
339
56616
717
174
186
429
291
174
1074
276
933
177
34623
165
7590
270
261
180
67389
53034
918
28806
8082
867
258
852
189
105324
171
621
363
519
1200
4800
351
318
984
894
276
12618
453
450
53112
897
369
540
414
8685
1575
378
2379
72258
357
45837
264
276
87132
16128
351
258
18276
174
16395
432
174
186
600
414
516
180
363
363
603
618
5964
621
168
435
41949
264
186
183
189
144153
33543
76674
270
612
189
20679
189
450
28728
17652
453
192
6165
129306
276
267
345
345
42858
32160
783
264
97380
267
1242
450
339
345
180
441
339
1020
267
249
189
177
67320
186
876
348
171
531
354
462
180
180
885
267
165
91620
282
55764
459
6681
255
441
363
333
519
381
342
810
879
696
180
258
369
351
168
195
276
729
525
1113
252
801
74292
684
40023
54057
705
450
354
99102
870
255
258
282
8631
282
12504
717
270
831
255
423
621
333
522
267
2559
5967
13128
729
954
34809
285
174
174
528
25698
183
180
171
792
345
186
417
771
354
261
62820
177
276
441
177
7518
972
1110
534
519
30600
195
55470
64560
25803
53031
180
579
86304
519
183
519
375
5925
4722
693
177
444
864
936
24117
59043
345
276
54729
183
618
444
180
282
180
345
171
372
24279
777
258
1269
510
168
897
264
276
363
264
86856
13410
618
273
1101
354
192
924
339
258
180
18900
897
264
435
426
245943
3378
13227
426
423
918
327
723
246
186
357
177
714
1137
10626
681
267
615
63255
19359
261
108147
168
642
615
951
201
180
336
180
171
279
822
333
336
438
375
171
195
717
4488
12129
456
186
174
441
723
513
261
282
360
12150
171
564
723
1386
189
3132
186
270
186
261
1884
177
180
13881
273
177
444
183
102783
177
37374
65037
37590
180
1341
28143
1149
87609
342
285
1455
1329
381
8433
180
186
20775
189
369
1047
267
5130
183
168
336
29718
183
363
180
519
546
606
423
192
270
450
27741
714
279
180
360
885
73467
29751
16833
270
516
192
63246
288
258
186
186
282
501
435
477
171
186
72111
450
258
1197
189
7551
10098
429
879
348
339
858
36627
14145
264
183
423
96834
1464
14994
16950
273
348
13890
186
23913
510
183
192
270
420
186
60831
774
432
12711
28434
177
789
18948
972
40311
702
285
183
504
258
522
13041
282
31545
534
180
273
168
267
339
531
264
537
57759
171
798
189
519
267
435
35112
603
183
174
276
627
171
438
41811
273
25413
177
423
516
657
61557
168
729
17616
24300
351
183
30234
282
276
603
276
174
366
177
615
183
183
4986
603
171
435
579
1179
768
186
621
273
192
186
705
17607
192
165
26187
519
183
963
186
22320
56499
171
177
47820
846
22641
1494
174
354
62820
528
32850
552
162
351
94608
282
177
363
189
558
447
453
14835
108414
13638
1368
171
846
441
264
180
15297
177
10893
282
522
32502
267
6231
354
363
171
171
504
174
546
255
23169
276
453
267
183
168
5181
510
168
273
180
696
177
411
186
24516
549
14589
765
1317
14187
7551
429
540
52869
18114
633
969
46002
183
351
21738
264
357
276
183
516
45366
192102
453
171
522
186
171
21345
1125
606
174
41967
14967
1158
171
19839
1479
56859
273
1146
174
11883
16470
264
1179
594
1104
513
657
285
109581
444
696
189
195
10758
174
441
609
11088
267
181353
255
23931
183
258
705
26073
717
273
261
345
1074
363
1479
267
273
249
1119
858
12348
603
285
777
183
186
369
25632
348
189
345
882
43992
798
351
19638
267
36747
168
363
252
183
519
342
621
168
432
171
183
381
294
201
420
41973
270
276
699
360
558
591
543
513
1017
14676
104847
279
186
7233
450
798
513
360
171
49734
159
16329
291
252
768
5136
639
942
198
189
306
465
201
17652
13614
378
522
453
54789
6435
303
336
516
978
288
3765
414
38961
6654
25866
30117
249
522
180
92604
189
441
420
38481
285
255
519
843
60117
1146
195
258
282
264
195
261
345
264
468
195
528
21627
195
282
909
261
270
43908
384
438
648
423
6870
183
8400
558
201
561
420
5673
192
432
240
582
429
249
44385
324
159
504
192
921
345
8118
294
249
23700
282
261
162
1134
741
3882
597
471
189
840
183
276
276
255
363
264
255
342
159
198
342
174063
387
258
41790
5148
279
558
255
432
255
2442
297
24681
186
5337
303
4407
435
249
699
438
192
3459
252
51519
1005
198
195
249
483
270
501
336
501
456
537
165
174
360
171
195
378
591
810
2274
4827
186
336
1197
246
15159
255
19341
14061
690
35154
345
11253
273
519
741
198
567
609
2730
180
576
762
624
201
465
28956
837
189
231
195
1440
180
6603
1329
189
426
198
8085
309
534
198
186
7944
183
261
636
492
288
282
819
381
21000
189
591
600
198
288
546
273
495
459
279
504
462
267
690
333
309
198
411
333
354
1356
813
1095
432
207
255
369
348
450
59145
291
207
273
183
900
177
987
744
909
807
345
198
207
264
282
345
522
255
1344
342
8799
195
630
282
201
930
255
825
486
345
14706
471
22599
183
423
279
354
23706
195
9279
258
342
1245
37320
3006
195
2247
22653
360
189
420
1023
1380
735
198
765
273
201
291
195
249
993
627
183
798
378
282
288
252
108924
288
198
285
771
480
165
192
279
282
276
168
15465
339
37968
189
77133
195
126195
387
333
201
393
333
315
276
384
513
168
369
186
258
564
273
264
162
402
189
423
693
186
165
19764
6780
201
525
204
177
243
405
735
300
171
687
564
156
279
963
249
252
11886
819
423
558
618
816
678
630
246
77010
501
528
92106
2241
342
12891
342
288
375
426
576
1056
411
264
432
156
171
28311
189
240
159
285
183
201
28122
381
297
258
372
285
64581
183
20607
312
201
420
537
456
381
501
348
198
426
201
414
198
27261
249
25767
384
17289
570
363
354
53811
741
8046
1146
363
15573
189
357
378
279
363
198
186
771
195
441
690
15087
282
579
258
306
363
35583
14148
642
282
252
342
828
1248
369
285
26559
366
195
39435
198
192
330
285
522
297
255
1047
1077
288
180
52116
60873
993
258
702
453
180
648
1065
258
183
498
360
273
414
651
429
189
282
351
372
2805
267
423
306
162
204
276
13074
33582
204
165
186
444
198
348
189
207
468
207
288
486
393
354
29271
183
354
615
459
702
3858
816
51144
50064
942
19356
993
195
192
1068
336
372
30177
5346
333
513
22692
16509
192
198
279
279
285
183
288
28503
264
318
180
195
333
5253
351
1896
183
681
495
549
336
387
723
369
390
462
432
14247
12807
19986
525
2049
261
13905
14601
282
906
162
933
258
519
4941
294
297
9897
774
1632
24477
594
273
285
168
714
246
62880
285
390
537
459
201
162
267
447
273
207
1170
912
195
285
324
699
177
516
2529
189
21183
279
267
21288
34281
180
336
29265
24189
285
663
70344
195
180
168
201
531
1002
282
1035
348
22233
23133
35505
279
291
192
435
270
288
579
192
171
282
282
276
699
921
192
198
504
612
423
159
279
195
375
291
366
750
357
282
249
186
1587
183
366
1053
195
282
198
186
240
369
678
13206
264
192
1086
270
822
261
414
264
171
345
165
42231
255
906
492
26181
345
183
441
18090
204
273
258
270
127530
240
522
1896
1242
195
303
420
549
495
189
309
609
168
1050
207
177
516
498
192
6906
591
282
1017
513
153
441
249
198
195
70089
195
23688
189
477
2367
654
297
1035
195
19911
189
309
195
249
537
52683
276
447
165
432
261
288
732
279
387
594
9774
498
264
186
381
444
192
1002
279
64443
183
279
417
201
981
450
10428
38943
11247
201
939
180
669
360
351
39060
3234
37137
198
288
243
27558
432
603
252
189
189
291
567
369
264
813
267
52917
648
288
804
16926
405
183
507
306
366
52650
282
192
351
435
210
324
63006
300
1224
408
9102
111306
429
246
258
501
357
55569
777
85449
30456
507
35094
183
82107
198
18771
36267
198
1290
33201
195
411
780
201
285
534
363
729
33663
558
192
252
261
414
53418
156
927
246
459
390
423
201
390
165
198
180
348
252
273
9849
741
168
276
282
252
249
441
165
7383
354
282
1203
249
780
258
807
1128
345
10515
249
666
53862
348
195
552
4518
11976
426
258
240
180
288
198
321
447
285
375
76362
23304
267
189
20619
249
390
666
369
285
42531
276
207
633
16929
462
582
702
369
333
333
282
13026
285
891
189
180
351
522
522
21330
86076
384
264
369
255
5502
435
609
67791
480
459
264
612
159
720
189
195
690
171
285
918
420
744
192
348
195
258
282
42645
240
192
204
423
183
16722
53580
171
276
20151
777
279
600
55593
459
15984
891
339
27738
264
16140
177
19833
1437
246
1875
156
339
195
180
168
363
291
267
192
348
189
174
255
14763
330
291
414
519
240
16266
124791
285
360
609
396
1857
11106
681
249
270
3513
264
1419
267
174
351
525
198
204
294
285
255
411
201
3711
201
303
7275
897
264
486
171
327
255
528
180
369
675
11733
204
255
264
171
564
273
615
9021
546
324
285
201
285
47190
180
171
15192
7170
261
351
198
867
585
2445
1974
1017
174
69957
927
63507
246
1740
2913
933
10689
651
282
72330
330
582
273
174
267
22584
627
24564
1659
420
22797
192
483
264
288
327
288
198
552
189
384
369
411
639
201
4410
33978
306
201
426
14469
3831
249
441
201
279
198
429
324
924
426
12714
264
291
279
489
165
900
669
1062
282
420
372
198
429
9468
288
816
576
501
249
441
801
198
171
201
279
40551
531
537
249
53646
50250
261
342
669
252
579
195
15522
32412
7767
375
504
612
1257
291
207
7203
261
192
510
168
168
45069
1086
4161
1044
444
198
318
636
168
237
954
591
495
345
7098
432
456
444
363
252
282
285
201
882
420
282
936
480
204
450
423
177
207
798
3594
18156
777
279
405
192
37575
1890
1683
621
3273
738
1161
255
744
6867
198
177
201
1302
264
828
369
192
363
267
423
267
34719
867
435
204
480
579
201
771
990
24201
258
753
417
192
942
273
67647
363
291
3957
291
3579
270
273
171
420
1947
10701
282
28713
13545
465
66351
423
258
276
258
2232
315
996
17703
171
12360
6375
189
255
348
204
186
525
462
198
432
171
342
192
660
15492
267
198
294
267
372
375
396
669
204
285
4209
678
396
249
414
39036
294
591
288
186
438
192
453
30432
342
261
783
570
189
465
444
933
71013
759
285
171
462
1425
255
264
522
501
207
276
195
198
771
10653
27270
7119
195
195
705
192
207
336
441
282
420
444
591
294
276
1131
600
291
174
255
816
294
522
375
1059
468
279
201
1101
384
14379
570
180
270
1083
57405
258
258
192
990
189
207
285
8055
657
174
201
168
657
288
258
342
270
618
252
285
300
291
657
192
285
537
516
195
435
10467
507
798
666
285
513
486
177
282
276
423
258
285
561
648
3315
519
663
273
870
570
207
198
249
276
513
717
201
276
249
87696
198
438
276
174
384
753
270
195
360
516
192
1005
879
66660
204
1452
954
348
441
41529
339
72108
249
249
273
600
429
450
252
18939
264
24390
195
291
285
501
264
279
408
444
492
372
255
450
372
372
288
495
345
513
489
204
6639
345
801
20565
357
291
57186
11082
1170
357
279
459
321
486
174
270
13347
4917
204
678
228
198
894
291
330
186
180
213
732
159156
195
279
252
207
792
204
423
204
62694
285
735
390
7722
699
486
255
426
282
252
13053
279
765
1707
5403
438
681
621
285
1482
168
351
279
201
6279
876
504
348
579
294
534
576
204
168
267
636
282
282
249
279
783
300
558
10569
681
16512
198
204
333
747
21450
282
198
378
591
21441
201
372
567
294
195
318
435
201
282
513
285
672
288
390
363
1164
195
510
204
288
48243
627
351
360
495
192
27579
189
288
339
204
333
453
174
195
276
171
414
270
192
2391
264
171
747
369
810
564
1044
79983
426
369
342
525
255
12228
285
426
597
717
345
537
348
765
348
324
351
588
834
7515
195
348
198
357
282
273
318
198
168
1590
948
429
4854
5652
195
279
3039
195
3849
294
195
165
465
14340
573
198
240
456
675
270
21819
504
1656
198
1041
342
198
18975
537
264
597
177
17103
36795
363
408
267
243
627
372
519
294
288
270
282
219
270
474
171
279
198
330
426
210
177
681
660
33159
369
213
201
294
399
348
195
285
1332
594
462
20709
279
288
13599
53544
1950
204
678
426
195
171
255
192
204
171
648
204
79974
44454
366
282
279
492
501
402
342
507
306
528
579
288
606
237
294
480
22932
201
348
468
438
204
165
261
174
270
198
360
4350
405
255
960
192
363
201
261
426
264
360
288
255
348
633
501
261
171
6189
342
822
546
195
384
288
142644
1014
354
40647
1008
291
7176
285
210
348
525
168
591
510
9168
339
189
693
282
258
510
1143
354
276
2271
1002
255
22200
7809
336
282
273
5388
339
16317
339
61476
459
522
579
351
774
1014
195
41220
279
744
2895
264
411
831
273
258
510
750
198
201
363
47610
180
282
246
207
363
207
261
1353
378
4689
285
432
13911
528
1461
678
7482
822
168
168
840
252
38925
19359
435
213
204
294
165
426
23955
270
405
183
183
294
192
831
273
189
210
372
693
24972
216
396
1110
8496
432
1089
315
243
168
276
264
1311
297
318
375
516
360
591
288
807
501
4578
666
420
5580
3057
1050
411
339
189
258
195
285
9669
699
294
282
429
42873
756
327
55500
483
216
267
276
273
183
258
1089
450
651
14937
864
954
201
18678
750
603
300
282
7002
180
426
279
27648
177
282
207
360
624
54654
249
378
31716
279
357
435
273
288
204
249
1548
20991
7575
438
189
195
705
198
1719
171
927
645
336
198
174
471
594
357
8439
846
261
438
267
594
282
22383
252
204
276
423
822
