127:0:0:0:0:0:0:0:0:0:0:0:0:0:0:0: (total 5)
0 1 2 Thread 0 going to cpu 0
5 Thread 1 going to cpu 1
Thread 2 going to cpu 2
8 Thread 3 going to cpu 5
going to barrier (cpu 5)
going to barrier (cpu 2)
going to barrier (cpu 0)
going to barrier (cpu 1)
Thread 4 going to cpu 8

STARTING...
going to barrier (cpu 8)
STOPPING...
Duration      : 10000 (ms)
Acquisitions  : 21339466
726
867
450
1689
648
1206
1605
903
1632
4893
1716
2277
1728
1758
1149
765
948
23337
1146
723
228
1842
1953
249
1044
1023
1335
408
1461
1197
237
831
2607
1218
1548
1587
1290
10737
1485
1572
711
1542
1308
8109
1107
4584
909
1038
36786
1281
1089
1011
1656
1578
1002
2055
936
1149
981
1056
3870
1509
7683
2850
2091
2793
1344
969
1617
1065
1434
849
978
981
1383
1449
3651
822
1005
996
1461
771
1494
4536
1140
1212
876
747
1668
2043
873
1485
1134
1539
972
1350
2172
1431
5406
2070
9996
1869
978
927
927
7473
966
1218
240
765
2055
1272
231
1380
4377
1188
903
3501
243
1554
1053
1299
807
3972
1308
981
885
16191
5793
1491
1431
1386
1926
1842
10131
2226
5355
1593
5109
1671
1437
780
318
9612
870
1035
1104
1647
13599
2064
1020
414
3663
873
7503
744
1470
1125
11646
1533
1470
543
993
2838
2379
1119
915
1680
1434
435
822
963
765
999
20658
1416
753
882
1479
1533
957
1287
4101
1566
1188
1044
1164
7650
1326
9516
1317
1320
1215
792
867
1329
1398
918
1230
1656
1038
1308
3009
954
13245
1716
966
10458
9336
11838
1377
1140
2160
4884
1416
4284
1041
921
2829
1263
870
3093
1041
1488
1164
1491
801
1188
1950
1008
924
615
1341
318
738
882
2916
897
207
1020
864
954
963
1635
1992
1260
1062
2064
1374
1341
1329
2394
891
1119
837
462
864
1203
1716
2193
1788
612
1971
1644
414
14607
918
333
939
8373
1023
2424
930
993
1521
1680
456
2373
414
1938
1794
1125
321
864
1107
333
1056
1344
525
2562
2361
1200
1206
1407
1761
7479
1065
1023
1011
1152
849
4617
1203
1071
1836
8385
1095
1338
363
1041
987
939
849
20478
1377
1557
888
3405
303
681
1077
522
3405
1149
840
5271
1080
1731
873
1866
1152
1824
993
2745
966
978
1479
1284
3939
1026
1710
4977
1251
1851
306
1269
465
6057
1254
1407
4149
1833
10191
1875
786
1206
2184
1242
2772
1470
2430
2868
1158
2655
1023
873
1740
1575
1131
1101
22170
1311
5058
2454
4476
1182
1287
459
1668
2043
924
2205
834
1404
2646
987
3216
1167
990
2415
1017
1383
1332
1500
1371
1326
14229
2682
996
1038
1551
1200
906
702
1452
489
2997
2370
1806
1923
7227
1056
1509
918
2085
306
969
18174
1233
432
1275
492
840
789
3414
918
1344
1650
1017
867
1212
1791
810
3078
1494
1080
834
1209
975
1344
1734
2250
1419
1107
8454
9510
1116
1164
543
1659
1773
4464
5913
1929
19842
1467
2874
726
1239
1380
1830
1542
1272
1176
573
9009
429
18870
1431
1161
9501
1281
834
7866
471
2067
1224
360
1053
312
1002
2106
822
1740
2148
1011
1554
984
951
1191
1551
3993
1263
1383
672
1053
1842
2181
2598
1605
1044
2166
1308
3330
1641
990
708
822
1737
1065
10113
981
918
1128
2163
1209
864
222
798
1641
822
1104
1755
2460
999
1035
1233
1215
1716
6219
882
2184
1779
1002
1287
22104
1506
1029
4110
2079
1362
1833
1257
1113
1185
1116
816
1944
312
2670
807
747
3144
2274
231
1290
306
1023
690
837
786
804
1254
1830
981
978
777
2322
933
228
1419
786
2535
1473
1143
1224
840
243
2376
1461
246
897
1461
849
1032
1152
1587
1746
1764
681
906
1245
1071
987
939
294
1086
1902
1908
1650
1560
789
4038
1701
945
1971
1263
1260
876
1074
1389
1866
1251
2220
39273
9750
1461
990
1710
1380
927
942
2835
1554
411
1515
996
2253
3591
1506
1128
969
1569
978
1425
1251
498
1746
1185
234
1368
843
2214
9864
3267
1434
2550
852
2232
1413
1983
1374
1743
924
450
960
1299
1362
1155
828
2238
1206
30474
1815
1263
2550
3015
852
1059
8871
3120
1308
1287
1995
1296
1845
1479
1341
1077
1731
963
4401
2823
843
1515
1974
1047
1458
978
1917
1293
3486
5232
975
1257
1107
1497
726
1284
5313
1608
708
1839
1992
888
3816
1596
1143
5874
1449
1107
435
2328
1380
1224
1002
1989
1326
1587
897
972
1020
1164
1137
1227
2010
1230
1431
1272
1296
1656
1020
939
1704
456
1167
1287
1368
546
975
1149
2016
5427
5799
249
1146
1362
972
2163
8835
1266
1410
1344
1134
1035
471
954
1209
1761
1065
1095
1659
1113
2529
5229
1002
912
1101
1485
534
3528
783
906
1779
1566
1140
13389
1146
4083
2247
915
768
1119
6933
1167
3537
1563
1806
162
1932
282
1707
1464
1395
1218
882
921
1134
1239
1164
1149
1485
1356
210
978
1797
9849
1236
1419
867
1143
888
15549
1323
2379
1236
1395
1137
17328
1167
1155
1917
1263
915
1404
1134
21855
177
900
1098
918
1305
213
969
1197
930
1413
999
18720
1371
1578
1623
1185
1596
1971
1578
996
24801
2286
1992
9138
885
1062
1182
14199
1950
1143
2211
897
4953
498
1692
1386
1548
192
3051
1632
903
945
1302
1293
447
1026
1635
1371
1143
1089
1437
1440
1101
1482
3711
2064
918
2160
2013
1728
2997
1587
1191
828
837
840
813
4284
1002
3516
1380
1032
1932
3135
1395
828
3039
2721
1344
912
1050
759
942
4383
1005
1131
6018
1377
1062
1272
1419
1131
1632
4536
678
1500
1413
933
1413
1317
855
1599
1818
2214
1041
1443
7725
2547
1500
1884
1320
1290
954
2547
963
1074
1149
1056
1377
294
2208
1167
1158
1611
2241
1287
1005
2409
1248
1494
1119
2076
3003
2703
894
4485
4110
1395
825
1674
1194
1335
1560
507
1365
1455
579
789
864
846
1146
2205
846
1464
237
1575
2022
813
1296
306
3876
951
7248
1137
951
1272
3768
2112
1812
5094
1062
1833
1140
15111
861
1026
1830
1815
981
600
2169
1251
1413
1029
1389
1242
1518
1308
2625
1008
1683
7206
957
480
1215
1749
366
8571
6240
174
789
351
711
42969
18534
270
354
183
1695
360
423
180
273
453
30162
4665
3414
354
180
699
3993
171
13539
195
16650
252
594
180
8445
1023
171
285
165
7113
351
264
183
267
186
174
423
699
423
429
687
174
351
615
192
696
4584
255
183
183
357
10170
357
759
60198
258
264
261
180
2118
267
615
249
6879
267
171
15069
1518
264
4785
1029
240
174
426
414
267
261
516
432
441
192
345
165
165
177
28545
249
4992
177
255
171
264
13242
249
264
417
183
885
13563
42357
510
327
5382
246
4002
345
7749
255
183
11034
189
435
339
20169
711
198
360
180
180
183
22719
420
438
261
273
282
420
258
168
276
1980
258
180
180
348
183
171
345
171
2364
345
17643
282
348
171
351
180
354
12534
1854
186
690
504
537
864
6264
258
270
14346
22809
195
5649
1068
183
168
252
189
12711
348
26775
180
20508
159
270
957
522
348
339
270
2976
186
4167
249
165
28371
180
8130
10038
183
4104
357
183
8379
345
615
525
267
4569
31308
348
441
528
1158
591
36141
522
792
192
354
186
3786
2298
183
189
25710
864
519
441
345
255
345
9453
27696
2880
783
537
351
1035
12006
2790
246
165
2184
1116
177
6555
264
447
1119
504
366
600
174
420
9441
165
183
104820
7377
192
264
9102
258
438
52548
1335
2988
9594
693
13833
20094
246
342
183
1104
273
174
183
30735
342
258
27663
264
6888
270
168
11475
183
351
8994
5016
531
771
357
45210
174
15429
7740
58968
264
7035
945
279
48351
588
354
693
5139
339
258
699
162
59004
258
23184
411
2529
582
180
7554
444
255
348
180
429
5511
165
261
351
174
282
183
25158
345
8370
861
177
183
438
177
17358
183
171
171
435
366
8364
609
121368
426
357
13815
14400
74817
171
54966
1431
24765
6642
183
6360
270
2559
357
270
261
420
534
264
264
3012
612
522
165
261
192
348
2622
174
4239
615
15060
88842
174
195
183
342
11640
12789
18633
270
162
348
174
192
55983
14817
25035
354
66552
165
168
264
21411
177
1794
30756
255
357
24192
261
4371
252
357
351
537
360
270
15081
177
2862
150
63465
351
669
165
849
192
582
3762
14655
342
267
1014
264
183
258
168
282
174
186
21228
168
318
7677
168
591
270
26457
1926
267
447
363
267
534
264
534
2991
20541
6363
192
534
336
20166
22593
267
114528
11301
23358
27768
177
345
528
351
195
69015
44754
4179
510
1449
17823
411
273
17943
354
255
39654
51519
426
177
159
450
186
534
180
1410
1821
261
30903
10575
183
1158
183
174
171
339
183
348
95700
339
60270
270
303
201
104826
8814
22716
8496
183
38451
774
20622
345
525
369
282
372
270
32661
444
258
40680
594
267
603
276
54420
525
1596
2595
186
528
29619
333
252
276
174
792
47211
171
6909
50334
16134
22203
186
432
171
345
591
174
12135
27726
1287
174
435
168
22320
183
36636
25233
171
40722
258
13308
6129
162
5379
6480
3066
4488
786
261
8247
1965
192
363
180
1791
525
351
1371
189
67620
525
41619
159
37137
1113
453
2052
255
261
186
357
189
588
525
363
50346
429
9558
450
936
276
168
276
180
255
366
189
9798
174
264
192
264
582
1119
162
2109
783
114273
264
204
168
1185
20586
258
783
140106
612
261
330
339
22920
174
270
435
3531
1617
16188
1041
12567
825
2646
2793
348
693
1563
606
5085
426
10404
264
504
267
4845
330
4467
2628
441
168
615
2055
39924
5385
18963
813
183
939
258
123228
528
351
462
423
714
687
270
50403
264
13869
252
954
1389
267
279
189
126726
19404
255
8631
31515
705
17100
276
5511
270
183
354
22572
267
276
174
282
783
1038
693
450
267
450
177
4464
339
447
66309
339
354
174
192
285
261
14256
360
258
37233
57087
171
10785
1110
696
180
1116
20073
23544
183
3036
174
174
957
11382
180
516
10107
342
174
6813
264
186
273
22329
174
56373
276
10506
252
48273
261
186
2511
3771
531
606
372
285
375
177
165
12492
3321
444
339
522
543
29523
5553
20007
44220
339
15225
264
26358
168
13260
357
255
360
336
2973
50871
59145
6588
171
348
336
687
177
195
270
180
171
264
168
351
252
252
336
7587
255
330
522
3075
672
198
792
441
513
426
858
519
363
672
258
18387
19149
267
31464
177
522
10479
348
351
939
336
174
7383
180
435
258
525
53208
1110
6384
4734
261
2379
180
267
528
243
186
26805
612
522
12294
438
351
363
351
43569
426
189
237
3024
333
13341
606
105900
426
1017
10491
345
945
183
4458
360
426
531
5391
1176
183
174
174
44400
14763
156
783
20655
414
684
264
678
43176
591
7128
183
69684
276
1059
168
168
1470
177
339
7968
261
1116
525
171
2802
17148
168
31989
255
30732
261
207
351
948
186
1125
348
270
183
8475
39993
1371
159
13851
180
22356
177
270
255
5037
771
11262
17808
34428
261
10062
3621
771
354
255
1512
180
429
354
14307
3297
186
177
447
186
192
351
60918
447
168
4887
64218
249
168
255
348
273
150300
339
183
12012
189
264
246
447
795
330
351
15399
7368
267
252
33876
948
2211
351
53331
17871
531
183
177
13215
174
16236
369
246
351
420
189
180
183
261
22812
360
4833
174
3003
270
177
186
180
183
2193
44304
25692
171
345
13020
4410
4368
38484
10323
333
171
594
10827
750
62484
17595
747
1059
252
336
435
4686
8250
12855
354
192
17130
498
393
192
201
2943
9696
3150
282
279
765
243
363
564
13542
35889
285
31074
585
22668
42087
330
186
189
4758
207
1272
186
246
1563
417
288
7425
327
165
456
43713
480
25539
279
375
198
56511
639
282
7413
12495
80949
207
195
261
426
1188
12990
321
273
6228
4368
149076
2049
195
345
555
189
282
1398
276
2268
867
4083
396
279
168
5079
192
360
7224
48045
3597
2112
339
195
252
1452
30369
747
330
405
12882
414
4659
2031
411
207
5853
56805
4560
447
273
1398
702
447
15477
52899
261
2499
14889
483
849
279
375
489
342
22794
195
3171
35904
19503
252
17898
216
351
363
210
405
59148
168
567
336
183
9261
507
9360
444
143085
186
1842
369
183
6669
627
1137
597
186
28446
15297
168
8508
429
195
11385
195
19143
162
204
459
252
192
366
480
2415
483
357
41496
399
255
171
261
267
450
10674
357
660
198
261
288
74190
177
165
195
34518
591
7806
23283
51108
171
195
13557
33777
2388
9594
15027
207
207
201
249
25482
45945
276
489
198
21546
189
396
282
7626
17349
444
747
192
198
360
192
23586
249
3021
162
246
23985
13938
21309
192
195
1683
198
273
192
420
204
264
4917
375
177
198
195
177
198
201
2514
276
177
195
9567
195
279
528
10011
570
282
354
645
210
2106
168
14448
189
261
51210
36837
20127
192
612
8175
405
192
13122
76260
195
13212
195
3957
255
48024
29520
7692
534
10287
393
42861
189
55065
339
5061
282
348
354
711
447
68430
393
66720
6159
261
213
354
516
279
213
45753
5145
279
339
104943
501
21204
201
258
474
13074
174
204
198
192
210
1182
498
276
27783
3438
8121
18378
165
195
606
885
519
192
3441
495
948
360
201
294
115599
477
13149
360
435
207
26772
20496
264
915
183
264
213
354
9402
255
894
258
369
444
291
204
291
171
369
285
204
204
3699
210
3900
345
414
2556
5709
486
19128
285
264
198
207
15387
246
294
720
261
300
207
67947
426
15759
240
207
13350
171
17130
435
465
201
468
195
252
210
267
195
519
426
11886
174
174
18459
723
213
813
192
216
546
198
4482
261
27639
204
198
198
288
648
291
261
372
258
351
333
5562
273
336
81720
198
282
34374
297
285
13269
138
72
75
75
66
9714
528
51282
33177
3894
390
29160
3327
3240
246
255
14361
9660
73587
50307
348
168
240
576
555
420
2106
186
327
3618
40488
168
255
369
195
264
336
177
399
339
282
837
258
12981
639
18186
249
2325
177
276
198
4404
279
195
198
201
21357
408
1203
450
573
258
21438
16482
4689
411
924
207
381
195
360
28020
252
474
162
252
28596
1401
39771
28119
5508
5010
1836
2142
177
26802
1947
690
531
4368
174
201
16317
18735
261
10578
171
5166
9312
339
1887
207
198
22695
738
249
255
258
648
708
2778
732
435
495
63294
915
474
534
1728
189
15615
255
282
177
23808
168
24027
504
258
357
168
28452
3039
207
717
177
189
360
258
2535
9216
15945
255
162
20505
258
282
37746
585
30315
19560
555
285
4791
18303
192
2151
16401
65679
570
555
54312
37308
279
192
417
192
582
276
390
252
21258
2382
402
330
918
174
297
3501
9291
7560
288
4893
10761
291
336
9423
18405
15903
26973
45756
8592
9435
213
8373
180
282
342
336
8415
480
5211
528
14355
378
1914
7383
21972
465
177
3036
47931
42192
44115
492
378
33330
816
423
13122
486
15051
13074
279
48327
3579
252
318
276
2898
210
255
8202
510
183
3021
216
195
351
432
810
339
16605
45579
279
171
45561
294
22815
8517
480
318
252
39030
207
198
291
261
258
165
1209
168
252
336
11334
2871
564
618
264
75252
471
336
975
189
339
195
372
432
261
3516
10089
258
252
73119
447
5127
279
468
46494
13548
195
5067
18909
24276
558
31464
7077
46461
720
522
732
276
183
399
189
11310
618
96930
333
279
183
5589
36189
393
339
306
11604
489
558
879
192
459
28011
189
549
258
30786
34374
489
828
21417
4215
198
474
11880
276
8898
23820
198
471
378
165
9048
420
315
18312
186
585
297
2031
510
2205
1794
31320
74610
11541
2511
192
195
58329
16161
198
369
28251
13920
192
552
5814
8601
44628
252
8667
1047
198
603
246
42510
40899
198
414
348
357
210
207
18051
52707
303
8331
2829
1191
15135
501
396
168
31137
46224
7374
26835
12180
46152
3462
10281
55152
9711
3966
3669
19947
198
74826
17484
52863
198
195
201
5247
576
10950
546
27675
213
954
675
192
30843
186
309
19386
25305
210
639
246
183
2280
195
255
663
201
27585
504
198
3117
339
276
3291
2934
1410
21270
177
21177
83487
5139
45546
372
8253
444
165
5628
381
1437
720
189
495
855
549
198
13725
207
195
450
195
36819
195
192
510
282
204
22794
201
3717
2037
279
6117
3300
96372
6936
255
315
201
1182
261
378
26715
4800
13725
8427
5778
435
393
267
192
26319
522
261
444
195
192
423
276
6081
37008
528
198
29412
10713
339
249
474
12894
195
279
15672
13383
4014
717
5556
177
4875
192
264
21267
5166
336
492
46518
426
621
171
3159
8238
264
3744
264
192
213
198
378
252
4068
252
858
210
279
711
276
26784
582
10317
279
27303
603
7419
285
3597
13794
6972
11484
2364
7347
9711
5160
22431
16341
3918
6678
210
204
50490
207
192
351
666
210
150
18273
177
246
19425
900
204
29676
450
15465
267
3168
7068
10689
37173
25035
63315
171
369
699
336
69534
195
768
447
45507
660
279
9048
258
156
288
606
17187
186
249
46965
20523
360
7572
2136
2583
51447
984
2058
576
621
660
10017
198
5115
51570
186
663
267
8013
432
49050
249
7560
53718
573
261
7746
24204
13131
273
270
471
993
34068
7317
4998
1434
3951
285
58977
249
198
21507
61434
17244
153
339
3693
663
258
153
618
615
612
288
618
981
5574
123324
29553
759
192
726
1737
6957
354
6972
351
174
156
11904
198
258
597
498
65901
44541
276
7968
774
1194
258
468
483
189
171
207
22206
195
5817
29982
510
18582
18282
1665
285
24414
65025
2655
2043
150
15489
642
1572
330
29670
14397
40488
174
252
43749
261
546
600
24609
9030
486
41352
174
450
717
195
7116
279
159
369
411
438
20721
189
11718
168
174
1026
20751
16137
384
15366
1032
12993
198
255
3765
25959
33633
23961
1383
39648
4626
258
119589
42156
1890
5349
207
17637
13620
195
192
498
756
765
249
4812
37590
198
153
195
195
1149
25170
372
660
16845
417
11436
345
34530
9408
3111
30285
84093
387
34929
288
288
288
471
33063
156
9756
3147
357
33525
1131
42069
29781
1206
351
198
210
186
23274
261
261
41655
4473
252
270
56235
33387
675
207
792
288
438
246
663
2967
561
19653
270
15381
411
15216
1857
2133
37653
6060
22254
20568
198
162
195
195
543
192
189
1167
510
189
32835
1005
210
207
420
531
186
306
195
285
192
807
5403
297
348
4662
189
258
294
18450
2022
198
2430
58848
360
198
165
8559
246
4668
156
204
47052
64626
510
1176
24519
10089
360
207
390
255
345
195
300
444
195
498
315
336
168
4965
17997
3105
576
201
291
37407
13932
195
9963
276
189
186
666
198
396
294
7146
14754
4905
189
19875
219
35259
372
300
21915
180
201
192
420
5337
273
390
318
198
513
13719
201
162
468
204
303
435
585
534
198
258
429
519
1392
174
195
381
258
843
26460
273
507
14805
2637
180
714
399
159
579
9186
162
195
4455
39006
288
1200
285
345
7281
54264
168
22434
1173
195
264
201
927
360
198
294
282
11244
14133
537
198
198
195
210
285
360
300
1467
42438
1542
195
42162
9369
348
36744
189
345
27543
189
516
279
3573
18099
468
44406
156
36738
255
55311
192
19692
189
49728
26838
897
678
3897
26973
339
43980
47070
11079
6276
168
9057
49269
195
16248
534
177
360
189
564
198
153
3645
297
44682
5877
207
939
24018
198
720
243
3813
1647
633
192
168
309
1107
249
3282
165
22308
4053
507
261
1134
13563
270
300
192
201
354
744
22971
26316
765
285
252
8757
249
49503
59430
9138
5568
339
774
5592
156
26403
21948
258
6123
456
210
4707
1002
57516
169365
25896
276
159
1164
186
1095
28800
8043
12768
20694
441
426
9573
576
192
210
567
249
201
207
186
29253
252
519
1734
201
246
171
390
29052
19326
351
15990
10674
195
327
525
8280
1395
192
255
1113
354
14640
369
486
156
504
2589
14292
192
294
8589
276
189
14841
279
330
192
279
6333
297
393
273
30228
14205
411
34479
1431
159
330
648
40845
330
68325
198
174
1731
489
33972
156
339
423
204
21234
480
19650
192
306
192
19599
369
24462
20988
2211
297
14970
192
159
153
192
171
6186
192
282
2598
6120
282
495
84261
186
13338
645
165
165
255
4071
243
1050
2769
33156
246
7020
333
255
357
1797
378
207
4005
3516
192
441
702
8400
23469
81621
195
426
336
186
168
195
255
198
38022
192
1290
363
7425
4317
23754
22554
85635
2418
7041
306
456
747
252
3339
423
192
23517
19428
462
109701
153
24096
39717
336
183
420
57156
195
378
3957
1185
8985
3999
31791
3816
192
9804
255
20493
7650
276
5976
195
453
285
20907
237
60951
1821
198
3603
507
315
2598
156
378
279
7920
19107
165
252
92484
192
13041
12924
47043
189
2274
282
297
33243
6138
9945
357
28953
99090
3126
207
2007
468
20358
22578
1308
1884
5388
30576
4593
591
5250
23859
549
204
201
10029
183
201
18480
25017
168
186
336
150
2955
25761
318
3603
32676
5313
201
189
189
192
3654
5622
11037
6492
18213
390
1404
45432
4245
258
195
159
840
1986
17193
33312
405
276
10767
351
192
195
594
864
2736
207
888
261
456
537
1938
294
645
156
417
300
7140
210
201
27576
60501
2349
312
20625
282
39567
432
1113
4032
198
23769
372
10962
315
2691
330
42978
249
321
264
420
360
294
186
6384
192
522
867
186
10668
10731
276
747
306
195
186
2343
366
339
165
7926
186
831
306
156
9645
37098
28707
192
303
43059
249
768
174
11181
300
186
8283
60177
282
300
192
186
672
204
36084
339
189
252
192
9288
4470
474
189
6666
564
387
195
387
174
465
354
2538
6231
492
19884
4461
369
21210
273
14676
41049
20580
3702
270
204
5718
7611
321
4098
327
342
522
270
351
753
1008
189
1875
4632
29571
1776
285
2055
318
192
411
270
3597
192
285
24210
6486
192
276
195
156
819
47151
570
573
1686
957
3741
249
9279
6717
249
6759
186
18045
7740
243
330
1716
37068
15303
192
8358
339
12018
8352
261
159
753
255
40425
186
192
6633
20382
933
291
300
15105
17742
669
720
16065
450
192
198
249
21993
12621
1368
744
249
5121
1287
2112
1572
1518
1182
1044
1521
906
873
1083
2784
1092
753
1512
903
6360
942
7746
1098
819
1749
759
936
1182
2676
1383
699
1398
1017
1257
1380
1278
1401
1212
1803
1401
933
1548
6090
864
297
912
1968
1536
1380
1248
1290
516
1593
1320
945
1059
939
2850
501
2235
1377
1164
1653
507
1293
765
3387
843
2121
1029
750
525
1239
243
2670
1416
714
2004
3777
1413
813
798
1350
930
966
1992
1506
2565
864
1023
774
936
864
969
1962
3006
1488
1173
1296
6744
1008
4554
1368
1197
936
1242
435
1488
1698
6813
2121
1125
18423
864
2025
1509
2034
2067
1146
1134
1224
1209
1269
1779
1839
1179
441
1548
768
10536
2241
1293
1890
1212
2580
438
2538
1005
1161
756
987
2874
1353
2265
306
957
1059
1812
897
912
25506
945
1809
2550
2583
1395
933
2310
822
1821
5196
948
1851
1110
12837
2136
1266
864
1224
1440
7764
1182
2124
1044
957
1344
171
1590
1179
996
1239
1758
1959
1485
1086
1113
2238
747
1491
1281
1152
11298
5115
1512
1131
1167
927
738
831
954
1227
1218
1368
927
474
1101
942
1248
1470
840
1068
5523
25704
1419
1245
897
864
1065
1374
2061
729
8940
1386
819
1008
897
1077
21177
1971
828
1449
1071
780
915
807
1488
1050
1542
1266
1563
1176
1179
840
1371
423
771
8349
12081
1809
876
933
1029
7197
1563
2490
1590
1377
2100
849
1686
1410
951
3336
2223
1689
915
789
5559
957
1035
1221
13602
816
3696
1371
1410
885
1620
1743
1845
8499
1395
8022
1158
2325
1515
1650
741
12036
1440
918
1332
17106
1608
3111
1578
918
8961
1017
1308
1035
9654
1134
1260
3882
1500
438
1002
1755
1152
1215
1791
3003
873
1104
906
945
432
1245
16182
747
2376
870
1650
987
1533
7020
1200
1188
819
9678
1686
6789
1017
1011
1239
966
3132
885
1764
723
765
1050
864
2847
1440
14277
1251
12315
7605
14139
1302
720
357
1665
2250
1896
1779
303
954
1290
1260
438
798
1017
5502
2187
678
1839
996
1494
948
1437
1128
3411
3201
4767
2202
1089
954
1557
1617
879
1620
1128
1326
1179
1407
1830
2070
1539
789
891
2445
1302
867
2289
447
1440
3249
1089
2688
12237
1962
2436
858
5520
1563
780
303
1152
810
2022
1122
2727
4068
1956
1281
2652
780
2373
1338
2466
393
1518
1152
2367
1401
1365
9024
1302
1416
1452
936
3732
963
1653
1101
300
1113
6045
1467
1008
2409
1905
1029
981
21942
1230
1173
3093
432
1854
744
8043
891
711
3594
2346
1449
1515
1254
909
1350
2271
777
534
1512
1392
1248
1743
3732
1710
1266
7176
1659
2544
2388
3162
1053
1362
1482
2334
1323
10161
1350
2220
1104
1335
1359
828
252
1149
1779
435
981
2067
1845
300
1530
1044
1161
714
1926
993
24453
7452
972
2286
1344
1605
2715
1608
2361
1428
1587
1335
978
273
1362
1197
2748
1278
1389
354
1635
1074
1938
1527
1926
1098
1134
12579
4800
933
1134
1176
807
846
861
2598
1899
300
1629
1368
1242
5034
2610
1083
1464
2379
20217
1821
2436
1164
912
582
183
1131
1236
1188
1287
1386
969
1116
879
1638
393
1515
1728
1080
864
1323
1353
1500
2832
3060
984
1092
6297
849
8103
936
1104
2883
1674
6000
4002
1905
1767
17931
1155
1515
624
4299
1005
1509
765
1284
1788
2097
6039
3636
16566
1521
1038
1857
6588
2115
996
723
5751
3315
1518
2976
2151
1089
1770
1155
1245
2475
858
1524
876
852
1113
6588
948
2547
921
1092
492
909
624
1506
1524
3486
1395
324
720
2322
900
993
1086
792
831
7533
2652
918
1053
1164
1272
1095
1548
1767
960
1101
1023
1101
534
1521
1359
1035
1821
2367
1020
3774
1407
1743
2190
876
690
1269
20454
1257
768
1791
189
3972
1185
1416
1065
945
1134
1182
963
3069
1671
852
867
516
1320
2061
2067
747
873
1038
831
1083
1884
1353
1122
915
1626
1920
2157
1218
6174
1254
1533
744
2643
492
1221
3003
1965
963
1476
1602
774
1038
1521
2991
792
1332
936
858
2382
1602
1923
870
777
1020
5715
1047
1251
2184
846
1281
936
1221
1776
855
1596
1977
14409
24987
8001
1212
1182
1326
2472
1362
1338
4551
2577
1671
6018
1473
1716
1173
3834
1266
1218
2226
846
1833
969
1305
2334
8148
5532
1278
816
1206
1701
1173
2088
2136
1227
2517
1548
1032
1254
960
948
1764
32724
1479
1350
297
1662
591
1986
1125
10776
2319
2778
1290
1476
1386
858
1404
1074
714
1308
306
834
4926
1212
1068
303
1368
837
1029
1026
321
1017
5673
1284
1224
1101
792
1350
3372
2283
1668
1200
1053
1362
1230
2736
2226
897
1842
1041
4074
1356
2091
2778
1377
1683
888
1539
1521
963
1623
921
1137
816
858
753
1656
813
1167
948
1752
1611
1410
1212
1155
3087
1638
1026
3564
1182
1428
7542
4110
2739
1677
1776
882
321
1161
6360
1203
1560
1470
954
1218
2283
882
1332
1350
1050
1449
1170
1356
264
7500
852
1368
1050
2346
1434
1212
786
1599
1947
1227
1443
11436
954
1704
855
1065
1248
942
945
7185
897
1920
624
1359
900
2802
2160
1674
1545
903
1032
1032
1209
837
948
795
1347
765
2121
1347
9207
2169
1371
1143
1509
2928
12927
1521
4656
1290
849
1533
15600
1380
1284
1431
1368
1056
1533
675
993
20184
1587
1251
1110
747
3030
1095
1251
1281
1455
20865
1035
2322
987
1215
1245
930
1353
27630
549
1383
438
1413
7314
1209
1164
1128
933
12426
2334
1056
993
1083
1035
2829
2769
1716
1185
2709
1101
1788
1161
978
1581
1197
2178
1821
1518
1437
1152
1374
948
1623
1314
1470
192
2775
1206
1095
834
861
1614
2103
354
1191
1179
1254
1506
825
894
684
924
1017
1296
1518
267
