3f:0:0:0:0:0:0:0:0:0:0:0:0:0:0:0: (total 6)
0 1 2 Thread 0 going to cpu 0
3 Thread 1 going to cpu 1
4 Thread 2 going to cpu 2
Thread 3 going to cpu 3
5 going to barrier (cpu 1)
going to barrier (cpu 3)
going to barrier (cpu 2)
Thread 4 going to cpu 4
going to barrier (cpu 4)
Thread 5 going to cpu 5

cpu 6 cur 6
STARTING...
going to barrier (cpu 5)
going to barrier (cpu 0)
STOPPING...
Duration      : 10000 (ms)
Acquisitions  : 14839330
119454
843
174
909
825
273
420
612
504
1728
837
933
354
453
1113
360
1227
354
657
618
282
219
399
363
591
183
408
1710
201
210
255
210
297
1068
378
369
207
174
831
711
192
1044
309
795
330
189
714
567
1161
369
171
330
345
792
786
345
192
1023
291
258
213
246
276
747
351
771
183
255
285
390
270
198
1488
1095
423
402
183
273
264
186
255
336
990
504
255
390
984
453
489
345
603
204
420
276
1338
384
600
594
183
282
447
564
198
599499
294
279
678
216
939
621
177
393
279
73872
588
1650
633
429
408
642
261
255
414
693
912
681
351
474
780
414
183
483
219
537
525
294
204
465
786
177
273
195
195
372
174
468
270
474
792
192
306
858
252
171
1209
366
183
714
213
252
1128
726
813
351
1014
525
291
369
354
168
375
711
270
201
348
351
1491
411
663
648
213
786
210
381
195
240
207
423
1011
276
870
609
255
525
183
714
258
201
258
183
4788
750
1503
690
171
297
648
252
288
27342
606
456
345
1326
525
348
387
21387
453
867
612
324
183
357
1203
420
894
486
2061
762
570
183
975
201
957
855
201
300
483
876
534
288
1269
444
207
423
825
1020
267
180
804
624
1083
351
342
345
324
135879
171
555
213
174
555
279
255
145878
867
189
465
696
771
288
207
1146
255
204
80103
1176
594
1173
243
264
201
261
645
363
795
372
171
816
840
681
261
669
489
1365
594
1050
708
393
447
471
618
285
585
951
264
531
633
204
309
831
195
243
192696
77241
645
228564
171
195
210
288
924
192
240
264
519
501
672
189
369
507
264
384
936
183
927
267
273
663
282
627
381
207
519
414
285
291
267
1500
183
720
276
507
417
408
201
507
633
1002
174
1356
318
636
870
261
1098
1830
219
726
438
351
492
1458
321
567
219
546
621
366
660
1599
375
204
780
273
369
369
285
255
258
573
513
306
564
255
171
723
258
387
342
354
276
195
201
357
303
225
195
543
567
651
372
174
339
384
291
183
264
834
708
528
450
342
924
723
342
732
264
435
384
204
309
258
789
696
912
204
258
363
255
720
216
180
276
354
294
345
216
312
183
822
279
969
303
198
564
888
507
384
522
109746
645
390
609
297
183
615
294
1869
957
441
621
216
756
528
189
354
387
768
381
525
363
207
192
513
495
759
249
177
801
255
528
270
486
345
192
510
264
258
666
552
396
198
843
195
294
174
261
267
204
417
2190
174
279
369
183
546
450
930
681
888
846
258
174
255
195
717
687
456
213
207
195
384
255
288
984
381
792
1413
213
285
588
183
771
204
342
186
249
567
786
540
270
183
183
276
279
660
255
537
453
309
291
621
765
459
291
204
333
420
240
384
189
351
708
423
198
345
1356
384
144315
246
423
204
483
177
279
189
417
408
261
969
654
351
681
945
720
1356
210
729
177
201
270
714
306
279
207
1848
246
180
1092
213828
1677
525
435
288
798
339
510
576
327
195
1407
354
387
357
186
429
249
165
297
594
303
213
225
540
354
503733
795
180
1152
183
405
480
798
1089
702
174
168
258
663
171
375
801
1854
1347
534
339
438
261
840
273
366
1383
282
612
195
681
432
783
261
1038
648
324
273
357
195
204
216
183
732
213
264
195
924
666
393
627
702
504
600
192
297
411
423
357
675
453
192
390
552
192
390
426
864
192
867
213
444
1623
96345
690
516
219
1014
207
435
360
195
34902
660
540
714
279
531
204
213
756
195
294
411
387
294
330
318
513
561
453
171
216
567
420
351
258
1275
666
174
504
177
195
180
255
1020
258
342
267
1104
294
897
195
276
933
264
1179
183
276
1218
666
204
180
1392
171
405
531
363
204
276
195
285
327
168
252
186
711
642
339
288
354
816
810
192
1635
306
2511
261
174
954
390
390
180
180
1596
594
600
354
267
246
204
372
1218
207
474
276
186
411
255
537
213
387
264
351
1365
1893
1032
183
183
693
345
171
516
600
303
549
297
333
321
306
183
1032
342
1290
345
207
459
1350
519
402
2001
195
1152
360
582
504
387
201
1011
429
372
351
357
438
585
1173
408
282
267
216
450
291
747
255
309
1818
183
573
396
777
177
825
393
192
543
198
207
1797
258
207
786
1329
261
780
1023
654
411
792
258
1290
1176
279
798
705
390
417
6678
213
372
912
216
261
978
447
210
525
549
1347
558
594
183
795
639
294
207
810
777
1350
216
261
213
954
207
843
270
339
258
213
258
507
660
897
204
516
171
288
261
1056
288
861
405
216
1356
480
621
381
564
1164
201
576
23250
360
678
36015
348
174
474
1311
354
186
100674
429
465
867
255
813
210
489
204
483
783
330
519
174
300
26682
846
879
183
369
1380
195
438
264
276
402
582
348
384
564
369
420
171
1056
360
1005
474
207
402
306
783
459
432
267
8301
390
366
666
1302
507
951
678
195
306
426
681
495
183
41916
213
645
702
243
702
1443
315
1017
279
888
234
195
585
657
984
720
498
426
357
225
2700
1158
2547
1638
357
399
1014
918
192
363
642
321
252
195
771
1392
174
408
441
1230
300
336
867
267
306
1251
279
495
198
543
204
1026
183
546
465
252
255
558
1953
516
201
210
282
246
165
525
750
177
1269
480
276
288
92763
369
615
348
345
17883
993
342
501
630
576
258
366
1782
276
408
1089
465
261
192
444
201
696
204
198
294
495
543
267
978
186
192
1116
291
204
942
495
201
1770
630
396
312
2070
1002
1590
2181
417
447
339
408
516
336
279
804
1488
261
477
180
786
480
972
207
510
783
279
186
444
1275
753
444
414
194406
294
201
480
177
951
204
441
168
168
867
810
618
264
285
600
699
648
354
189
1017
567
711
258
1659
4845
1254
540
165
255
183
297
369
381
261
264
345
729
591
198
249
207
291
249
354
1005
711
3018
258
198
348
198
195
1131
285
495
714
690
276
336
540
588
303
435
265266
564
189
660
1149
552
192
351
438
246
795
684
165
276729
276
1134
825
174
345
201
249
363
315
1236
699
945
255
480
189
390
285
510
438
12027
267
276
270
672
594
1398
768
354
213
894
255
558
486
315
369
282
294
1854
441
423
543
345
279
183
297
360
891
348
717
183
546
705
414
444
612
465
447
450
189
186
465
408
267
279
1077
195
348
459
768
189
864
183
294
291
282
477
591
324
342
513
258
450
369
195
435
474
471
651
258
378
291
627
765
258
1125
615
411
531
789
1053
663
273
288
198
348
201
1233
708
711
906
519
387
444
252
279
255
720
360
189
198
183
510
273
174
137514
537
531
1314
345
1476
261
570
534
1590
1908
1032
339
366
1407
600
255
873
831
717
588
357
273
201
276
264
210
201
705
882
261
561
330
1344
882
261
762
732
525
246
684
267
771
834
693
348
189
201
510
507
28998
201
1197
1599
195
585
192
873
255
165
363
249
1170
198
267
267
171
693
762
63309
252
249
201
360
288
1203
291
522
360
483
186
1275
1131
207
657
297
306
201
180
264
762
459
345
198
219
348
195
261
153
267
348
255
363
348
366
282
885
255
297
402
207
408
204
345
80055
180
186
699
345
711
1824
177
267
360
354
858
366
5874
186
360
255
209589
963
198
591
276
261
582
1344
861
1125
786
378
1245
201
1632
387
171
438
675
729
864
936
204
1341
186
180
333
189
174
183
420
774
513
270
264
249
276
177
333
312
372
264
204
204
267
537
873
258
354
1185
288
618
624
186
564
639
657
138921
774
558
211683
912
456
411
585
285
162
537
419541
384
249
408
267
192
198
807
1062
288
1479
258
1551
378
51270
477
174
192
1044
198
192
174
660
744
1578
672
192
579
960
534
207
801
720
201
609
294
318
1248
480
252
291
366
750
810
468
390
74133
399
1266
522
1410
417
402
1131
276
507
140385
432
276
999
573
258
414
210
855
339
303
252
1293
1188
909
552
183
732
174
573
321
1701
258
360
186
468
303
381
339
195
180
672
192
285
246
345
795
168
255
339
618
729
142104
49818
339
333
507
201
1227
165
693
555
258
375
807
357
345
162
414
540
276
354
843
282
1227
282
294
177
366
801
792
255
678
279
165
801
300
942
183
990
210
471
423
168
609
639
273
183
136716
816
1563
531
894
177
561
285
453
339
744
516
345
516
139956
372
975
207
1098
249
348
411
390
930
642
246
498
267
204
1191
210
288
192
1203
1158
267
525
186
300
207
264
333
201
609
255
273
654
351
768
864
420
585
345
270
555
516
612
609
180
696
255
510
276
366
489
390
345
1407
348
354
1083
585
261
165
582
336
831
309
354
258
1191
351
450
585
195
264
540
870
465
183
564
408
381
831
204
972
201
348
357
336
357
195
438
345
270
933
186
246
333
795
588
198
615
684
726
363
267
837
300
528
438
450
675
1080
1206
351
561
354
372
381
195
855
672
1089
264
756
732
279
351
669
357
360
672
570
603
204441
183
621
477
12609
252
438
774
435
114633
342
351
615
348
681
288
1815
618
984
6147
468
1350
163668
1191
864
321
618
1083
663
1248
261
255
426
186
576
192
453
531
927
252
390
285
195
270
261
267
198
843
630
711
1209
306
174
174
267
945
825
300
1713
318
1197
435
711
171
189
387
195
1149
486
201
795
594
270
1035
1611
186
297
1101
330
531
1062
564
180
696
42339
291
207
696
483
504
252
495
891
792
168
249
735
438
594
408
270
393
852
186
258
855
756
186
261
774
879
162
204
258
354
249
363
258
831
1524
753
258
840
780
192
771
1128
453
76581
1113
279
1008
279
252
555
273
192
642
186
270
183
261
669
258
243
297
369
576
351
1500
1701
279
276
879
261
1257
345
816
507
171
786
237
1308
168
198
306
885
636
183
390
411
588
711
1020
543
189
357
174
900
621
1086
168
318
351
522
501
285
267
40371
225
22869
864
978
276
273
294
270
366
756951
801
354
276
198
804
783
273
318
789
186
207
603
597
369
936
402
1074
411
225
288
357
786
8766
1215
174
291
279
696
327
855
345
354
213
216
213
372
288
564
522
1104
270
333
228
393
201
1125
309
783
258
204
201
213
609
480
549
351
417
708
480
189
246351
708
282
705
645
681
432
459
288
1110
690
444
139800
750
207
147366
204
324
504
255
756
276
213
207
294
195
579
216
261
201
630
555
183
174
246
564
390
840
627
507
888
525
375
210
720
207
825
201
528
294
1251
324
1161
327
225
216
261
537
1068
252
300
1296
477
783
183
702
222
195
1299
879
351
288
12510
348
663
642
453
568140
201
210
306
198
921
297
216
345
432
180
663
282
576
384
201
339
363
1173
216
264
441
252
447
267
636
1320
402
528
201
189
789
444
222
459
258
207
258
225
216
450
633
63438
258
207
462
1095
273
345
375
276
930
1329
381
366
285
207
243
750
612
303
216
42546
201
1794
441
1206
426
210
288
471
273
198
201
1083
207
441
561
216
858
2292
1227
570
516
1434
252
462
270
267
663
1071
210
207
213
453
426
273
582
273
2442
180
618
153837
270
300
459
1188
270
381
204
207
180
183
933
510
621
453
372
210
915
279
273
1926
276
1671
222
183
405
213
528
210
294
762
618
258
210
579
216
345
936
219
201
441
474
558
999
210
471
66705
435
303
192
30972
1260
411
567
291
57705
360
375
249
180
942
549
1293
525
216
210
216
237
264
219
720
1035
198
183
252
627
429
246
393
216
198
549
474
348
348
183
477
252
264
225
213
246
705
945
624
981
222
174
498
171
522
116928
273
300
249
222
258
243
1254
381
177
282
627
783
130866
777
510
1518
1257
201
1602
783
171
198
180
91539
204
1209
177
294
672
366
1278
28347
831
183
213
300
897
240
888
390
1050
195
660
771
987
279
378
1713
210
786
264
576
465
1026
708
1212
180
219
675
264
204
633
192
435
258
7851
207
17139
213
219
219
303
327
576
204
258
555
186
615
354
606
273
609
180
288
231
378
531
342
210
1407
819
261
1644
207
204
660
204
462
189
636
204
693
204
600
1062
89556
666
315
189
267
600
462
660
1260
852
204
243
375
198
1524
465
180
375
474
837
528
225
1005
1623
1554
453
2019
267
621
453
255
1260
285
801
957
435
213
273
369
95661
180
303
345
216
330
267
183
501
1005
387
294
204
378
282
402
363
207
543
615
216
192
180
1071
423
249
222
384
462
273
1287
174
327
369
1311
246
192
1278
213
222
276
567
504
1209
264
555
672
1098
378
432
2055
429
228
180
267
429
1095
465
267
273
195
246
1263
354
489
555
732
348
381
267
462
621
795
546
420
633
282
243
366
990
411
204
201
411
4461
360
867
171
204
183
567
852
456
1137
213
216
213
708
1212
510
249
612
195
249
543
375
551283
258
320652
201
216
393
873
198
429
879
75351
213
582
708
270
191583
765
771
216
1641
510
693
207
612
207
219
1059
2001
642
720
270
279
2382
513
375
261
528
612
813
194688
372
285
2475
216
423
201
798
432
459
198
261
276
627
330
468
204
432
402
252
34203
189
204
201
642
357
840
471
609
148287
297
363
234042
507
154671
183
216
228
243
432
624
327
945
528
570
213
1035
423
258
267
342
198
267
357
183
213
804
666
174
558
201
249
711
279
390
255
570
780
258
270
64266
177
1026
627
261
91518
495
342
342
183
210
1764
1503
459
1323
213
579
339
264
1938
171
708
603
795
210
342
1467
1008
213
198
432
582
357
246
294
1488
279
423
210
357
276
270
219
327
675
264
519
201
495
177
330
345
2559
189
291
1146
285
225
213
357
210
195
318
846
351
876
306
387
987
177
510
357
534
369
180
849
450
291
2340
945
183
885
282
204
198
291
367230
627
786
207
213
564
240
201
213
192
255
522
330
207
279
279
765
390
2145
603
204
465
783
288
255
207
1539
180
276
210
360
204
921
639
639
888
1365
189
303
438
375
669
642
717
747
684
15297
717
453
261
303
438
1758
285
180
456
428115
1602
423
222
429
807
525
204
999
555
216
258
876
213
1386
186
195
1302
66624
294
207
489
351
381
2175
228
525
288
285
177
171
210
240
207
225
207
276
528
183
591
180
210
804
405
879
1266
297
216
1170
1698
813
264
207
1098
363
429
95505
285
192
186
207
369
33756
183
192
270
657
273
1290
174
95511
1605
152265
570
195
264
201
336
174
462
282
261
186
189
2628
171
366
174
639
732
726
174
903
102132
207
204
636
246
357
1329
639
261
201
252
660
180
912
207
207
792
327
1419
249
636
264
168
666
297
219
180
1098
1626
294
264
351
264
231
219
669
327
795
663
549
957
891
270
378
213
399
816
927
432
174
345
204
219
279
303
792
216
1083
177
618
243
345
513
699
468
213
450
258
207
747
222
225
867
207
171
276
351
213
7020
112704
58179
372
31803
288
597
17088
795
384
288
850863
186
867
1176
622926
183
348
282
31776
119499
1338
52269
172902
231
2268
325089
1473
369
17943
70269
230310
186
183
1806
11643
435
205806
186
119568
519714
273
234138
1089
633
165
282
199776
345
876
486
207
192
180
795
264
24777
768
303
229314
1374
152028
438
4161
282207
369
140202
645
261
111489
88575
441
366
186
297
598404
591
150675
237
183
297
708
939
522
426
180
186
429
540
234
264
39726
729
366
201
357
261
879
34959
105753
276
444
1185
543
273
82662
165
141627
230550
363
1407
136647
180
267
69534
987
177
354
342
47826
89385
435
1065
345
168
357
174
170448
192
336
168
162
489
119781
366849
128970
183
345
180
648
357
27846
525
3459
158316
1050
351
1311
276
288
276114
21609
87015
870
282
193152
121425
318924
177
47541
101805
276
168
1410
87909
1209
183
170358
272517
195
363
795
222993
189
231
189
696
5871
270
360
513
699
82230
66501
729
345798
273
108003
531
181497
171
261822
360
241716
505482
468
969
186
7659
35985
339
192
768
984
480810
270
645
71412
147369
269712
165
183
19953
233691
531
463950
168
807
273
276
183
56622
23061
174
1014003
569721
77574
282
4920
1539
352461
293751
44772
183
1029
107340
225375
1026
317793
77835
1107
327309
180
561
282
273
183
351
345
195
195
351
601329
453
360
246
456
310497
25791
3162
276
267
198
65853
304524
447
174
357
1026
186
183
291
645
720
927
58857
186
85833
543
285
255
612
483
13977
562143
57321
3699
798
26328
165
294
7527
307590
213
381
87759
876
30687
77979
264
438
261
345
255
519
633
264
183
369
177
426
183390
266232
291
276
288
79872
246
156207
198
357
282663
423
438864
189
588
690
348
522
97110
266361
504
91194
267
186
189
468
76173
633
969
74052
795
375
186423
279
726
975
276
666
696
407481
453
417324
140697
630
537
273
186
14151
243
79830
531
1005
624
264
801
765
85902
186
915
261
354
59706
258
360
6795
447
255
255
357
378
336
12153
32421
270
195
174
177
337203
148653
186
237
450
15525
75924
810
57252
190635
564
183147
369
195213
963
657
712551
46704
264
259638
285
283272
148299
874674
291
303
192
331098
288
136677
105831
375
1020
1488
172644
205113
585
198
276
543
1095
177
279
127110
195
357
267
930
999
138702
339
322266
360
210693
363
522
30555
294
180
177723
170637
189
304443
423
264
948
312333
723
267117
192
558
753
232431
80469
534
366
311853
351
951
52344
41760
1092
141027
1896
34074
27201
125619
285
720
246
432
67968
180
288
1536
102426
122667
126105
440265
49854
1077
60876
1062
34704
186
125202
267
81948
1050
339
477
1341
456
264
1137
108450
618
198
1032
453
51579
906
366
415065
432
306633
304386
288
131997
201414
5169
142605
366
282
267
432
279
879
639
44772
879
363
276
330
369
417
218946
127356
1257
540
168
531
519
51564
606
1629
482091
31917
955800
2211
1074
189
141384
185661
498
339
555
1650
822
504
155397
86307
246
287910
174
267
1032
267
313602
186
939
861
183
345
273
60264
270
35097
207825
651
321
525
20895
600
224730
798
777
264
984
615
816
267
546
297
378
19254
558
471
711
195
189
123618
180
195
186
187479
729
30450
72939
249180
1083
921
264
369
720
279
186
357
696
162
291
873
654
66795
192
130455
342
177
186
339
32958
1182
453
165
327
456
540
195
756
165
279
258
633
726
288309
1356
270
366
348
198
1206
106374
186
216486
186
156939
456
279
154896
168
50394
255
696
453147
273
511848
369
93042
981
180
67083
171
1995
247704
429
372
324
177
690
110754
168
243375
171
321288
345
177
510
485469
522
486321
273
279
171
162
702
203187
198
231606
879
171
169296
375
867
159279
475524
156093
279
107946
291
1239
798
97092
1935
197670
561
264
783
38316
255
101187
318
337884
308748
198
201
270
192
558
174
186279
333564
118659
291
282
100581
378
357
47256
171
366
186
230691
171
156309
103761
85491
90180
33456
267
51429
627
329964
276
141192
270
612
486
342
1155
960
168
465
336
735
645
358041
1089
192
189
234
279
294
369
189
507
885
189
95580
354
771
1194
432
177
453
143982
183
387408
516
981
438
456
555
20553
390
195
195
189
471
289962
768
49437
243
429
177
366
1530
112518
186
209919
270
273
372
813
1401
354153
269019
10992
562650
273
360
1635
49773
192
82161
192
186747
279
351
17712
717
18018
165
144570
279
426
288
882
341340
384
456
80385
366
77379
317295
447
192
93714
453
519
1392
246
915
1257
204
141420
267
787794
111483
261
441
45969
31584
115365
261
197232
279
37623
186
146610
366
606
495
438
645
633
474
183
423
183
339
1095
207993
196395
567
275631
171
645
125535
270
351
318
285
300
168
42894
192606
384
52368
546
56412
129489
183
834
96159
813
376629
215307
180
161625
435
543
128406
1047
59937
264
210
792
114018
161868
186
87300
1473
21339
96285
273
269565
61341
1176
183
202272
167748
128730
183
372
183
219090
369
454080
375825
4818
20748
186
537
777
1095
467148
537
921
256845
245880
192
537
372
20226
183
140010
246
302799
1380
1272
897
283689
75615
26940
177
1164
177
261
858
480906
660
534
192
264
554478
441
62121
33009
678
804
546
570
456
198
366
55680
999
444
798
92955
1092
13323
444
16956
900
214971
81558
678
279
58863
195
48975
273
426
954
486
258
654
318204
65169
153
786
1359
186
294
504
291864
117717
471
183
816
91407
180
193038
504
457470
32034
22056
351
76692
213
558
273
156837
198
264
627
501
963
357
204
432
369
537
1590
147861
327342
207
951
195
438
549
207
363
47439
600
207
531960
276687
1155
483
117363
414
717
783
361506
213
216
519
1602
609
50082
1011
681
564
174
216
255
204
480
459
684
528
201
213
285
351
366
879
402
213
435
198
789138
198
47727
732
516
480
444
34632
351
213
489
204
267
282
38718
1203
1170
75075
249
171
441
261
1677
180
291
576
66849
639
213
180
345
92841
330
495
297
510
270
207
363
177
213
288
258
306
219
342
273
522
198
291
1173
32943
360
201
10125
420
37545
59307
336
798
546
48621
215988
798
19149
297
1824
254652
915
408
57327
1149
201
633
672
432
279
177
53325
276
210
64782
183
927
393
357
279
270
216
426
372
210
609
738
516
744
921
675
10656
1056
624
534
369
303
285
336
264
327006
261
546
174
57261
996
26937
660
107508
174
69618
276
12591
255
786
182556
246
693
118359
261
300
1209
1056
441
429
348
861
420
240
201
201
540
1137
171
189
690
192
120795
195
82548
399
219
1269
210
214821
354
171
528
624
194694
273
357
446406
300
33906
480
348
540
1182
222921
261
708
261
258
179988
201
816
366
369
216
270
31758
269457
1116
288
525
354
198
450
393
201
429
423459
282
201
4950
615
459
534
264
216
183
213
183
51015
1092
11673
351
258
495
372
207
891
1224
207
1491
256650
408
357
210
12018
507
178272
870
591
177
171
966
1539
1167
774
717
216
276
201
282
1794
483
495
1215
375
615
630
570
873
357
567
804
198
213
426
258
411
1359
381
597
1182
84684
345
624
489
325887
744
252
210
15633
267
876
798
336
174
258
348
123849
100389
107259
288
240
900
252
222
945
210
156231
222
288
543
189
1254
1101
705
369
465
252
276
522
459
36399
237
282
984
294
375
789
294
639
666
1710
171
10119
192
407304
290367
398163
735
588
285
252
174
936
186
81684
915
354
525
177
273
201
264
1818
780
366
390
291
789
582
1095
870
915
687
378
687
210
56052
900
369
166998
216
315
783
121713
345
204720
303
273
216
63261
1071
417
804
31806
191871
831
303
1410
288
423
594
273
291
1047
207
678
249
201
543
198
360
474
210
252
498
219
843
270
204
1413
522
381
399
216
216
690
1908
1164
420
264
162594
2289
1350
468
240
519
474
204
219
24375
1800
483
161679
216
708
213
4833
495
20451
897
210
216
258
276
627
86550
207
402
1830
91356
366
1782
288
183
201
118299
954
417
360
204
1731
393
516
534
1152
687
183
276
264
210
62955
561
180
363
882
222
225
564
399
13260
348
204
250875
252
59061
396
789
210
411
157245
1965
426
276
498
477
253269
867
393
729
279
1251
288
1890
198
246
633
465546
288
1146
375
12567
1044
291
633
495
228
78414
531
204
196143
183
1002
303
915
714
450
399
118539
252
213
474
300
222
219
213714
68358
207
406179
213
216
231
348
4803
10587
282
214890
252
534
345
624
264
297888
423
489
279
219
94050
267714
450405
483
834
366
1029
867
360
858
1167
1029
75438
912
219
219
183
281931
522
1563
171
414
402
1647
261
59466
2244
180
390
663
543
202407
534
267
387
246879
288
216
393
94065
186405
351
264
756
204
101049
162345
384
273
267
216
285
234
49365
252
261
195
1479
336
306
468
426
705
255
282
528
174
246
300
843
279
270
261
606
225
198
621
261
981
7242
258
546
693
714
143598
2877
273
366
423
171
198
858
1668
492
261
588
134160
378
1362
585
1413
267
273
291
174
284532
204
14907
300
119247
423
282
954
207
216
432
372
207
204
396
204
606
399
600
990
216
1314
300
207
222
381
564
849
522
273
120789
267
579
174
390
201
258
201
537
207
264
576
1386
294
615
213
1116
273
148749
426
264
486
357
207
210
342
264
699
243375
579
726
334848
207
195
239079
1569
32019
104751
207
255
252
276
363
444
1182
888
303
1404
213
531
579
246
1236
85638
360
339
210
687
636
1728
174
198
342
207
429
279
354
216
354
216
73530
267
72885
89643
537
300
417
1887
315
393
252
38148
1380
225
22596
204
294
273
183123
618
267
86805
180
282
225
258
1782
282
1152
1149
216
27753
534
282
357
249
669
223962
267
1530
429
294
267
306
216
180
282
846
612
15081
1641
273
537
1239
699
180
1155
486
432
360
222240
15726
654
207
273
246
204
819
312
1083
198
1503
1260
417
261
834
552
2676
696
423
636
306
441
276
465
690
372
18798
360
669
22815
264
192
768
810
213
240
213
195
216
921
276
531
849
300
210111
276
483
261
204
1458
936
201
213
477
213
426
1326
294
219
207
1497
807
218496
282
59274
177
213
34263
459
249
444
255
357
492
1737
681
207
180
180
2334
99279
822
318
630
198
1083
549
1026
303
255
462
324
624
306
360
180
1644
1971
273
426
1215
66609
201
288
780
774
741
219282
105516
13974
47421
216
222
1266
435
399
585
330
612
183
106827
384
219
423
537
1167
219
696
408
264750
216
387
213
360
212139
279
342
804
1596
291
177
207
972
216
330
1179
276
1107
219
603
210
18972
864
294
432
744
1254
543
930
360
115362
201
320961
1509
882
294
1425
1008
990
1401
594
264
1218
375
150723
258
279
684
297
186
657
282
435
990
189
954
549
174
462
186
342
474
447
420
279
843
243
282
366
633
387
165
201
774
237
381
285
627
1485
255
177
633
435
537
927
354
156
285
1431
174
309
540
198
513
912
195
1161
597
258
348
426
2274
1212
1140
807
279
258
786
381
288
258
1119
267
348
1287
207
1278
459
300
519
300
183
714
726
186
258
360
333
426
202266
543
270
156
162
363
336
186
1188
381
534
708
192
777
201
321
558
1128
192
321
1233
264
639
201
186
498
918
474
741
465
267
300
243
1974
429
1251
270
417
420
294
177
252
441
249
432
627
306
143202
207
768
585
264
246
321
516
954
363
204
828
519
168
441
1317
119610
2355
198
357
699
924
933
549
351
258
636
759
288
1329
882
252
411
570
765
291
195
162
165
162
312
189
534
201
231
891
240
1164
1293
489
1164
177
867
1335
246
1116
486
288
525
1014
537
450
579
573
636
753
171
1311
174204
180
429
441
375
336
252
441
453
339
285
247650
201
201
348
189
471
384
1164
1272
876
678
201
723
666
708
207
192
201
507
486
543
1443
342
165
270
357
951
16086
258
786
432
162
276
456
186
1065
318
333
249
1311
480
318
288
831
921
264
492
103785
339
264
198
696
864
261
429
1065
480
1089
85164
285
327
585
832005
513
264
180
300
282
342
162
204
171
618
177
258
186
624
279
396
255
897
441
1122
432
264
636
252
339
507
168
399
459
207
243
369
486
186
270
396
201
369
372
174
291
258
303
582
417
648
285
165
459
288
1188
204
273
264
381
354
1014
1485
843
249
261
705
594
174
348
213
810
273
312
453
57279
486
1308
417
408
369
768
246
273
546
621
180
660
1830
288
840
438
747
195
369
435
297
306
297
159
543
159
195
1497
77067
330
582
819
567
264
288
297
726
189
357
687
666
1047
786
378
300
453
159
6771
303
174
258
450
264
447
1299
186
198
504
16824
14913
327
288
1377
261
366
645
162
342
333
771
348
1413
181869
258
546
246
1305
168
195
20073
336
261
228
357
153
11076
381
195
294
1236
25263
831
1287
594
534
498
276
255
159
669
282
192
441
411
309
375
507
177
354
933
909
252
252
618
264
1608
231
654
432
978
195
372
258
906
630
168
1509
249
1038
357
348
381
651
390
261
510
201
5445
282
429
378
603
165
966
441
186
696
195
507
177
294
84186
1539
221970
195
741
1119
309
258
285
693
513
678
540
258
291
627
279
597
261
2352
375
1011
192
291
621
591
795
1104
198
1065
591
642
207
246
261
264
300
909
918
1152
95685
192
453822
546
198
693
207
2712
423
291
192
1233
246
162
441
195
552
68388
195
363
630
288
507
288
309
1212
246
186
468
726
1014
675
195
624
540
303
264
447
177
933
441
519
603
999
825
11454
351
183
513
723
261
1599
378
636
447
1248
777
792
849
255
720
435
621
1662
348
495
252
444
240
180
759
180
741
513
441
543
756
498
246
372
135726
270
195
954
252
693
348
477
750
213
777
354
327
1281
555
168
1683
189
447
273
390
1443
438
690
183
282
195
1401
420
483
369
519
1023
234
768
498
1284
1539
366
387
360
240
279
186
270
156
240
441
519
603
582
1581
615
186
1656
320601
1242
348
168
192
414
234351
876
279
273
414
291
519
318
390
579
747
162
597
186
603
771
855
177
252
258
456
168
423
510
47919
276
882
420
204
939
792
342
525
576
270
603
669
870
195
393
37746
570
186
1359
270
591
204
714
9267
711
165
324
264228
35340
663
204
501
279
207
870
930
882
267
369
807
297
516
546
624
357
1218
879
291
288
396
621
261
264
429
804
159
198
570
1575
444
390
375
162
882
177
357
300
192
438
618
912
504
189
369
297
480
306
627
324
822
173853
159
612
753
291
525
801
267
165
384
561
831
411
996
660
417
270
189354
837
177
525
411
750
627
732
255
414
450
942
444
309
642
600
366
531
1818
459
258
567
255
1452
531
1179
162
687
939
885
540
183
252
609
897
849
981
159
1047
240
363
780
192
594
198
828
741
807
882
1251
210381
351
297
201
840
285
441
270
822
222
948
201
879
1020
168
546
2151
552
183
243
621
246
1086
201
201
909
195
660
243
165
279
543
618
1170
453
177
255
1041
1167
243
396
1131
642
240
426
1482
276
777
639
444
531
1302
1128
246
588
288
252
153
402
429
240
993
198
333
267
1254
1341
678
318
1848
255
198
291
636
459
192
1128
11964
666
750
351
894
291
981
477
258
975
165
1380
1173
951
1734
738
507
1782
648
393
1338
192
663
209940
291
267
948
369
471
507
282
1341
282
336
414
363
468
252
1482
423
567
510
1053
281220
136335
165
180
9120
180
522
133023
465
1125
834
288
384
168
80202
195
234
162
297
288
9570
1752
759
420
1722
477
291
162
390
171
192
1398
348
288
621
249
630
366
408
279
303
372
