31:0:0:0:0:0:0:0:0:0:0:0:0:0:0:0: (total 3)
0 4 5 Thread 0 going to cpu 0
Thread 1 going to cpu 4
Thread 2 going to cpu 5
going to barrier (cpu 5)
going to barrier (cpu 4)

STARTING...
going to barrier (cpu 0)
STOPPING...
Duration      : 10000 (ms)
Acquisitions  : 27260074
210
534
3267
291
11904
1239
2562
972
192
3984
2112
1746
3945
29037
1284
4698
291
450
9648
198
1767
19953
5385
3933
2712
201
1053
612
195
669
5418
933
3402
900
1647
3543
7128
4815
2160
2112
204
1173
4536
1278
921
204
288
291
10287
9300
204
297
8265
276
4218
585
678
210
288
198
204
1797
1860
1359
498
297
3942
1263
5562
2064
1656
198
198
366
1662
3456
516
291
1299
2157
294
3831
288
2475
582
4914
372
6981
510
759
1434
210
930
204
2472
936
1329
207
840
7734
5079
1716
1032
495
285
4749
492
2739
1560
204
1173
3321
201
288
210
4233
288
3897
288
207
291
207
507
2253
1479
924
1068
2994
4584
198
894
1173
498
2763
6051
4200
672
510
669
1272
1950
1107
924
2592
210
936
516
864
2940
5646
204
2142
288
888
2394
675
507
585
2352
201
2820
6741
1155
207
501
840
5808
1104
2832
1182
2019
207
507
210
210
213
909
213
1344
609
288
4137
213
1326
1923
291
2070
192
516
2058
285
1983
4293
3285
504
201
585
1059
6441
11493
8541
3501
759
501
4017
918
7968
5799
225
3165
945
675
288
204
600
987
369
591
213
1038
501
8652
1941
600
204
207
2595
2019
846
3072
579
882
4572
198
201
2454
3615
1839
1971
2862
213
7653
3213
4293
288
600
213
1104
585
678
213
675
210
1590
1140
2058
1017
1659
1926
2115
1551
1170
675
285
204
2349
2403
4257
594
3972
285
597
2004
1659
204
525
1992
210
207
369
1323
612
1947
531
759
519
210
1827
6768
3903
510
1656
504
930
1014
501
582
7041
195
3591
1722
366
846
1509
189
1422
2730
1014
375
288
369
210
1185
366
867
6171
603
204
684
1563
2823
576
585
1146
582
1398
489
1263
1878
1965
573
2100
3033
4338
2064
213
210
1311
3174
2022
207
453
3369
1782
1188
1587
201
2253
210
4167
201
3621
204
933
591
1734
1089
594
2982
504
1059
576
3681
600
591
201
516
4920
294
210
519
1701
213
2421
3495
675
771
1428
13626
2667
2493
6879
2331
1326
4269
6528
1686
675
3921
522
6279
2961
6849
579
2148
2586
522
678
210
1407
666
1095
1008
207
201
210
2547
1263
3222
933
4338
618
207
513
1848
1896
3147
3429
2973
4641
2907
936
2331
3012
1989
1008
1149
1908
516
1110
4260
204
693
5136
2424
6762
213
7179
531
1575
591
8046
672
534
1512
1224
201
4605
675
201
2916
1482
10635
2316
597
8913
1101
1137
600
918
849
297
204
189
294
1023
207
204
3366
4545
579
213
210
207
507
210
369
2247
600
759
501
1254
282
1842
3966
495
1305
4983
2436
4488
5964
198
372
501
204
522
10107
2103
285
294
5109
297
1017
2163
207
213
288
843
198
3189
693
201
1662
2499
1254
4878
210
1800
765
2046
765
198
684
597
498
204
2109
2061
369
4095
1206
5211
1599
4530
6429
195
516
675
192
600
4701
288
1410
213
3849
207
213
288
2445
3096
1029
1845
780
3153
1974
591
369
4617
5238
204
207
213
2298
294
843
1014
285
513
207
5892
585
510
1722
1221
513
684
1758
195
1827
2754
1248
1590
1017
1680
519
294
993
2700
846
1695
369
213
11214
495
207
750
375
513
207
1665
1212
207
207
438
603
3429
1437
198
1437
504
2115
5325
594
498
516
6282
5139
3792
5184
1287
2166
204
615
3762
210
2088
1920
747
213
852
294
1539
831
357
2208
3150
504
576
594
930
576
1035
1302
972
1395
2058
2127
1083
210
1098
4440
7062
2040
933
213
4986
3597
1410
213
210
207
288
1089
1128
2529
504
4134
1395
603
369
1068
3954
4647
2268
1482
3534
1347
1323
2070
684
516
1902
840
3243
1890
516
909
2508
909
375
207
273
2934
519
213
9183
1968
585
1731
3510
1605
2475
1221
204
1680
498
513
1305
1578
519
672
684
3888
594
4635
1512
210
3375
2163
207
213
1542
279
675
213
2379
4119
930
2004
858
6909
585
279
1104
207
774
2052
9717
213
288
3561
504
1167
291
204
444
6501
1788
1161
504
501
6405
3042
1587
9657
3075
3798
201
600
999
744
603
582
606
591
210
291
297
294
2034
2772
210
207
2313
204
759
603
354
201
585
1278
1095
2697
1269
2643
513
1764
1500
4002
687
591
1173
3234
1263
1983
1824
501
591
210
294
1065
1911
1584
531
1662
900
288
1980
852
285
2421
3057
2514
579
1653
1101
579
498
678
510
3765
1338
198
5328
7740
501
2976
213
210
5532
207
210
3726
210
2535
207
588
588
9903
285
501
198
834
516
516
1518
498
2145
3174
657
1851
3675
4116
1914
3357
3045
600
861
528
210
5031
5454
519
4914
1485
2403
375
213
369
492
5796
504
3378
1101
2223
1458
207
3429
495
756
4827
5175
9138
3162
5193
930
1059
1236
1383
4962
2814
4362
210
291
372
2178
990
6099
207
213
2154
4557
594
759
5202
4125
4857
924
3654
204
10758
1230
1218
5640
3492
1173
1347
5157
2628
651
3849
1884
501
591
507
933
585
4569
612
1140
1761
285
528
213
210
4860
456
300
1029
1473
3015
1974
1014
282
1968
927
282
198
9414
2403
1317
3399
516
4554
288
1551
1626
2826
519
777
2283
606
1647
699
210
519
210
1038
2226
204
366
10614
198
8385
1161
3408
204
3606
7728
2178
501
9867
2868
1401
2190
2673
213
456
300
2811
204
597
1173
1092
531
2043
204
588
1941
1848
204
1686
675
1827
1272
2433
2931
204
2742
2652
2361
195
753
1992
3501
771
6123
4860
288
297
8157
519
777
1761
4257
1632
510
5514
297
1044
1311
2964
1464
741
5928
363
594
2292
3426
3057
189
5196
591
1890
1743
5364
669
1740
1452
2256
672
1746
585
288
1104
1557
984
999
3273
1875
1317
4266
753
198
192
927
1740
594
513
4002
594
753
666
2991
897
507
360
573
4374
201
702
522
366
366
834
369
519
927
5376
6099
600
207
2325
198
2022
2136
1077
993
588
3153
2259
3009
444
756
282
2373
1458
675
510
3147
912
1023
513
963
291
522
762
795
198
6180
3237
195
5208
975
675
3015
1656
678
948
576
3312
2532
504
1893
1164
1077
1080
669
828
840
5616
201
5133
915
204
2601
3171
291
2391
198
753
3516
210
3510
1908
1101
489
198
522
1164
594
375
3540
1476
996
990
204
2697
576
2100
2268
1644
282
1932
1146
1005
2694
3780
6552
4437
3678
3114
291
1374
4368
201
1881
792
1401
213
1209
1500
2199
675
519
2835
837
1158
1932
2799
759
513
1305
501
1458
774
2934
921
2436
2430
282
1401
4389
13305
1233
1302
3216
1326
3363
2121
528
1110
678
3669
753
504
3192
1254
528
513
711
2136
9150
672
1473
1650
1137
588
6390
834
1011
2508
1665
3663
213
501
519
4326
7389
1335
669
1398
1191
846
369
1734
1815
576
489
201
444
492
1161
1719
756
363
594
4005
1545
918
198
528
1083
1008
210
291
1098
219
1305
3495
1107
3006
3993
798
1743
9282
1719
600
759
1029
2082
924
1251
2853
489
909
2871
285
570
486
690
4851
3600
453
1059
1479
4074
291
453
594
1566
5661
882
366
4866
600
1413
6309
2001
2715
753
291
903
5364
285
915
603
516
516
1146
2049
576
1743
2907
837
837
843
1464
7440
3021
3522
1233
2295
5460
213
2469
294
585
579
504
1827
987
3744
2787
4395
3021
2757
753
1698
2544
282
1140
504
2037
1470
3054
1407
1092
2109
1842
366
1575
3486
591
1575
954
2559
378
2253
366
1329
996
1500
4209
6702
3507
5106
2313
363
1068
918
495
192
447
507
750
4728
489
921
705
192
654
747
3519
2952
2868
5436
930
2448
510
195
2424
600
594
4182
627
210
1575
1086
1560
747
507
1410
2781
2094
3678
6552
2409
1725
1641
828
4362
282
2850
1557
996
513
360
1389
5235
1320
666
795
378
1020
189
3195
576
5712
1911
378
2325
210
621
2520
2721
4908
753
4074
5625
594
1179
516
1161
750
600
1149
987
1461
1152
972
1389
378
1644
936
999
2223
2556
3828
291
198
843
1581
1308
1398
4965
666
1830
7794
660
1044
1458
681
519
1020
1485
2937
1227
357
828
363
204
519
1269
4563
198
990
372
201
1491
615
1254
2064
840
1488
1155
3003
1263
204
996
510
894
621
519
5535
1005
1086
7971
2952
513
678
5508
1659
207
759
2115
1320
987
756
2298
2376
678
375
450
2766
930
1614
510
372
1569
273
2223
201
5232
3489
597
1437
501
585
2970
1080
2193
2781
996
5022
198
285
1323
1566
519
291
585
5589
627
1359
1830
3003
4404
204
504
2196
4791
7206
2166
1962
4665
4203
3864
1152
600
750
591
828
7101
2595
2844
660
1155
921
2205
918
1152
1647
444
2760
2709
513
750
369
4659
1815
921
513
762
528
2217
522
456
5298
6657
2307
2079
1002
2124
192
5826
1791
2457
984
501
510
2853
753
1476
5310
483
1218
5427
6360
204
13023
597
1590
3306
1221
1311
1488
921
1251
756
1326
762
672
933
1800
609
4587
996
588
5409
696
1233
576
513
2721
1089
1059
3246
924
834
519
1134
1320
3816
10875
1743
765
852
372
2136
2145
210
3648
3978
5064
2553
192
2817
987
195
534
3723
1101
201
6198
2031
1320
978
1230
357
6666
765
1911
789
663
2838
2775
594
3300
3186
996
2862
1257
1866
936
3501
1740
1758
4350
750
1179
1233
579
753
777
192
1014
579
486
1452
840
1164
1050
5514
1410
1344
669
7086
498
591
1647
450
366
498
2760
2502
510
6477
1323
927
297
1251
2454
567
204
1899
2466
1398
3741
924
1872
1164
924
843
1941
573
15714
210
594
1050
531
765
4773
3237
516
2217
291
2823
2796
6348
378
210
453
1041
366
930
2940
2547
567
834
1785
984
282
510
2019
1230
573
1374
831
4275
708
4023
2781
576
666
6789
1389
1092
2526
1038
3609
210
369
453
2214
759
4059
978
1239
2670
924
1083
528
513
3207
753
753
573
3639
2061
966
621
3474
2706
1260
516
5616
10041
372
4731
516
2217
3432
1494
6147
654
498
6315
3984
36543
213
645
210
3999
291
195
516
1065
684
4155
297
216
207
1422
474
207
414
201
198
381
642
276
201
186
198
195
189
381
276
294
189
285
192
555
1284
207
195
2706
291
1335
288
2160
201
762
210
1857
579
546
5364
465
642
192
468
492
492
492
204
207
495
501
207
207
498
960
204
765
2109
513
1749
19458
363
1827
1098
291
2919
1041
3732
363
3423
447
3153
516
576
501
783
1119
1572
6639
696
3795
576
993
588
3990
369
207
3225
498
4395
453
507
528
7317
210
459
5847
591
1281
1377
1878
963
1287
1566
1014
285
1782
3537
495
1179
2217
4308
567
738
1077
1398
3864
756
2931
1410
909
6861
3537
666
201
4131
213
585
786
3018
1122
516
1863
2442
366
5028
2007
1782
1914
3714
990
513
1542
669
2673
1152
987
1263
1566
1146
1059
7128
942
459
5961
1002
831
837
669
585
597
918
5973
2295
288
501
4959
2352
2280
1380
1014
2451
921
2751
1242
1977
4512
2586
1005
582
528
12642
669
5757
1488
2688
627
759
2625
1410
1632
585
360
2202
498
195
219
2184
1011
192
744
444
513
2241
2160
2961
2793
201
1416
375
2484
1182
2784
1407
201
3063
201
837
672
3672
576
198
279
546
189
4656
3804
195
1467
1878
207
759
198
525
4236
204
204
675
3597
207
207
3462
276
207
534
282
822
2136
201
198
504
282
1500
450
3186
1170
2748
456
198
192
453
507
510
2058
2331
4548
1479
1548
189
381
288
1254
1548
1998
504
1155
3180
1308
651
204
204
1059
366
672
1470
207
279
198
3357
2841
744
2547
498
1167
840
2067
1335
2163
285
198
270
375
843
9276
210
444
1725
378
495
2307
2274
1866
543
1164
516
2850
510
189
273
186
201
198
1647
7395
1728
543
5700
513
273
705
1797
282
2829
4527
1008
195
201
207
270
204
201
198
744
288
207
834
285
1158
636
2607
3051
1878
714
1566
579
501
198
5436
597
987
5217
510
189
273
7167
990
792
1947
573
507
849
2187
2526
273
2940
3510
288
276
3576
291
675
1152
207
489
582
672
375
471
744
531
198
1641
1416
492
453
18705
201
3741
366
8277
1005
4122
744
2214
201
1479
195
1740
3816
1800
684
204
921
2049
273
288
441
192
1656
204
282
369
3927
2172
285
204
708
285
9513
282
498
1305
504
591
675
642
285
189
291
189
504
1062
360
204
513
41937
201
5571
1647
189
219
276
21933
2433
3546
207
5088
1407
711
675
2625
210
1998
537
4857
495
495
1422
528
1443
495
207
978
2835
5916
501
282
987
2214
282
5574
2577
186
2439
1830
672
198
2685
753
195
1950
2961
519
279
357
201
507
1005
1653
741
618
204
7035
4221
282
7449
1068
195
279
270
3213
4311
1554
2208
3327
279
192
3126
543
972
276
1140
270
201
513
543
597
3828
189
273
207
204
207
183
2136
288
273
2217
513
2382
3276
7887
3060
1482
198
3357
2676
366
2025
453
4290
1635
201
195
3927
516
180
270
276
282
4716
282
357
936
546
360
681
639
510
2070
441
207
357
444
3726
4635
207
189
276
273
2997
195
759
501
708
2115
186
1260
3435
366
675
7785
3318
498
510
744
2202
1020
192
6078
198
192
6396
201
507
1053
1086
1572
15615
984
207
186
186
3369
192
879
189
192
2298
210
378
1725
1161
762
7452
1230
1743
270
1500
192
6612
621
891
207
4809
2718
3063
195
6051
1545
1062
186
1716
6732
204
2121
201
2844
2526
4023
1749
198
1800
447
291
192
4149
7926
210
201
273
360
543
2994
291
204
357
2442
7851
363
10878
270
741
513
7206
189
7422
903
1734
2451
273
3432
513
2097
1395
573
672
201
843
192
288
1974
366
2766
279
1701
363
501
5121
357
375
2037
2685
363
1056
273
2256
11079
741
4089
198
3387
504
1149
354
288
5427
7245
192
1812
192
192
201
2217
363
1152
4899
192
204
273
276
204
633
288
207
360
189
192
360
1476
516
201
1695
279
2178
279
375
189
570
282
267
1659
1869
666
204
4041
834
612
11418
288
276
192
528
297
1149
462
450
1443
273
1245
537
576
192
2499
387
210
753
294
201
3648
582
9096
2769
273
276
2109
282
201
363
7479
2055
7983
366
1002
585
2121
3150
192
6852
741
456
2622
8721
3675
192
201
591
1980
186
207
1386
192
1236
357
5775
624
888
273
270
285
3744
2760
498
1248
183
930
5415
2010
993
1380
669
3330
453
288
1149
741
456
1665
192
498
720
681
390
378
189
186
5520
180
201
192
270
1140
6201
192
11388
456
1467
453
489
1326
3579
12456
285
1164
489
567
1317
1566
207
675
1335
2067
201
987
456
288
183
504
183
576
285
207
198
2442
2016
4836
183
207
444
6393
1665
579
3585
8058
501
198
192
3261
1734
5223
486
660
198
2796
2193
207
4071
510
4845
2037
2514
201
4371
543
201
189
279
6555
207
1650
708
8793
366
207
192
588
1158
282
1548
186
363
6120
189
1161
195
7389
3240
1227
1551
534
510
4488
582
576
3336
375
2871
3513
273
714
192
1155
903
3594
519
207
5796
189
4131
2385
7551
195
207
888
513
666
1950
1845
612
276
189
195
201
2403
8559
3015
1959
282
198
8058
1962
372
186
192
273
2205
5529
2025
288
372
1242
762
756
627
201
186
510
933
192
2568
5754
453
198
2277
186
672
6117
597
924
2001
879
2055
8667
1875
1218
1296
2364
1869
1062
4170
453
837
372
507
2229
585
204
1134
744
2457
288
294
444
2925
462
1962
282
7044
1074
189
3360
1080
1386
2691
1932
3609
741
507
363
2280
6720
999
633
2994
672
2355
204
207
1092
504
3594
3714
3822
4503
288
459
357
534
1317
531
2043
198
3087
918
459
801
2976
2676
3447
1410
2301
8739
837
2475
588
207
189
5301
810
4899
4380
285
2472
747
2958
288
2628
204
810
1188
192
207
186
9513
1179
453
501
1986
1317
198
5226
1326
1158
2994
198
201
273
2607
285
1644
756
744
510
552
909
201
270
531
909
210
285
1638
1065
282
501
288
534
711
837
198
1308
3732
282
375
9915
5202
204
576
5568
13893
669
1059
1056
6600
894
288
6606
3636
204
2250
741
516
3414
498
546
594
549
2523
1719
1221
4677
1554
495
276
285
672
1806
1749
588
4746
201
279
6285
372
285
516
678
1005
201
909
198
201
504
510
3564
204
207
189
3816
201
204
270
2148
282
990
2592
633
741
186
195
201
186
12741
