7:0:0:0:0:0:0:0:0:0:0:0:0:0:0:0: (total 3)
0 1 2 Thread 0 going to cpu 0
Thread 1 going to cpu 1
Thread 2 going to cpu 2
going to barrier (cpu 1)
going to barrier (cpu 2)

STARTING...
going to barrier (cpu 0)
STOPPING...
Duration      : 10000 (ms)
Acquisitions  : 28382435
192
2148
483
480
3597
630
657
7293
2289
3354
204
2538
201
201
801
4821
192
6657
1425
195
339
189
189
2229
1191
186
17070
414
552
183
342
5673
1401
2559
2547
2364
552
1146
861
2475
9003
3639
918
2223
192
192
435
2412
1260
270
435
201
351
1197
4881
1098
1023
13158
174
2397
429
2934
186
2031
843
477
1029
480
258
6711
1326
186
3603
1305
1029
6621
1878
192
276
588
1329
5184
6258
3336
192
1014
2481
198
1479
645
345
2901
3909
180
1524
483
1122
177
6588
14967
9258
180
342
339
13890
474
798
1371
273
567
597
186
348
636
198
198
273
192
2646
438
270
12444
1068
7305
2490
1575
2346
483
573
174
3549
9165
186
11439
435
627
7809
192
7770
345
192
642
354
198
5238
2091
3231
558
10122
8835
198
3705
198
204
1899
4956
192
546
5445
1029
4140
1209
7716
552
1467
5409
1083
192
1473
195
3141
2877
189
4284
348
6840
3765
3039
2373
204
192
192
5598
5355
801
183
4467
558
4551
5130
2556
1485
1269
1491
4680
3303
1467
543
267
537
633
183
4185
186
5163
345
273
4683
195
273
3579
594
2472
13320
7380
444
3378
186
192
1311
432
2544
3003
342
270
1401
627
5118
2865
3972
1629
5085
345
1161
13875
2352
3705
264
5442
186
3315
1158
1572
198
7182
432
198
1479
189
8901
372
558
192
798
4128
525
1689
621
2235
5685
3438
471
12177
195
1893
1533
3621
3246
9828
4434
348
1329
201
513
201
6150
723
273
1782
3432
276
2787
195
3186
1410
348
3246
1635
4353
789
1659
537
4356
1008
2193
504
2241
11547
1299
3261
180
1485
12924
192
3393
432
432
282
1095
3471
930
1881
597
4938
1812
2178
192
1155
2250
186
3210
918
1653
2415
564
483
195
5997
993
627
10275
8025
258
5466
5916
4362
4725
207
270
195
273
1011
2286
3783
13302
186
273
201
16614
186
189
1740
372
192
360
255
3360
1422
474
39909
279
5019
2052
6765
5388
3528
492
192
198
267
195
993
450
3243
1278
6762
207
192
366
366
198
1332
195
735
189
12921
270
198
708
264
12567
330
5523
183
489
192
2097
492
2754
276
1905
195
3657
4548
195
204
888
207
189
3615
1320
4056
717
4413
5430
579
4194
192
708
3687
879
7452
3786
186
2481
549
471
9852
5205
258
339
2172
2850
192
3240
5184
26403
561
417
192
939
435
189
351
336
189
198
10764
483
1095
192
1038
180
189
258
705
183
4221
417
339
5343
624
432
1155
1560
9411
1521
717
2352
435
201
201
2076
6909
3552
3336
2571
552
4062
723
180
1785
2340
801
186
1713
351
1104
195
1620
4332
4863
2118
1401
951
1647
1032
6522
186
2520
2316
1182
1308
3627
5358
1080
198
561
183
561
198
1956
351
1050
201
2931
3102
4188
192
198
201
549
177
4638
477
3627
2229
3534
1806
3054
2550
9591
2508
564
2580
3270
270
11004
1833
798
7830
1170
14733
13659
201
273
198
264
1164
276
2433
135
1926
717
3081
4446
645
354
3813
5670
2052
489
4002
198
714
261
195
5034
504
1155
3687
192
267
1086
471
708
699
2076
1005
2925
2646
186
1275
633
2610
2493
483
183
1125
189
1644
273
564
423
201
1299
9639
17694
879
1152
2037
795
4170
420
183
13359
351
582
654
3495
3222
879
267
2577
5727
5130
1038
267
264
189
195
435
2316
192
1545
2244
2715
348
483
8037
6984
195
2481
282
273
2799
1494
2757
339
4719
9006
2259
789
624
1236
345
1230
270
180
861
192
1872
6642
522
6399
348
2478
5016
435
192
429
273
639
198
786
345
723
3192
1293
1767
624
957
2694
2706
2520
3714
1197
3009
3375
186
4515
1647
183
333
204
192
6903
8250
2490
444
720
6081
522
1929
348
1722
1425
195
339
189
189
2229
2931
183
1311
4380
4572
558
711
6303
186
5286
561
2085
15264
1017
1173
2403
480
1029
192
3720
8751
7803
6780
1173
4752
738
174
480
1986
441
198
2598
3897
801
186
270
264
2643
186
183
2412
2586
2472
549
192
3900
189
4824
186
270
948
432
792
264
4290
282
192
558
1395
6996
6423
11157
270
423
1542
561
507
1005
2322
2352
6351
477
648
10380
477
2787
186
351
186
3585
1410
183
177
2922
3252
2259
1080
2034
483
2643
363
930
714
357
477
189
189
360
354
723
1404
195
555
354
1494
3372
267
267
5004
1242
1179
354
1635
2259
2235
4959
180
1323
351
8871
792
2232
432
7626
492
483
183
2799
2565
4203
4128
543
345
4368
198
5916
711
3837
513
3258
1791
14322
183
3066
174
4308
4437
4248
558
1299
6429
198
2598
2598
267
273
435
525
198
1260
510
555
960
186
195
267
357
189
1365
1269
4845
1701
201
258
261
633
708
909
3018
5712
3033
513
7215
429
267
2742
7581
267
6837
417
1884
1257
597
2805
3594
795
180
510
1611
1611
183
1221
195
192
1581
2193
438
4209
198
1434
2310
1782
3582
504
5718
267
345
4452
261
432
6204
3237
333
195
13884
255
186
4788
2433
1725
2958
189
804
351
201
3807
11139
261
180
639
201
444
876
201
186
189
621
786
6114
177
270
264
4035
2292
3009
9432
2520
183
9906
174
1059
336
1509
273
3618
3015
5163
1155
3483
471
270
192
3099
1005
801
177
1893
432
1485
2199
3207
2097
186
792
4911
261
186
2226
2886
16311
186
939
627
7296
180
2799
546
276
792
195
273
354
480
9567
192
3306
648
279
198
2232
2229
354
3435
465
192
3078
345
13317
1104
3225
6471
4143
810
1533
1455
207
204
1191
213
294
288
204
1224
360
1029
345
621
189
363
444
732
201
282
267
282
4710
1695
282
201
1434
198
1227
2895
9405
1749
2001
6483
4989
20631
198
195
543
4461
642
2568
4083
2259
1806
264
555
795
192
639
2736
2220
7584
1086
183
1476
195
273
3786
555
627
483
567
477
1332
1299
2238
432
486
198
345
471
189
795
4143
3129
3585
2427
630
2226
5805
1317
630
2121
3192
717
1017
555
351
3435
3438
1722
1671
195
276
198
2565
4161
198
1701
2535
549
8787
2118
3732
8877
183
1248
2184
549
345
1782
477
552
2115
549
1971
561
636
2838
3603
1080
732
1728
2295
675
201
2721
9696
432
663
2178
645
822
2526
7020
189
546
1776
1164
3069
720
5025
3537
1236
267
654
999
4353
2490
198
2142
477
195
198
738
471
495
276
10377
708
198
474
1167
1659
273
339
3030
714
624
192
633
501
1485
267
627
2211
1749
1773
1809
804
636
549
1881
555
4164
474
276
1122
1719
201
801
726
2298
435
765
5082
5337
2361
2502
561
417
1611
627
558
468
882
474
630
963
2340
1092
579
1236
630
5457
546
1416
10083
1008
585
1728
5361
510
3252
273
1977
1539
1971
276
2154
1092
3090
879
1932
2046
3540
3261
1929
876
633
1092
3159
3414
189
1161
1644
561
192
561
1485
717
201
483
195
195
195
2451
198
1626
1170
651
1026
195
207
1455
1614
1200
1173
480
636
4737
549
1158
2649
1686
471
3768
3123
3207
879
639
1482
480
7389
201
198
1350
2628
663
4827
354
576
2466
1464
4977
4569
1326
3681
801
2100
471
1398
273
192
3414
2025
2967
3210
546
477
3570
189
192
189
2316
270
1008
1623
801
507
1401
1527
1251
636
1161
1653
1302
645
432
276
4437
471
195
267
720
10596
270
3459
1518
2574
879
1170
2433
474
1644
639
1902
1314
6039
726
3909
708
198
195
471
1992
873
3414
1329
2109
1083
2031
564
561
549
720
5574
474
1713
2250
468
1092
567
798
2754
4245
507
717
639
1638
567
1257
663
3363
201
4047
2577
4644
1908
198
1731
708
471
3957
1122
1410
351
804
270
5178
498
471
189
192
2049
2433
504
1533
567
1332
3657
6162
2202
6651
3837
5463
198
1395
468
6753
6000
636
2853
1782
1410
276
1011
582
276
2586
1887
192
2022
3552
1638
5907
810
2205
954
498
3897
1299
708
2016
471
2082
1941
1659
3045
5244
4323
1500
3054
552
3975
198
195
882
198
273
480
198
1368
3390
876
507
4416
4734
4041
552
6864
657
4818
192
477
480
351
3852
1485
3072
198
2766
432
10011
14136
7146
201
1098
279
3084
2055
1170
195
198
1239
198
657
267
888
3243
630
2127
954
1416
2496
3879
2598
267
5742
717
348
1176
597
1689
1374
3249
192
1047
5925
552
792
6231
198
1725
4041
4329
795
276
660
192
2802
2958
870
11997
1215
3018
2376
192
4365
1380
795
7929
4299
954
657
1779
4770
198
201
9768
3381
351
2487
567
1278
2049
486
1257
1065
261
1320
660
195
432
1308
462
1305
624
189
954
3204
471
789
471
543
189
189
1686
2781
2874
546
3414
10146
267
198
474
978
4227
1323
195
1095
3090
879
1086
2667
11133
198
552
9237
1410
1110
189
1785
723
1818
1470
1365
888
1632
888
1242
4644
5985
8037
12627
1689
1320
195
198
630
507
186
717
1767
645
195
204
1395
1551
486
198
1311
195
654
1245
867
933
633
2247
4179
708
717
1170
186
2514
3909
1971
1212
1572
504
1857
3342
198
924
7404
354
3153
801
486
1383
729
198
3462
1389
273
2067
876
474
2268
1080
5133
1881
717
876
3222
1293
945
192
192
1395
1164
351
1665
2112
3240
5082
432
195
1716
636
3759
2205
1290
12093
201
3240
480
666
2601
2061
1881
1254
189
1083
6516
789
1647
474
2514
486
993
2493
474
633
1122
432
195
198
900
1854
741
4716
486
8775
5904
348
1644
588
1479
5289
1692
1818
468
636
717
957
555
2055
195
630
804
192
1560
504
1131
1341
1740
276
798
561
555
552
4479
4080
744
558
198
3078
201
2484
3384
198
474
2697
708
879
3750
1470
339
555
2604
555
192
918
1161
660
1344
1446
987
201
1770
195
642
3762
561
5406
9039
1125
666
636
2400
975
195
2184
1329
180
624
1284
5004
264
990
504
4563
2178
1263
1503
4368
480
1251
7230
1335
195
6096
198
2379
1419
3969
3099
276
198
4407
2625
1971
432
555
2910
1983
429
1452
1413
798
633
1608
1845
2430
189
189
1896
2376
192
3645
1887
558
1998
1854
1410
198
276
726
195
1485
183
3366
2220
630
564
510
354
903
663
276
192
624
1290
6672
7737
1005
1659
2001
2034
2277
2742
195
2715
957
504
4134
1743
1236
4047
1797
183
1614
7035
1839
957
2124
744
1041
2058
972
186
351
198
1038
4074
2085
789
2004
636
471
1890
3786
543
1254
192
2535
1644
426
3495
1554
1566
1950
1326
195
1158
3198
273
273
198
1701
879
198
798
5337
351
729
198
195
192
3510
5370
1164
1089
3261
873
798
267
3795
5511
2514
3852
996
192
2193
195
1494
2223
519
432
198
2367
183
4953
636
633
198
1935
459
198
2013
261
951
183
1347
549
189
1665
627
186
426
2889
189
1059
1734
3402
558
2970
7350
960
546
201
3054
1881
4167
2088
198
276
1155
2904
633
1953
2181
198
195
801
507
1239
5310
4644
720
4347
1491
561
189
1455
2214
483
543
954
9204
2079
429
3354
16962
1539
1635
477
38412
198
1992
570
354
1248
4575
1011
483
2022
3171
291
261
1560
1395
1932
921
198
867
519
3333
276
333
2703
276
861
3495
351
1026
705
552
1914
480
1197
2106
1254
1476
189
762
3309
465
339
1599
4071
714
1257
948
489
1026
7098
1929
357
198
948
1644
2076
684
870
276
2082
486
525
186
1926
351
2637
345
1953
192
267
591
2178
555
1407
2463
564
426
1182
189
876
192
2001
597
2238
282
1005
2262
351
519
192
720
867
198
198
765
1011
195
192
591
2025
5748
696
618
1800
186
1182
3240
270
705
2367
5148
186
684
192
633
942
429
549
1179
723
1842
600
282
339
273
483
288
261
3795
1077
195
981
780
2409
2031
792
627
486
192
3534
1575
543
3957
2235
792
1260
660
3270
1401
357
1080
207
1797
1470
4965
192
1710
192
276
1779
597
840
333
267
843
519
183
342
2415
180
2016
861
2637
432
192
252
834
3063
945
645
1248
2550
630
342
1335
360
423
186
600
717
2697
1335
189
864
4593
354
273
1644
519
336
261
636
2151
681
3390
669
348
774
1020
654
918
1179
1086
2229
2250
4392
636
495
480
558
1482
1920
3039
3393
1473
276
714
276
636
1089
351
1242
195
1005
1614
846
2274
2433
627
2418
189
435
558
261
1488
5289
474
2763
711
339
1254
189
1161
1011
276
2970
1698
2619
351
198
285
351
1095
1089
1638
633
708
939
1482
1077
462
1725
345
1716
270
627
1170
189
267
1818
477
186
1002
1116
1317
276
3312
684
1011
201
3699
477
189
684
189
183
1821
801
1107
1956
2016
1098
726
1779
183
2763
7341
1032
1986
2151
348
798
480
786
2838
1017
195
861
276
2025
195
723
630
273
2016
189
5628
723
285
195
1179
708
198
1398
258
1572
705
1851
3240
1254
354
3666
1014
1017
945
1374
717
1776
1227
663
708
345
717
2475
351
273
492
870
3246
189
633
198
2112
867
195
276
561
192
186
267
270
633
2595
258
2712
348
483
786
342
192
990
558
834
933
1698
1482
3825
6060
3150
2184
360
351
1338
276
639
519
720
1971
876
600
852
192
354
348
1542
1323
1218
189
3204
270
594
1770
939
5496
1920
711
426
192
909
183
720
486
522
276
1236
543
192
336
1035
516
270
276
1800
1269
192
2202
357
561
1830
1971
558
633
345
1293
2238
624
1632
483
1329
858
1701
270
1626
483
2052
180
1260
1194
558
789
1866
204
183
2151
273
3180
1581
1329
2097
192
828
732
192
561
2868
1251
699
1227
555
624
345
198
354
1488
2967
189
717
1686
5469
1077
3324
1941
627
1536
354
1182
2073
276
480
177
765
1005
774
552
351
3378
1704
711
264
555
948
1482
594
3924
543
477
789
471
198
1254
2244
201
201
195
720
492
198
1245
2118
930
354
195
192
1770
192
486
261
543
345
540
1083
549
1521
189
1236
1377
432
510
3378
1050
345
4377
348
1185
1557
2547
444
603
636
663
351
789
513
1716
714
786
1110
198
1470
3249
783
2811
2472
468
5190
861
2637
432
192
264
1086
189
1536
333
786
552
1629
2100
4668
198
351
483
1335
867
720
7533
1080
768
276
1614
789
189
918
1257
195
1005
1089
1848
1404
267
858
423
5793
186
870
1401
279
363
4992
195
195
846
1869
1785
1485
714
204
351
276
273
1254
183
567
483
546
2847
1401
351
636
2850
1923
345
609
480
777
792
945
543
714
2223
279
789
198
351
1344
633
2082
357
7251
351
489
261
1029
354
4659
1104
273
5286
483
5259
186
513
5451
192
186
543
1482
621
963
186
354
1338
942
942
192
2157
2859
597
195
480
1083
354
687
1305
261
1479
345
192
2232
1605
1026
183
717
345
3807
3651
183
3357
1605
1629
633
4155
2409
1809
4590
4584
2148
1011
1092
198
672
3102
351
624
507
192
189
276
702
192
774
462
477
780
1470
429
189
858
264
1164
192
189
624
267
351
3495
513
192
636
564
462
789
198
360
4668
276
1023
552
519
195
195
4503
2166
702
753
192
189
621
1419
2235
633
597
558
480
1032
945
192
3003
204
279
279
633
1260
1719
198
198
513
792
201
276
2475
690
9354
720
3462
69
75
72
81
84
81
84
78
186
192
1260
1566
807
885
195
4482
3399
1524
10902
8259
3813
201
201
498
453
198
5796
204
5340
201
198
204
201
369
267
576
867
20619
1503
555
1251
633
276
354
354
276
198
1542
279
1254
354
183
714
1296
336
270
633
513
555
1320
942
4668
348
2052
183
270
864
2394
8406
192
840
4026
3510
597
198
1161
1488
198
342
6135
849
276
645
4050
2610
603
687
1179
561
495
348
846
774
759
714
645
480
1023
357
285
7425
2226
3003
1239
1170
477
1029
273
873
354
1008
4314
198
192
354
627
4245
192
2817
192
924
279
4236
276
1101
627
867
189
1002
1563
1245
345
1749
714
2658
2856
6354
1086
1176
3297
3516
714
1011
1179
1338
2502
1236
207
1086
2460
870
564
201
198
1302
354
1785
1020
345
867
345
264
1104
552
2241
552
1320
264
633
510
183
1077
6324
2034
2565
273
360
1851
195
180
843
1080
2301
198
264
354
1992
201
1869
2196
633
201
348
2163
939
5247
348
336
510
519
1626
2556
672
1920
2832
780
627
363
1251
195
597
276
651
726
516
270
195
360
1695
258
1236
195
279
198
276
1926
195
462
270
14544
483
1242
597
