2767:0:0:0:0:0:0:0:0:0:0:0:0:0:0:0: (total 9)
0 1 2 Thread 0 going to cpu 0
5 Thread 1 going to cpu 1
6 Thread 2 going to cpu 2
Thread 3 going to cpu 5
going to barrier (cpu 1)
8 going to barrier (cpu 5)
Thread 4 going to cpu 6
going to barrier (cpu 6)
9 going to barrier (cpu 2)
Thread 5 going to cpu 8
going to barrier (cpu 8)
going to barrier (cpu 0)
10 Thread 6 going to cpu 9
going to barrier (cpu 9)
13 Thread 7 going to cpu 10
going to barrier (cpu 10)
Thread 8 going to cpu 13
going to barrier (cpu 13)

STARTING...
STOPPING...
Duration      : 10000 (ms)
Acquisitions  : 16139941
1821
1344
2820
1809
2382
1611
2046
1071
2907
1116
3099
1146
1512
137649
79311
1020
71217
864
1692
2802
1548
1032
82134
1743
942
1191
1515
27627
951
1788
1254
1092
1182
1374
1380
1911
939
1734
1569
1575
3954
1914
1698
1302
720
1383
10029
1797
888
1131
1869
44589
2142
1479
786
1173
2805
1689
2712
1530
3936
1977
1269
1536
870
1782
1173
1773
2406
1344
1146
22197
1713
1662
2253
2232
1353
2367
1539
1419
1794
1653
1134
1032
65388
798
1305
1434
1905
123882
1086
879
2031
1473
1845
1653
4800
2283
42624
1857
1008
3108
1722
1872
2493
855
8214
1467
1671
1098
1419
1515
41826
987
1206
1611
1044
1866
2580
792
1215
759
1752
40326
1290
1218
2175
1377
2172
891
3084
2229
1341
756
930
1347
1185
1107
1140
144327
2649
2277
2889
927
915
936
1881
2646
1707
1737
1734
11475
1878
1077
88776
1641
110298
1611
3870
1224
834
1575
2613
15357
1323
2109
28095
18093
1068
1749
1221
1791
69192
148329
1101
1065
2565
20946
2256
1299
1359
1932
1710
1098
2541
2358
948
2562
2052
3366
1185
2109
918
1554
798
1218
2361
1338
1299
1203
1452
1611
1653
2010
624
1053
2223
864
1602
1707
951
1014
2523
2751
1653
1263
516
5037
1947
1863
1128
1203
1455
2163
1854
2724
1197
954
16587
22569
2712
1041
729
4041
1257
753
2169
3645
1986
768
37911
1527
1611
1377
1068
795
1683
726
738
148818
972
1608
1731
1419
1575
1323
1029
103011
45639
2100
1422
1557
1470
3003
1881
2130
1695
1716
1608
1299
53025
1140
167265
1236
2739
1554
1812
510
843
702
1656
771
2817
1491
1524
888
94026
28869
1194
1362
15786
855
1860
1203
83094
771
2259
3177
1044
1215
840
1866
579
1530
1662
228
2202
40101
1719
1320
1002
37725
1212
14142
1872
1122
1668
1335
1626
3390
73464
990
1428
2103
3249
16617
81885
2667
1389
1389
2256
3531
2598
3099
23724
1092
1386
879
1827
6717
1950
966
1299
52413
1380
1497
2430
1230
51357
1338
1602
96993
1761
54153
2079
819
1773
2151
852
2439
1827
1317
1593
1893
3033
1971
2847
2079
2595
1308
41646
2382
559524
1983
2784
2151
1128
2613
1770
101109
1755
2253
780
1767
120099
2541
133248
1563
1422
194103
1275
2850
2502
1185
78600
1806
1524
2139
918
1566
2031
1830
2097
1722
1179
74292
1035
21576
1983
1833
1989
2169
699
1929
19956
2010
1152
186
1185
2088
1392
306216
1002
1362
1206
1188
12918
1158
17103
2607
2130
1125
1356
1383
134070
1734
2523
3183
221232
1491
43854
1155
1077
1938
1182
1392
184116
2202
103476
1965
1467
1377
1218
20595
1209
780
726
348636
2277
888
1752
17421
98373
1998
2370
64842
70236
145002
1395
312495
78909
2046
1452
50304
2103
873
1881
2103
1734
1623
40563
1260
2379
2061
2280
1188
942
1467
1614
2832
777
2361
23838
2190
1179
1260
2925
1506
1176
1704
1176
51009
2898
867
7911
384
4908
1104
2025
1032
2472
70449
2787
1245
21999
1746
1050
3222
16593
1263
125802
1503
2421
39105
68643
11787
2688
222915
2466
855
1407
1419
969
1887
1704
1644
1170
1791
2136
1185
17082
50079
2742
1752
262179
2529
1752
1866
1083
798
1773
1812
2124
1695
1398
792
30534
1452
44640
1716
870
2235
2004
1503
3129
2412
1386
1113
1932
2634
105813
1545
279627
5220
183
1344
1407
1074
1473
1875
2415
2151
142608
187095
372
2226
1290
360
1413
1989
1098
2217
116340
1395
59583
1773
60381
1311
41718
1395
969
39234
1296
1944
2202
26490
3798
2241
2256
2274
1752
1311
7476
30399
1779
891
2337
127017
1167
2670
1137
1155
1014
33897
2181
1941
1959
1521
1779
2103
1656
1527
933
72513
3315
3087
377106
1053
2535
157383
2346
2484
1152
41109
122220
789
18594
2274
1449
2157
1827
1500
2028
17991
1995
1830
957
35667
1296
798
1752
1725
2286
1581
2088
18237
1698
1398
1251
1272
2238
1164
2250
2706
1896
1335
19176
1512
1461
1665
3948
969
1509
1791
112023
1527
1905
978
912
67905
2001
2847
1896
1602
48447
1023
1593
2061
2199
30666
1833
2034
109551
1227
1869
15804
2517
159651
1617
3120
1989
1740
930
1089
1620
1965
1560
5967
1143
1494
1626
1542
1239
1329
2361
1944
1512
2355
2460
1758
1086
2394
1437
2091
43419
3738
1020
1521
1452
1569
14205
51129
1824
1461
1923
2241
2013
771
1206
5856
1752
1653
1635
1482
2760
99150
2928
618
3327
1788
38946
2832
1371
1584
210396
2577
277479
1218
2496
1845
921
1125
1122
2415
2181
2412
1350
2853
2685
173721
1260
188040
969
16461
1569
2739
1377
801
1545
1821
1878
2127
1056
1401
3069
15240
789
95985
2160
2088
978
3675
312
1605
95079
1563
26037
1884
291
1761
1206
1287
1902
1455
1179
1536
1017
7608
58782
747
1719
212484
2673
1320
942
1350
1485
1554
1992
3297
1266
7716
74304
184752
2112
24180
1395
2835
1161
1485
1785
3621
1932
99828
23565
151128
2328
1014
1509
1425
2727
135312
1650
3711
2706
1410
1275
3864
1647
386796
1884
12789
15687
1620
1482
1230
2505
1227
1062
27993
2889
1404
1437
1965
2244
2241
45738
1656
1245
1209
2520
1152
15666
1800
1362
1206
1086
2043
1767
975
136203
813
3159
2361
1818
1311
3192
954
1710
1782
987
1275
1167
1116
11778
1116
2535
2022
1857
1284
2532
1200
85386
1515
2991
1290
1485
939
3816
1095
960
231
1857
3582
2274
1854
795
2559
1446
1170
1725
858
1038
14448
1326
1377
5934
720
228
2847
978
1575
1086
1320
2121
1716
1560
900
2247
1431
2076
2337
74382
2997
219
57708
1854
9975
939
954
1020
1953
1788
155070
39396
1719
2373
31278
1281
1719
2319
2319
2967
1806
1308
1044
798
1716
2379
2304
3510
13653
1101
2358
173601
1458
31656
2793
1473
717
2244
1827
25194
984
1614
2793
1209
900
2952
1647
2913
1374
2307
3015
1590
1293
1554
1413
1524
786
1305
2016
115974
1230
1650
130854
3246
62451
1119
1125
2256
1104
3105
1365
1917
1443
1557
1806
1194
2838
393
1059
27666
130398
1755
1398
2457
2112
495
930
2097
2832
1341
1551
1692
471
2472
459
1080
1230
33798
1791
8913
2385
1410
3963
1488
1347
2463
1980
1482
2211
1383
31851
2163
14148
915
1527
1281
2856
3507
2268
1308
765
1077
231
1476
6888
1395
1614
1155
1815
84075
1149
1716
1992
77898
1644
1305
2058
1539
2994
1683
543
990
1293
11418
2229
66813
1932
3036
1398
2070
1827
1128
2418
25590
1080
1326
1071
3732
1383
116988
1245
1176
1272
2358
36990
98769
92673
2499
2139
1302
1617
36663
876
2916
3792
1605
1155
2103
39120
5994
2061
1566
25626
1029
1314
1128
1731
1467
2226
885
1704
1572
2664
1839
2259
1248
1032
1917
1260
984
1092
114042
1878
2586
1590
2991
1932
12987
2676
1245
252
1506
82110
1932
1569
1842
1788
2229
2661
2046
1677
654
900
1239
1611
1347
1527
2982
2082
3057
30897
13575
5976
2079
3534
1797
1530
55800
220992
1374
44040
1440
1446
1788
2277
3015
2346
1677
1773
1863
1131
2739
2652
1656
1806
1368
146103
1749
1422
176622
12930
2445
1494
7497
1908
92223
1203
2301
1083
75294
2781
307503
4167
1749
2040
2175
2733
1347
252
2184
1062
1926
2862
1629
73353
2331
2934
1200
993
1086
864
1041
1182
213633
2907
22785
1350
1329
1371
2088
107214
1422
1218
2190
3729
3345
1428
1410
1545
3387
51522
1617
2751
2280
2118
1254
37635
1884
1716
59103
63321
1893
1734
27369
1125
1668
978
915
2277
1518
1590
1266
2373
1320
2259
1194
1860
1599
2610
2271
3231
216
31617
1851
1623
1863
48540
1905
2235
1746
2064
3075
1992
2880
1848
900
1446
27144
1314
2499
2649
2403
2436
1146
2154
1647
1956
1875
1563
2961
3813
1425
2613
2121
3315
2718
2781
138006
1011
3891
2922
1260
1056
312
2250
1443
1428
46866
1938
996
4431
2556
1251
1983
2118
1746
1662
1779
1923
2424
1182
1053
1887
795
74856
2289
1851
1710
1968
1560
2103
2463
53634
981
1860
1131
2316
1461
14715
2628
3660
1335
2421
1470
1479
65637
1533
2853
1812
1491
23406
1905
1557
879
27453
1239
831
1140
1578
1668
1869
2181
1359
1554
32940
1863
903
1566
1236
2052
1833
2727
1764
2757
34818
2451
2145
1530
1050
1350
1425
57798
2349
3189
1413
1851
65241
1182
1638
1410
1434
1761
2496
67533
24570
74910
834
1677
18525
1956
30240
57363
1266
1143
2859
1359
2022
2745
2103
1671
1320
1134
2340
12720
1305
1761
3093
2043
1830
1314
2361
1683
3516
876
10746
3063
56220
825
1491
1995
1938
3249
2238
1173
1899
837
1872
1485
1059
1572
1752
2457
1509
47118
3639
1449
1311
1182
2298
2388
1350
2232
1920
2241
7746
1566
1650
1398
5484
1494
1212
1284
6204
1068
2721
3699
1920
1923
2307
2787
2160
1509
1230
2121
2481
1695
3051
885
1422
1503
2043
2859
3828
1446
1149
1332
95286
90801
903
1020
1938
3897
1407
972
41208
29085
1410
1284
831
2784
942
3339
41085
1422
1671
66030
1296
1443
22686
1635
1575
1968
1149
1044
1167
1689
1245
47097
104412
2625
2067
18852
1668
2523
1875
2094
25368
1515
2283
1335
1434
2664
4809
3603
48165
996
1371
1332
990
1302
1341
2535
3072
1332
1827
1335
2181
2145
1857
1665
1089
1773
1479
1695
1977
3081
2802
2517
1296
2412
54393
1731
92700
1488
1434
2310
2343
33354
1755
1827
993
2358
435
1605
2079
1653
11658
1989
3702
1653
2322
1569
2640
1578
3216
1644
1812
1857
1701
1716
1089
1947
54228
208707
3567
1077
1836
2688
23028
2157
37521
2517
1608
2112
813
1995
2028
36471
2178
66249
1848
1407
1617
1599
3453
26409
1260
1158
1917
66555
1956
1956
1764
9954
1932
15741
2178
1071
2202
56964
2547
2013
1482
2595
2238
1050
1353
1779
1872
2640
1485
1188
909
1860
18807
2520
1569
2229
1092
2091
1626
29568
23025
1491
3282
34881
7302
2277
4053
2916
1365
3093
58128
1698
1527
2355
1869
1467
1572
2232
1932
2103
2898
1158
1245
2685
2775
2202
26010
1683
1515
1686
2967
1467
3393
3129
1404
954
1326
1875
74751
1656
51018
1662
1548
1617
1371
2589
1758
1656
1146
1143
1344
2103
1383
3435
1659
1248
1386
1926
2145
2499
2031
2043
1266
837
1431
2547
1980
35382
12048
768
1806
2019
993
138471
638643
1581
153639
1539
2070
1920
2304
1008
39369
1494
2838
2661
3405
1986
1482
2046
1722
1566
122181
3024
543
79791
1038
1980
1122
1341
2073
486
1104
1131
1653
2172
115086
3759
2505
116196
1851
1536
48894
1380
10755
3759
1143
2178
7143
1701
2343
2022
1176
20742
2001
1731
1041
1320
2958
1026
103938
951
1275
777
2127
1548
2637
1989
2856
3021
1293
2178
130695
1179
29046
56382
1743
16329
2535
1545
2712
33276
1317
3051
1197
2184
1266
2352
1116
1083
1116
54342
2115
1956
22341
1209
1917
2967
2274
224835
1293
372
2301
2313
2472
1149
2091
1875
2301
2223
2046
1218
1626
116370
2826
1395
1167
1389
24108
996
1119
1776
132657
321
1944
1623
1116
1257
858
2097
900
1473
5082
2496
1449
1530
1515
1815
2457
840
1092
2190
1557
1959
1224
84633
1176
1689
1695
2487
3402
1332
2319
1320
12153
1389
236013
1470
1479
1575
3441
66618
2517
1896
2280
861
2709
1527
3282
1050
2061
1725
1371
1143
2370
1203
2628
2295
1530
56532
1608
47580
4290
1137
1866
1818
1173
1626
1974
522
1044
2283
47532
1278
1953
2688
1668
74991
1962
53013
1389
1044
3012
981
7254
1995
2418
3105
3504
1314
38232
1941
1440
1788
2316
1794
1554
2100
1779
1245
2604
1896
1464
122967
1233
3138
1845
963
78039
1473
1989
243
2040
2778
909
20781
1383
1950
1032
1311
2997
1368
1998
2331
924
4812
2796
1035
3231
96960
1320
2154
582
1761
525
29292
1695
13446
1965
2091
1884
2577
2040
1266
1386
95613
1095
2697
1428
1875
1005
1584
2430
11442
1959
1296
2235
155178
2166
1620
60723
1440
2049
2007
2793
1977
1704
2850
33894
187845
2205
1065
148902
1761
51690
2448
1569
84663
1314
987
978
228594
5334
792
2037
90321
2181
398475
1695
1863
1824
1581
67053
249
1077
16611
1239
1479
85281
1377
1473
1554
2166
2367
1689
233016
1872
1725
912
1899
1308
41646
1515
2007
858
2166
1281
3990
1374
1227
891
3036
870
3000
1506
16296
1026
2352
1497
1458
1932
1407
1227
2097
2034
1914
1821
1767
2055
1212
1926
1953
1161
1563
1848
2523
1536
2451
39558
1563
1419
1809
2304
36423
24231
1056
2232
6840
1737
16857
1566
711
15192
181242
1581
6204
89748
1839
1641
147813
1563
2685
137370
1458
2763
48720
1995
1830
1869
2631
1488
2757
1395
1929
13464
12933
1260
158505
303
2349
507
1323
1683
2877
1479
1626
1050
1077
1425
1935
2259
1284
27648
2577
1650
31938
119613
2508
3501
2130
5175
894
1251
2571
1434
2688
1308
966
867
1128
1200
2616
837
1815
3129
1185
49302
1977
2814
1455
69483
1338
2037
1581
2109
1872
10581
2856
141915
1911
1419
2538
1668
1728
98667
1968
798
1755
1593
1689
1206
2547
1755
1578
1335
1179
1584
3510
3678
2697
1392
3141
2523
2031
1818
89415
1233
1329
1227
2514
1839
1236
2058
2292
1140
95001
2625
1329
918
1122
1935
25599
2205
1713
789
135705
882
1305
2262
1605
1557
987
1419
2640
1143
1494
1704
1905
2859
1215
888
1068
1410
1158
3189
927
16032
1056
1413
2544
726
2475
1725
2802
1833
1797
1917
2976
1341
1581
82113
2280
1326
26490
1938
30939
1023
85539
1512
2109
1599
387
1218
1335
1413
103731
22812
1137
1002
83529
1233
37830
1083
28179
1059
1737
1908
255957
1923
72432
1749
1830
1401
2658
1332
891
1287
13308
1434
2889
1551
2511
1872
855
390
2580
2151
1761
46650
1710
1215
1806
2196
1986
1257
1668
119442
8028
60282
31419
1548
1734
990
26040
1242
1728
1743
837
1344
1521
59202
2013
80541
1350
1629
792
1047
1626
1308
1398
10353
34164
942
1812
2970
582
1167
1653
1587
2538
94386
110190
38892
2625
1848
7785
2415
1170
107481
2250
1761
2592
924
1872
2445
1359
2961
1455
2250
171300
168798
1134
120222
2268
101592
1683
1854
1932
1602
43224
53091
1227
43011
1161
1116
2484
2655
1839
1413
1878
1314
2025
1197
2691
342
1824
366477
26367
1884
2187
1176
3807
1740
1260
118059
265509
1272
2553
2118
7602
384
1932
30537
900
1107
1863
2535
172695
1422
1062
972
2406
1317
1815
63252
1311
765
2556
1422
1914
1089
58050
1224
2379
50019
1188
2415
43377
1344
29766
20067
124854
1917
1380
873
2283
1041
1197
1626
44721
10359
1128
1473
1761
1404
268791
1689
32415
1143
161922
1641
2133
17475
1968
876
1350
1545
960
1743
2025
1146
2187
1008
1755
849
1353
99477
194178
1581
30831
2055
1512
1929
2346
169506
1170
981
1038
1272
1236
207627
1467
2061
1533
57627
2724
1194
1968
1122
1530
1704
1470
1563
939
113856
1332
2820
39447
1284
1143
2148
2745
1854
2430
330
1383
1977
948
1416
1941
1488
1626
1761
10902
900
2790
175452
1440
128787
1110
1548
1632
1653
55854
1314
1884
1845
972
1332
1989
1272
1437
1677
2442
1236
1233
1359
1182
1728
1377
2775
9813
951
6852
1236
834
39168
1536
1824
35691
303
1281
1884
40041
1464
1284
1965
1482
1722
2355
2034
3258
2148
18009
2283
1362
1470
2085
1704
1467
1041
318
2166
1890
1533
1539
2829
1104
1749
78777
2046
267
11025
1644
1167
1110
57246
807
1869
2484
1026
11124
2637
2007
1755
1635
2442
2409
906
71061
1947
16935
2094
108588
1587
2382
777
2211
1170
1485
1773
2055
14046
1737
2754
1302
960
1041
3528
2685
2400
2646
2343
1806
44280
1620
2571
1446
1560
53634
1893
2706
1794
2136
108357
1542
2991
1107
57279
1944
1713
50838
8241
1275
1536
1209
2724
198
2175
9330
2379
1437
41493
2499
2139
2388
1635
1245
4398
1866
1305
2031
1563
117132
17952
2199
945
1218
1737
12156
1233
1524
1830
3882
1755
1140
1227
1884
1854
1827
1431
1269
38154
2109
1257
2760
56424
1452
19566
2202
1713
2892
2685
1665
1848
15822
1101
1296
51282
2163
125202
1881
18723
26178
843
1539
1548
2223
1140
2679
1119
2226
1446
1803
2040
1956
1968
1899
1854
879
1317
1572
1287
867
53955
1479
31698
1770
1809
21792
56910
276993
1056
1434
927
2025
16875
1557
2496
2844
1635
2478
342
1830
2148
369
34227
2103
1347
2199
2139
2949
948
1452
68793
60243
2253
2025
2307
1449
1440
6282
2220
2073
3420
1512
2739
1473
3012
1281
1782
2742
1857
2067
3540
1425
243201
1446
936
1458
2046
474
855
1512
1701
140925
831
1041
1122
1710
2211
2385
3996
53265
1533
2301
45354
1614
1347
1122
1233
1536
2112
1380
2385
366
1746
14082
19293
2781
2382
2481
2424
1812
1449
1722
2133
2493
1371
2253
2040
1668
1311
1221
1848
921
2583
1215
1734
1332
3147
22746
1122
1692
774
1479
1449
1137
1230
17724
1206
1662
2739
51372
1284
2604
104115
2328
1107
1476
1023
1545
1854
1392
1383
954
8265
1749
894
1020
1473
1989
3477
1386
84252
2049
1173
1815
1692
1464
780
1614
2682
1689
116976
1377
1404
8661
2259
20166
2061
1845
70242
1293
1845
2037
1452
1437
1452
1953
2049
1695
3315
1755
1455
1851
1629
192
1308
1698
2010
3678
1194
762
1701
2712
1893
56478
1200
1647
1704
149742
462
1329
27966
119499
2127
1404
1113
1134
2277
798
118092
1335
1347
1065
1038
2130
1794
1950
1323
1524
97260
867
254706
1056
33168
2700
1422
1314
93630
1989
2409
3096
1602
97140
2091
1122
1155
1098
2001
1803
1215
1827
1581
720
1812
1575
1368
1152
1890
2892
1737
41229
1683
222240
792
801
2250
1773
2526
2154
1446
2298
71652
2109
2481
180
2190
1404
1221
2094
1599
4104
2472
59076
78267
1326
6051
2457
49254
2058
1413
1605
1644
1515
1116
53349
1941
40713
1464
720
2211
73851
1020
1140
2070
2223
35775
2448
1491
1665
138429
1353
1416
5037
3162
2319
1821
795
1143
1164
1143
2436
1662
2085
40332
74394
1725
1668
1173
89133
43974
72063
2340
1428
80946
2502
2697
3048
189405
2400
1851
1068
2355
1326
1938
1065
2184
1158
21027
31809
1092
1953
1095
2415
2676
15111
11055
2355
1626
1611
3054
2601
1395
1092
2340
1521
2715
1641
1950
1602
2997
1413
1299
1317
837
413796
1524
936
855
228
1116
1542
1743
16719
1950
1230
2250
1851
1452
1305
13434
3234
2235
3054
1962
1512
2754
425763
969
26970
1542
2796
1812
1638
1401
78462
2916
51261
1086
1554
7302
1542
21204
1551
1590
1263
1326
1131
1743
1755
1485
2874
199359
2046
2700
1260
76950
1002
2202
1704
1737
1998
1482
1470
1665
80640
10896
2079
1077
1233
1698
12135
1221
2079
1497
5499
2334
1734
1143
1404
2049
1569
1833
1092
789
4980
2061
7530
1554
1755
2097
2643
1590
1290
1242
363
2232
978
861
984
2157
3096
31461
2697
1911
1980
1251
1422
182274
1644
2601
57969
1398
188229
2094
3546
1683
16197
1668
978
25119
1479
993
2211
63243
182673
1053
1860
1107
1665
3459
2448
1350
94452
1377
1380
2130
1377
2046
921
70698
48888
72495
2166
34230
1815
17712
2184
3276
6555
38661
6825
1917
1377
1041
31536
69000
1071
1905
1089
11154
2196
1911
3480
2250
3132
1083
1704
2784
2235
2475
1530
1209
1491
99543
3186
2289
1395
2607
1131
1146
825
167367
1833
1131
3237
2793
1098
2076
18723
158034
50700
1380
2226
1806
1083
939
1731
105702
2220
1569
4323
41103
1161
2169
1395
1530
1299
996
15348
45510
5058
2310
1266
1110
19530
1014
1002
56769
1761
2391
1998
2157
1317
846
1767
2463
1197
86928
2925
1245
2094
2421
1431
105702
1200
1425
68829
2223
54099
1275
1500
1746
1038
155271
1068
1071
2082
1326
1323
1446
2118
1044
1203
1596
1140
2169
372
1062
2166
1650
789
2787
1659
1866
2922
2637
21477
1821
2220
1434
1086
58476
1164
2343
2472
40287
102687
29505
1677
3084
1683
2682
1938
1428
1227
1392
1818
1602
1422
366
1461
154653
2283
2787
2469
169107
2547
2346
885
2892
67338
1119
98667
1701
1110
1317
1029
216
1758
35472
1320
2010
104988
36978
2292
2220
34779
2058
1872
1233
1353
135861
4002
1743
67137
242664
3582
2157
6165
828
2199
2160
1440
1530
1485
2391
3519
1002
227610
37917
1674
36159
20889
1914
984
3003
1614
1095
1086
1932
24501
90825
1764
891
1365
1164
969
1443
15444
888
1350
1131
1653
1131
68283
1644
1281
855
1212
831
1995
1974
2562
1515
147201
1203
2094
2409
1905
146349
2640
1977
1956
48933
3324
2733
1068
1923
5976
2805
1707
1938
933
2430
1374
15135
1683
244269
2034
1590
1485
1581
1077
3135
1449
1617
1431
2040
1716
1950
2154
1548
60405
1743
1602
3906
2676
1236
1599
1473
2598
34254
1692
1476
38637
87111
1611
1320
77040
2022
1143
1161
2037
79119
3747
2022
1344
1809
18021
68301
56637
2154
1002
2343
1161
1779
123840
2712
828
2988
4917
708
1989
69066
1926
150771
73035
1128
1497
2100
1140
1200
1335
1308
3453
1962
903
2472
2520
294
2013
1047
1968
24288
1989
97575
1074
499839
2832
2880
1596
116640
1161
2112
3096
1308
1878
1191
1485
2430
1758
1584
1080
1044
2535
1473
1146
59169
2145
1551
1704
72021
894
13233
1983
4848
1917
2298
1596
2079
897
2700
78795
2331
1458
1803
1797
2556
1893
1563
1476
1437
2844
166752
1482
14286
8283
1902
1704
6939
1593
2637
1950
900
1629
1239
2088
7590
156330
1428
1806
19548
1647
1503
981
2853
28932
1137
1167
1566
1509
2313
1596
143046
1455
2460
2589
1593
2355
1941
53505
1635
24687
1644
1611
3162
1671
1230
1416
2037
10137
2403
1461
1209
2571
2184
1122
1215
1146
1311
900
38604
1437
176400
1476
1221
1398
1797
912
4059
1233
1143
1218
2355
1581
1194
1227
480
21261
2382
1050
1629
1146
1356
2703
1488
1704
1335
1491
2355
1362
1899
3231
1479
3501
1512
1287
1707
16866
1899
1743
2127
1983
1038
1638
2706
906
1410
1674
2727
1314
1263
2115
2238
1872
1218
1887
129603
369
1083
2184
5775
2844
885
255
2379
1290
273
1470
2037
1794
15588
1557
35712
2130
7788
1185
1764
1605
2469
1794
1773
2418
1956
1443
79818
62295
897
1149
6342
28437
1887
3015
83127
1209
1788
1557
1797
52533
37506
2451
2109
315
2244
62292
1608
1308
1224
1299
52947
1638
1467
1803
1476
3744
1044
2610
2499
1083
1473
1653
1377
1425
732
131988
1110
876
1230
2901
17400
1293
104034
966
963
3216
2493
2538
1083
1965
1479
47388
1392
972
5664
1719
2346
1716
94782
3018
2898
636
1869
3492
37899
1788
1074
1713
1449
1314
1716
1449
2022
3069
1221
3000
58854
87600
1704
1803
1554
1572
1719
1527
1281
2073
1314
3321
23343
915
1263
801
990
1884
1392
187965
1134
31008
1773
4233
1650
1383
3165
1053
2772
2490
2181
1323
1038
1164
1890
1596
3618
912
1443
363
1932
366
2190
3114
1065
1734
1743
1623
1323
1902
2643
1932
13908
1230
20769
2787
2364
175698
2127
112563
40053
792
981
300
92457
64938
1338
2838
2373
987
1629
1653
1302
2553
1812
1932
3378
2148
2028
1227
1947
16335
1248
1659
1524
3906
1200
1071
1560
1473
2589
2301
1359
1380
210
1596
1680
1395
2673
2283
104460
1458
1701
2004
1467
1533
2037
2016
2325
2574
1506
3747
1221
2331
8466
1377
1167
2556
1830
231
1362
2235
1155
1143
1902
1716
164097
1806
1215
1242
195948
1680
15057
1623
1149
2799
2139
34248
1056
3432
44076
1464
1557
1791
1368
1701
1575
330
1302
921
1374
1266
1932
46011
1026
2094
951
1857
1938
1569
2433
2376
158733
1905
2001
1479
1911
1152
1941
1446
1494
300
1401
777
1974
2322
1917
3258
1419
1521
1383
1599
1095
2388
975
2640
1644
927
2154
4170
1590
2217
2901
57171
1134
2292
831
1647
1731
49161
1992
1209
45738
47745
2637
108459
139260
1674
1284
2979
2262
1830
3045
3672
1086
2256
1212
181158
1596
2730
1539
840
1968
1761
19149
1368
1254
55743
1941
27393
1908
2064
1230
192
276
471
180
186
351
1767
186
282
183
264
516
189
55512
183
117105
765
15393
186
183
414
435
1107
282
630
270
189
354
94365
270
609
39699
106143
930
615
267
429
285
189
276
672
198
585
270
273
519
435
426
195
1122
189
351
519
11706
1308
453
101718
618
1134
858
435
270
438
507
56205
270489
183
621
342
270
1185
198
339
177
1104
279
22110
15408
2178
357
1194
174
183
513
270
1848
1860
104112
270
1206
276
186
273
270297
1272
450
378
192
519
177
690
30531
261
351
267
276
447
97782
354
183
279
348
195
39465
189
264
360
597
183
198
189
21747
438
57033
273
9036
792
438
774
963
186
66474
36102
279
267
519
1356
1197
72270
9843
354
189
267
432
921
261
186
78369
921
534
366
186
177
522
774
1188
468
198
453
675
258
279
468
282
963
183
450
183
189
363
183
1050
609
282
279
294
1161
192
180
189
447
192
966
1398
204
201
192
201
204
291
624
351
204
624
270
276
786
192
546
183
285
384
198
546
708
276
1287
1143
192
189
258
366
1224
207
273
543
339
462
282
5397
885
342
363
198
366
453
282
864
975
195498
1545
534
195
780
993
11406
189
1041
189
465
264
372
1719
19689
876
1905
633
195
540
444
363
64431
870
717
1236
273
1071
471
456
189
264
186
789
543
186
276
270
783
180
201
270
29082
201
366
702
18528
369
195
270
558
531
528
264
198
375
819
351
198
192
279
711
195
183
282
459
645
366
519
456
618
195
1254
369
639
627
1140
186
531
537
870
801
363
456
777
180
183
105018
528
192
195
1146
1125
23394
285
516
264
70284
192
735
273
366
702
186
270
372
195
273
195
723
387
450
366
273
183
348
285
198
378
291
282
456
279
867
273
279
276
297
180
516
186
189
360
279
375
351
62541
198
282
531
360
780
273
189
516
1158
375
207
465
540
267
621
540
711
35391
270
285
360
267
303
522
189
273
273
537
28056
279
201
195
357
519
189
1146
273
297
366
357
198
1332
270
615
186
714
279
450
600
270
789
189
456
291
1155
528
11832
366
360
615
285
450
189
207
276
537
198
192
1407
441
351
9549
876
82953
273
921
447
537
459
873
267
276
360
198
537
627
810
1053
288
1572
522
372
519
270
273
4926
288
444
183
285
53319
285
276
639
282
273
186
282
363
198
876
633
207
711
183
183
1146
201
474
195
204
546
189
438
186
516
780
378
378
177
291
360
963
363
354
39825
441
204
699
279
195
447
366
273
909
801
189
198
78372
864
195
798
549
363
189
1362
462
453
204
192
294
468
189
276
555
189
186
480
441
267
534
525
195
378
366
198
645
1092
12648
807
393
672
1083
201
177
555
438
1152
714
204
1272
366
192
291
387
375
279
1464
210
564
279
186
288
375
378
282
195
732
351
378
477
285
627
864
276
204
798
705
462
282
357
621
537
453
354
639
396
378
273
474
357
52032
282
282
285
360
279
204
189
825
462
282
198
369
279
372
612
2193
354
663
276
378
291
561
378
567
1173
399
204
201
180
480
666
561
291
198
1740
366
390
633
570
204
291
195
621
786
552
444
375
384
399
276
207
279
285
1452
435
567
192
555
189
909
198
378
294
642
192
621
714
198
990
540
372
1080
447
282
288
204
288
186
444
837
720
1356
204
1353
210
201
294
966
459
1002
192
201
273
279
207
189
285
204
198
378
624
273
201
204
192
195
204
195
192
285
192
282
903
279
1083
456
270
288
378
453
195
210
624
624
189
288
642
13182
204
651
300
1107
177
438
381
201
393
276
294
375
273
837
291
393
201
648
522
378
285
630
627
285
621
555
534
384
642
546
810
822
273
552
1176
372
282
450
195
282
537
444
384
195
201
207
801
273
192
378
471
192
555
381
810
480
360
567
195
285
543
360
378
897
192
1206
192
546
273
372
192
381
198
285
456
459
489
195
894
207
444
759
297
204
198
825
483
291
630
279
201
555
207
384
2199
192
360
1326
723
816
192
363
300
198
1245
1101
201
1164
291
210
360
1065
270
1737
264
195
270
195
395850
174
20745
837
195
186
447
183
189
255
432
366
28311
207
264
609
1455
276
198
82158
360
1485
363
273
1056
264
369
519
42300
36351
684
957
705
10389
115044
357
432
1686
1824
186
444
183
858
183
14607
12141
186
360
1185
348
216903
615
183
354
708
261
45588
360
366
180
351
273
189
366
1134
270
189
192
195
342
276
183
414
606
450
192
183
183
177
186
1776
180
66288
192
597
357
180
534
1185
453
192
513
161610
186
258171
354
183
786
354
38343
459
168798
774
357
441
61908
534
183
276
438
267
186
957
1263
777
1770
714
192
192
354
345
594
195
702
441
192
576
441
1317
198
174
186
342
354
192
180
195
89967
348
177876
348
351
180
510
105945
609
180
348
89379
348
2370
945
110316
174
351
861
330
109989
624
453
702
351
79155
372
363
696
507
285
273
1002
834
75324
186
273
195
342
288
447
354
16569
2331
23484
2070
978
1509
1509
1365
1371
1869
1386
2865
33525
1932
1731
130014
1392
2058
1608
1542
3393
32082
1197
2346
1704
1899
1926
1365
1143
1419
1053
75969
723
882
1902
372846
2064
2952
1956
130710
26940
1911
3054
44175
119439
1278
2361
17436
2079
1410
2367
1428
1965
2538
20895
1755
1161
37695
1389
834
2799
1326
2130
2145
19800
1401
1491
2067
2205
1299
1980
2169
1236
1248
22734
1365
1623
3084
2181
1086
1596
114843
1959
1083
1470
70083
1449
1929
1599
2037
46341
1668
2034
1188
2382
33315
1428
1716
106722
1890
1707
1452
13374
891
160854
2358
2772
2433
1824
3753
774
1587
1824
2178
7518
1272
1161
2250
2568
1038
1140
1299
870
1935
2283
2598
1443
1938
2061
2193
43404
3162
1932
1293
876
1134
2364
11742
54291
1050
858
1329
234
1158
1986
867
4014
3330
2619
1863
2439
1497
1503
96036
1530
282
4461
3189
3762
35544
1821
1932
1434
1302
207330
2160
279222
2379
1566
2838
1257
963
1182
2322
3039
1896
1221
3741
1743
170316
1197
190407
2259
13668
1215
2997
3021
1407
1173
1482
1101
2091
2127
2892
2058
18705
99402
1170
1554
1560
2094
1242
94860
28707
4188
1152
2244
2481
1353
903
1884
1014
1497
4980
61566
1725
2523
207930
3582
1386
1719
1665
1239
1722
1692
2070
1728
1998
3348
1320
71928
1722
183888
26715
1137
3693
1014
2259
2574
1227
1938
98013
28392
148656
1353
1026
2073
1485
1680
169170
1446
2244
2625
1482
3027
3114
1941
1206
383514
1971
13374
49791
1110
1941
768
348
2580
1344
2226
25191
2412
939
936
2781
1086
2919
2865
42501
816
1626
1380
1569
3036
1191
14184
1299
2364
2481
951
1230
2067
1041
2571
134253
2280
2007
948
1890
1215
2301
1293
1257
1491
1491
774
1275
1083
11466
2052
1218
2172
1479
1248
1617
2727
88359
2295
1857
1110
1092
3600
1194
1254
3789
1746
237
969
1428
1287
1038
1989
1194
1770
951
882
16191
1374
3717
1584
4047
1857
1068
1326
1407
2136
2058
702
795
1770
771
1803
2736
76170
1296
64173
1740
6276
1797
1992
987
1659
1038
1227
196746
2202
32619
951
2580
1545
1047
3099
1041
1329
1179
1800
1362
2016
1059
17223
1209
2076
171162
1119
32205
2184
2859
1986
1485
3432
1446
25227
954
2196
3129
1191
3222
1047
1941
2775
1635
1329
3183
4371
1872
1281
2331
1464
960
1680
117987
2037
2736
12228
115440
2310
441
2220
60498
1383
876
1392
4617
1578
2538
1527
1755
1803
2607
1698
1602
1323
2388
1617
1377
1215
2775
1665
134028
82122
73929
1767
1854
243
1080
759
81540
924
1971
768
1992
30027
1704
1407
1701
1911
1605
870
2190
1191
1212
1254
924
1119
2643
2199
1545
1386
972
12906
2445
942
2085
47520
2145
795
1140
1470
2307
1863
1719
3189
4590
1848
1299
1626
1536
1302
1776
1176
1590
1509
1614
20802
795
1035
1362
939
2316
1182
1989
1785
1464
2079
1821
1707
2166
66813
774
1893
2841
1554
121731
1029
1059
1455
2580
1368
3021
9525
44262
1383
2376
1719
1932
1929
891
10632
2211
1575
1053
1041
44058
1455
1980
1017
2280
936
2157
873
894
1332
2100
36309
2358
2277
2463
2442
1029
1476
1356
1299
1833
762
1296
1575
1341
2391
891
1206
141453
717
1368
2118
1656
2442
1080
1785
1032
1578
1122
3144
15540
3111
1737
89850
111858
2385
2139
1365
873
1602
18273
1044
30939
16410
1062
1335
1446
1536
216822
1116
1464
2526
24603
2121
816
1077
1803
1029
1029
1341
2889
903
219
2175
1878
423
1509
2367
783
1887
1065
798
2391
1749
1263
2727
1014
1578
780
1632
1155
2310
1713
3159
1041
1524
1377
855
1518
1983
2466
1737
3489
888
732
2832
1515
1974
2205
2154
1068
1653
555
852
2070
18933
20427
2058
834
801
3378
1638
1425
783
3435
1857
1848
966
34107
1038
1653
918
1059
921
2133
2223
786
150498
1425
1644
1224
2049
1857
1647
153702
843
1056
1053
1392
2964
1236
3543
1398
2145
828
55206
1515
163779
2088
1215
1878
1437
1995
1203
966
1359
1380
3021
1197
2181
2163
91038
31734
1011
1356
13044
885
1950
1101
85929
1722
1293
1602
996
1092
1524
3381
2088
2199
45225
2226
2055
40521
1950
10965
1701
3378
1557
1503
1989
2205
1512
70584
1407
2553
1149
20823
1803
1911
1869
1512
3498
3597
54906
1938
1653
3792
14670
1248
2091
1323
975
1494
2334
954
20526
78279
3657
807
2028
1365
1515
2805
1590
26055
2079
2049
1227
1086
6132
2193
2175
1641
49206
2157
1269
1668
1713
840
48732
1833
879
1854
94848
1407
57366
3888
1254
1602
2262
1668
1068
1131
1674
2424
1119
1674
921
1833
1377
1224
42495
2037
560397
3321
1674
1194
2886
1704
104229
1926
1113
1410
951
118167
1446
2886
130653
1581
801
1956
191595
912
2478
1548
3039
1095
74964
1425
1590
1146
1335
1980
2745
2277
1227
972
1107
1293
71949
1212
25455
1770
3240
954
1656
957
24762
1200
3051
2661
1458
304725
2442
855
1308
1269
15417
21186
1749
2508
1128
2325
137310
1500
1719
224061
46434
753
816
1074
1209
186519
106836
1569
2196
1890
22725
1125
999
1260
343764
2091
1497
2082
1257
14781
102777
1815
138348
143022
1455
2364
80130
229335
82071
2892
52776
1650
2217
1662
2610
1458
2145
37815
1071
2694
2232
1278
1389
777
2577
1770
1410
1671
2100
903
21291
1950
2151
1068
1062
1701
1326
1137
2304
53757
2442
13353
1089
1452
1164
1179
2373
73209
1071
2037
17697
2832
864
1206
16938
1038
1284
123741
852
942
43059
63126
2994
10092
1053
226506
1752
1905
882
1542
1326
2391
2220
1977
1320
1437
891
69741
1194
261900
1818
3936
2550
2328
1086
1155
1311
1938
2817
1722
1074
32817
1293
45786
1143
1047
1434
1317
2520
2181
3873
783
1758
777
107871
281103
1536
3552
789
1131
1263
1158
1620
2184
335469
1803
2694
1203
1782
1263
1233
113826
1674
1248
55869
2013
59958
1806
1314
38025
2169
1161
1524
35106
1512
2031
2724
2400
1935
900
1695
1293
1374
1056
1788
1302
2217
1743
1302
1134
2223
29499
54297
1374
1206
1956
3111
1407
1521
1188
1050
1698
9681
1203
1458
232044
1665
1413
2049
1284
70350
1320
1794
1593
1635
1779
1356
2016
777
585
1530
1452
1464
1044
1794
2496
1137
2319
1305
54462
3588
768
49557
2442
1725
1689
1326
2325
1797
2550
1761
50757
1569
1713
3501
77502
1881
49419
2391
1254
1206
1188
8883
2184
3981
1809
1506
40956
2397
1308
1062
273
2871
1539
1392
2697
1500
1572
2094
2778
123015
1785
2268
1575
1629
2388
72000
1386
1164
3555
1590
2163
23658
1998
1212
1479
1974
1200
2037
1971
942
1467
2700
1548
2232
1209
3312
95223
1173
1731
3000
32265
17379
1362
2115
6030
2559
1413
98760
867
861
2220
1377
786
1776
2841
9363
999
1965
1533
1569
155199
819
2508
2523
426
56916
1194
1494
1776
2865
1725
2052
1755
1614
29214
2157
184266
1593
1287
1878
146661
1602
1953
1266
2814
1005
1422
3192
3900
25356
1149
128625
1128
1806
3531
1893
3420
2172
1050
519
1977
1656
1245
3387
2229
1200
35538
8925
2706
2565
1113
318
1905
2754
1173
2241
1308
1659
1833
35127
18111
1269
1062
1752
3885
2235
1854
1566
1740
2595
8709
1653
1590
1470
2544
82023
5001
1926
80700
1920
2346
2109
1149
1449
2304
2049
13557
70248
1452
2808
1509
1794
1368
1011
25746
3252
2190
1602
25119
2094
1527
2166
1077
2106
1242
1683
2244
1104
1620
297
3222
1782
2343
1350
2199
2001
1902
1005
1593
114135
1305
975
2802
753
1434
17571
2010
4014
2139
81243
1971
1509
1596
1668
2667
3456
2508
2967
2010
1755
1587
2256
1266
2682
198
2379
189
33651
11283
4569
1071
1995
1506
1236
2424
53001
2778
220293
2040
40044
2457
1371
909
2694
2778
2070
1248
1248
2148
1953
2040
2250
1128
2697
1092
2211
141798
2325
1683
177381
1542
9456
1194
876
2058
4659
3345
1485
89571
1251
1815
2019
78342
309852
1890
2001
1596
1746
2187
4830
2214
1074
3630
2001
1683
64890
390
1350
2346
2346
1512
1038
1014
1179
1641
216015
25272
1422
2022
951
110019
1128
1422
2034
2904
1581
1623
1977
1893
1698
48852
792
939
3297
2073
2007
40956
1434
61674
60261
1578
1656
2325
25131
1248
1506
1329
897
2268
1179
2301
1380
1782
1533
2640
1110
2169
1503
1926
2382
1611
36948
1899
1278
51531
2400
942
1662
2253
1470
1497
966
1863
1560
2814
23964
1449
2832
1371
1521
2676
1587
2265
1089
975
2943
957
7077
1227
2808
2709
1443
1992
2259
2304
133839
2022
1578
2520
2526
1179
4974
1875
1848
1002
45090
2109
1152
6387
1152
1167
1839
2316
1989
1068
1377
2343
1416
1785
2316
79227
2979
1353
807
1953
1665
1311
59007
1263
1230
906
1695
16620
1947
2046
2058
2955
1038
2541
62520
1530
1914
1839
1011
26448
1593
1041
30573
2133
2577
1080
1959
2439
2100
1086
1434
1086
30648
1845
1332
1653
2061
2094
2559
2349
1230
2574
1497
31677
1743
2409
2451
1467
882
1347
1995
54825
3063
1281
273
1287
2019
68601
1638
1584
1806
2217
1839
69651
22452
1062
72963
1605
2523
20670
33123
54882
1161
1821
2139
1779
1713
2763
1764
1134
2181
1590
2022
15774
3351
2355
2148
1599
1380
1368
3546
1050
2064
2724
8769
2202
2544
53427
822
1818
2094
1335
1581
1419
2316
1782
1530
3453
1077
816
2766
1623
1617
1860
2547
44202
1569
2739
2727
1992
1683
1584
1914
1677
756
1149
9933
2043
2253
1791
3369
1740
1860
2502
2214
4140
1401
1701
243
1707
2049
1575
1071
1824
1368
2163
1707
1587
1776
1575
2547
1362
1152
1785
1848
3360
2247
813
1380
1788
1065
1671
92616
2598
87471
2853
2010
1347
3819
2736
4023
18045
20253
1332
25512
3651
2154
951
2325
1689
1224
1164
37983
2400
2526
68943
1512
2547
13563
3546
2082
1632
2370
915
1053
714
2535
981
49635
101715
2412
2367
21804
1005
2574
1956
1974
22377
1929
1827
1776
1185
2175
2925
954
2967
50262
1038
2478
1161
1650
1413
2181
1086
2457
2436
1176
2208
1974
2205
2082
1392
1917
2217
2151
1275
2133
1230
3219
2085
1149
56832
1347
90663
1341
852
2055
2715
38004
1545
1740
1953
3129
1677
1620
14352
2067
3366
2223
1338
1665
2268
2055
3435
2049
1116
1227
1746
948
1869
2604
263829
1482
1170
2160
831
21402
2178
1881
35889
1896
2028
1179
3129
3048
40092
68643
2688
987
2148
3498
28695
2289
1545
1224
63666
1836
1689
1236
13524
1845
11103
2790
1395
1524
61164
2493
1326
1638
2136
1071
1143
2610
1968
1365
1827
2046
1179
1845
21192
2178
1944
2703
3369
1443
1917
25287
1671
20349
912
1299
387
2508
31464
10392
3096
975
1428
1854
393
58284
921
2580
1575
1701
1191
1476
1062
3069
2079
1362
1983
1392
1179
3504
2847
29337
1425
2229
948
222
1863
1728
2787
1377
1221
1833
2355
78921
53562
1308
1752
1410
1014
384
1992
1230
1509
924
1062
1287
2670
2637
1002
1668
1953
891
3459
3222
1515
1251
2394
1317
1752
1563
2637
50715
1398
1764
2169
137307
63846
390
567
570
216
273
639
543
201
39714
471
840
189
795
309
300
375
104769
409416
2490
155346
1500
2373
1902
1233
42525
1062
2379
1902
1941
2160
1500
1602
1134
1524
46773
71988
1134
3510
75216
372
2514
945
246
1002
1263
2244
4539
1611
1359
2058
117741
2379
3096
38505
73806
1539
1098
2934
46428
1881
1194
10635
1377
2787
9225
1479
2751
2610
1218
17886
2277
1560
1284
1155
1380
1950
105693
1368
1635
1158
2100
1374
234
1794
1566
261
1971
1953
2220
132789
1743
26742
1350
53253
1773
1938
13023
2280
1347
1224
2073
921
28743
1044
813
1395
2187
1080
1287
744
2142
1233
1290
58242
1572
24138
2412
1587
2631
2034
222414
1137
3315
2502
2577
183
1899
1050
1104
2637
1404
2559
1512
2208
116139
2199
1482
1665
1422
26418
975
3273
963
130125
4230
1362
1890
1008
966
969
1695
1686
1581
2004
22410
1695
1665
1365
1695
2607
810
62910
83232
972
2664
1599
789
1668
1545
1485
7527
36870
1047
1677
2523
2436
1065
1164
97764
107112
43638
2115
8496
1011
1323
1326
104514
1578
1407
2199
915
1605
1410
1335
2730
981
1242
1959
169176
171600
119700
1929
104601
1518
1248
2733
45549
51063
1326
1287
39846
1848
1584
2412
2391
2523
2181
1551
2622
1551
2088
1434
2319
1014
363933
28641
2295
1689
1926
492
1662
1287
121122
263016
978
1320
2886
12225
32388
1866
2613
2373
225
1413
173337
1068
1464
2517
2430
1575
2352
59937
1812
2280
1578
2391
1098
1518
61035
3252
3753
46248
1350
2151
44940
1629
31407
147465
1809
1206
1581
2607
1368
1878
46821
10851
2739
2016
1953
272025
2265
30069
1131
164031
1803
20355
1422
1872
1599
1311
1032
2994
1590
1812
1338
1764
1482
1005
293970
1713
1533
27885
5415
2049
1092
3069
165438
1848
1425
1218
1899
1167
210624
1512
2895
1305
53292
2046
2091
1233
2706
948
1806
1920
1251
1770
115854
1722
43572
1293
1812
2949
1614
2598
4944
1188
1647
1398
1788
1605
1611
1884
1194
6717
2061
1605
2907
171360
1437
131712
933
1227
1734
58764
1839
2115
1800
1032
2517
1533
1599
1002
2076
2772
1293
942
1281
1950
897
1293
360
12363
9600
1710
1074
37035
1461
1305
3792
32328
2043
2061
42324
1887
1125
1221
1371
1329
1599
1722
777
1422
21306
1542
2568
1446
1437
2685
1257
2754
2058
1230
1284
1800
1815
1194
80862
3111
420
7449
1746
1572
1068
1707
54789
2955
1875
2217
12861
2286
1731
942
1398
234
1458
2484
1272
69162
1779
2706
16767
110211
2901
1863
1584
1692
1293
1776
1968
18999
1488
2130
2961
2106
2385
1920
432
1830
1713
1443
1644
46542
1347
1812
1779
53334
1230
1539
1512
2250
2121
106671
1092
2166
1062
2079
54357
963
879
53124
5415
1110
1605
3111
1209
3675
11343
1692
44265
300
2517
1950
2223
1266
2292
273
867
1302
1284
438
1194
1587
139974
1014
1824
1584
9450
2310
1563
1374
3414
2064
1968
1560
1704
1761
3033
1140
2451
40941
1014
1482
59283
22602
1791
1932
4275
1995
1635
17661
1023
54744
127350
47331
1368
1011
1476
1143
2511
2640
1638
1626
2115
2769
1026
1902
1824
1230
1449
1533
966
987
1125
1551
51465
2118
1761
27336
2379
885
21987
59310
274998
1476
1365
1137
2070
1236
11457
1614
1788
2400
2037
2826
1875
4209
1977
3243
31986
1701
1893
2322
1716
1461
2049
2664
71685
61218
1131
2016
1890
1632
8586
1530
1632
963
1218
1626
2073
2559
1437
5184
1815
3165
2088
1338
238764
1209
1884
1221
1017
3579
1122
1800
142155
756
2223
1377
1299
3153
2820
1500
52635
1896
1383
2706
41946
1422
1776
1044
795
1503
2151
1095
1383
642
2124
16530
1767
14067
3057
1704
957
2154
1719
1467
1560
2916
1029
372
1683
2475
954
2130
1737
1566
2301
1764
1470
2526
1989
2571
1287
768
26916
1167
1176
1329
960
1695
1356
20538
1296
2334
1728
48591
1566
948
615
2265
103803
963
2931
2760
1749
2469
1149
2004
1533
8988
1905
966
1191
1536
2310
1125
1941
86106
1290
1641
2127
1266
705
1449
1554
2784
115458
2814
1086
11751
22722
1908
1746
67269
867
1950
1845
1794
795
1269
1752
2607
1638
2397
2832
2469
1821
2760
2055
1857
1950
1551
1200
1128
1371
1353
1896
1395
55509
2313
2481
2196
1449
147192
2280
1554
282
474
16158
97068
3252
1476
5301
1770
2175
26178
3054
1593
1545
64215
53967
957
1182
2181
1263
1314
1941
1221
115986
1128
1365
879
909
972
2544
1110
2316
1596
99735
207456
46476
1551
33015
1971
1386
1944
96474
2550
1656
1875
98940
2304
1737
1941
1413
1146
822
1242
1608
1665
1494
1470
1596
1422
1620
1803
2166
43911
224772
2370
1524
3471
1053
1482
1428
74550
1902
2610
1236
984
1752
1245
1059
2712
61824
76212
1593
2256
2997
2601
1956
47595
2424
1689
1623
1134
2331
1845
2334
450
48963
2490
1713
40251
2352
74691
1908
969
1341
1710
39984
1029
1353
1653
134721
1893
1443
7785
480
1635
1506
1914
1278
1218
1416
2088
1524
1188
2538
37812
2400
54780
2088
87321
1251
996
2244
226452
8355
1935
94647
1410
40482
353220
3102
1395
1458
2286
1473
64413
2229
1140
12693
1842
1875
87489
1440
1851
1233
2301
1152
1626
52026
178701
2127
1476
1455
1983
1743
41043
1674
2037
942
1425
1458
1926
741
1098
1662
1416
2166
1857
1914
2346
1881
13089
873
1560
1530
1428
903
1494
1389
1884
1503
240
1818
1500
1674
1203
864
1344
2406
1389
1167
1833
2880
3867
2781
1398
39579
1071
1107
2250
1392
32700
2340
21603
1215
2259
6627
2001
1668
14811
1677
1728
16980
178650
1230
1656
3501
92754
1743
1521
147801
2286
139161
2388
4227
46398
1236
1770
2019
1395
1191
561
1224
1575
1677
10875
1662
11211
1176
162402
3750
1275
3711
2400
1071
1677
1083
1140
2580
1470
2247
29334
237
1236
1659
28377
1050
117063
2406
2361
2916
1818
2553
807
1260
2007
1659
2418
1953
1209
957
1413
810
2028
1536
1632
2946
1155
855
47409
1569
1860
2685
72285
993
1059
3315
1962
2460
7803
1488
144585
1263
2607
1665
2094
101346
1704
2049
1299
1764
1953
657
2451
2757
795
1212
1908
1350
864
1314
381
1992
2223
1338
1341
2385
91434
1320
1821
1158
1530
1773
954
1713
1587
1212
90285
2187
1629
1446
1353
1137
1242
23880
1851
2541
1521
137571
1419
2400
1728
1689
1449
1221
834
918
888
1296
1899
1215
744
1503
1848
1332
1929
1581
2847
717
18435
1338
981
2985
1422
2250
1629
2484
843
2235
1650
1833
1137
84567
1218
1713
24252
714
33114
87450
1776
2346
2673
1830
1866
1512
100581
26253
1041
1335
80793
1662
40746
1137
28398
795
2001
259155
2382
69522
1617
1137
987
1584
1839
1497
1104
15693
1221
2346
1284
774
1014
2928
1464
2292
1515
42927
2295
2985
2661
990
2271
1776
891
1605
116775
10041
58317
1482
25458
4056
2751
1134
1638
2466
1965
1314
2832
381
36579
2037
2418
1332
2622
181347
1830
921
3318
55863
1629
190554
1614
1512
2433
13917
2640
2589
2265
21948
1593
1155
1674
795
60993
186639
993
1347
1233
1797
2460
2094
1395
94401
1530
1224
2004
879
1335
1770
68328
53451
68955
2097
36216
19575
720
1062
50316
3915
1974
1380
1785
103905
1521
819
13515
1713
1434
2730
1911
1401
1068
2175
555
1086
1365
1923
1203
1404
1467
99561
1083
984
2604
2190
891
1428
2613
163284
3267
1131
2760
1686
2391
1833
181575
50316
2886
1182
2088
1062
2010
1233
107064
1401
921
324
945
37872
2895
2601
1299
2202
1059
1431
17964
41457
1311
762
1902
1356
1230
831
17139
1380
924
1779
54447
1851
2337
1461
3048
1173
1176
1167
2001
1194
89694
2082
1257
2346
2586
108900
2949
1275
65475
1737
57234
1233
1797
1110
159093
888
1521
1347
1617
2544
1380
2322
1623
1326
2532
1152
3516
1479
1791
1209
1761
2859
1650
3126
2028
2967
18312
2223
864
2580
1572
61470
1773
1728
43947
100455
1668
26850
1023
1158
2178
1572
3618
2031
1566
1074
1572
1497
864
3129
2208
141168
6510
2226
1305
2436
172704
1329
4467
70668
102084
1755
1287
2031
2109
2115
33003
1386
960
104661
41139
2064
1797
31995
2103
1602
1146
1914
1467
135966
1170
2364
64011
1800
85977
152361
2289
1584
8958
1437
3342
1422
1182
1596
2577
2469
1149
1482
270081
61449
1500
2106
2196
1815
2595
2049
25605
93540
1290
2280
1047
1437
1026
18060
2001
1302
1890
906
1053
66546
1647
1707
2472
1485
1023
1935
1221
2424
2595
2493
144981
2550
1998
1053
1233
150048
2076
1413
1392
45501
2115
2808
2988
2394
1509
8376
3456
2184
1494
1392
276
1254
1302
12801
2412
246873
1899
1866
1509
1242
2544
1275
2133
939
2070
1143
1473
1164
1767
62661
1107
2154
249
2214
1542
915
2253
2475
2076
31923
3339
2634
1338
36327
1770
84111
1572
1467
77937
1404
1377
1071
2565
82083
912
1677
2913
918
14958
912
11703
52821
59373
1170
1194
1329
1824
110472
12102
1416
1971
1278
2724
378
1227
897
1824
66357
1767
228144
2718
1488
993
1323
1689
1023
1149
3273
1854
1344
2661
3636
1743
1068
1038
21030
2649
106824
502755
1131
474
813
116574
1554
1137
999
1119
1209
2262
1476
2436
2034
2058
2781
1020
1143
2373
1974
966
55602
2877
1650
1902
1221
68430
1728
16017
1899
1722
2091
1857
2934
2091
1224
2346
77139
2043
2007
1299
2754
978
1458
1890
1386
1356
999
3234
164883
2271
1161
11121
1800
5739
1494
1629
1935
3588
1254
2475
1818
1107
1806
2241
1233
11874
152529
1686
1260
1059
19281
930
1317
1404
3246
25473
1311
2136
1149
2766
1404
1794
146313
2130
3084
1566
2142
1797
2139
51090
1866
27213
1767
1305
1401
1167
1734
1566
14184
1965
1308
2301
2097
2286
873
918
1899
1125
40947
179736
1467
2976
1008
1248
903
2046
1125
972
1518
2535
915
1422
26670
1377
1785
1398
897
1884
1197
1869
1389
2166
2727
1452
1203
2295
1479
909
1200
1566
1512
19284
2250
2175
2322
1101
2022
1176
2217
1494
1323
3549
354
2253
1824
801
2658
918
1395
1386
134556
1065
3663
318
1347
1713
1452
4581
996
4614
951
2532
17448
1632
32508
3021
990
5463
1620
2133
960
2433
1152
1377
1731
2682
2058
147354
1239
1386
3723
16974
10659
990
1875
87804
870
879
1065
1356
48651
2451
35145
1281
2436
4020
62388
2019
1440
1560
1503
1050
54429
3027
3207
1905
1461
1044
2862
1380
2379
2340
3174
2022
903
978
1221
129537
1590
1200
750
1380
19854
1293
101556
1095
1869
3525
2277
1242
2130
2232
1146
1299
41304
1158
912
7905
2613
1638
94275
1284
3453
4128
2070
40680
1485
1389
1623
1455
1584
963
2001
1395
1605
1245
3039
53907
92109
1383
1251
2430
1689
1299
2004
774
972
1896
2064
19446
1722
1062
975
1140
2124
2151
1005
184437
1200
2202
27423
1521
1599
2643
2250
1209
1209
2526
2013
1860
2337
1290
879
1218
1482
1290
282
1110
1122
3795
2100
1884
2115
1317
2079
1722
1224
1053
2016
2673
1446
11460
1173
24021
2043
179613
1545
109212
1752
37059
2115
1110
3762
86799
2370
62157
1314
1860
1626
3051
1410
1338
3636
3129
2709
1218
2397
2175
1314
2514
1785
2145
13866
2502
1164
1317
294
846
336
2187
1140
1278
1614
1233
2256
924
1431
3222
945
1470
1809
3111
106467
3693
2517
2172
2217
1182
2019
1080
1386
2118
1737
1557
1149
11754
1128
1620
2868
4002
2394
1965
1581
1884
1041
1539
162162
1632
2814
1080
200454
1605
12360
1227
1773
987
474
1200
1968
32310
1749
1905
46314
1386
2184
1521
2280
837
4221
831
1473
1026
2451
47055
3465
1338
160881
2562
1068
1413
1416
3087
771
1524
2619
3378
1284
2262
1677
2784
1353
1854
816
843
1596
1419
2694
1191
1503
1815
1626
3813
3141
1587
2301
57678
1911
915
1917
1137
52512
1368
2388
42795
52173
111843
136281
1176
1434
1896
363
1500
1473
378
1233
339
3030
1905
1014
1827
1413
178449
2442
1257
216
1080
2067
1659
2298
21900
3153
1764
53361
2778
30480
1917
1674
76002
1572
1929
3180
87117
45630
29367
36006
963
900
2688
1260
79242
2424
2397
2682
193920
3942
1539
2343
1419
1569
1656
1824
3018
20940
2316
28578
1881
1734
1302
1209
2553
1662
12687
14847
1212
1992
1773
2616
2916
1443
2058
2085
1347
1794
3909
1323
1167
2163
1128
1257
813
411678
3684
1608
1611
3732
2286
2301
20202
1836
2814
1959
2535
2139
1137
13755
1740
2517
1803
2289
1050
2382
422508
1461
29589
2298
3588
1836
891
1419
75282
1563
3513
47388
1218
1917
10347
23016
1917
1854
1038
2013
1974
1881
2295
1674
203364
3105
1335
1740
73077
996
2910
1845
993
2025
1338
2676
1152
1575
78882
15192
2952
1956
1080
1443
9750
1545
1902
2223
1509
2772
2094
1893
1335
2817
2046
3462
1671
996
1134
1809
462
1056
11334
1719
1026
1683
2121
2130
1044
3828
