1ff:0:0:0:0:0:0:0:0:0:0:0:0:0:0:0: (total 9)
0 1 2 Thread 0 going to cpu 0
3 Thread 1 going to cpu 1
4 Thread 2 going to cpu 2
going to barrier (cpu 1)
going to barrier (cpu 2)
5 Thread 4 going to cpu 4
Thread 3 going to cpu 3
going to barrier (cpu 3)
6 going to barrier (cpu 4)
7 Thread 6 going to cpu 6
Thread 5 going to cpu 5
8 Thread 7 going to cpu 7
going to barrier (cpu 6)
Thread 8 going to cpu 8
going to barrier (cpu 5)
going to barrier (cpu 8)
going to barrier (cpu 7)

cpu 9 cur 9
STARTING...
going to barrier (cpu 0)
STOPPING...
Duration      : 10000 (ms)
Acquisitions  : 10155707
1215294
1530
2967
1584
2299971
1819251
1083873
2753301
2196
3245832
196743
2574
2049
1860
3081
2565
362079
2403
5034
2778
793065
92910
5032509
8720916
3111
4008
2624415
1872
4182546
2661
2211936
1842
2094
1716
4323
2029314
4956
2436
3282639
2934
3456
24900
933351
4980
4233
2226558
269172
2445
125946
39174
3552
1506
621
600
2202
421569
2232
1869
3264
3432
4170
98583
43704
4512
3852
2571
6036
4581
381609
3525
3186
1524
2247
1329
2394
66990
762645
100749
3066
2274
1452
93144
3954
103947
48162
3621
2766
18084
116472
1377
3264
3843
3645
2643
34932
40236
3102
220188
3312
282126
2721
2430
3273
4434
156762
2364
2148
3111
306357
446589
3120
108222
64329
2190
1698
4446
1494
155202
3102
3951
3282
5298
53625
188301
2136
3024
2532
1494
2925
131277
3015
177534
3465
40002
1848
491727
35115
2361
5073
173022
93993
3996
2133
3084
5337
2232
309729
3528
3729
2226
2622
2229
122793
56199
3534
3150
1710
3171
87432
77115
1518
382005
48657
2640
3561
2586
3519
5532
3609
2697
1827
1614
237795
9579
139425
227826
2184
70155
2520
2273562
1275729
2391
2325
2224260
81063
3687
2664
2763342
3846
103902
88833
3945
1503
4011
3891
2223
2148
1797
778395
102378
3219
26355
200445
4488
2292
3147
44751
3318
4215000
1023
2055
3483
3244524
21981
3645
2040
3431886
267225
1118613
3150
46851
2214
4533
2697
1338
27435
2352
2175519
1545
2268
2613
3045
141690
863064
1923
5658
3510
19809
9075066
1939662
4080
3187683
3084
4131
4704
2001
2688
3165
1182
2209416
293175
2940
1719729
1188
1911
409602
6925122
1779084
3096
2493
2157
6046179
2190
3078
5339340
2096958
2514
12714072
23772
40023
115002
1419
16980
1689
1386
4284
2415
3714
1113078
80736
4536
1863
2285055
5694
2676
4914
4962
1233540
4083
2700
801768
4797
5499
1489395
4142445
3081774
1782
2328
2196
4689
2469
70377
48948
2616
80304
2469618
1497
611475
6549
3105
2481
3030
28188
137526
2094
3993
2211
55494
2628
5468826
6309054
2346
3645
713934
2019
2730
1074360
4044
2898
2190
2194698
4038
300474
2571
2142
3423
2607
3546
1090068
3216
8544720
1968
2853
60066
5607
3705
26034
5328
5022
3957
2169
3504
4956
3069
5482359
4521
67575
678
3330
6768
17850
2796
2279271
4485
1079049
2155542
124980
5667
1776
7065
5430
288
5139
1593
2565
3402
1299807
2259
59985
1605
27771
184887
2847
2055
2829
1563
27882
54129
43563
1577877
25779
2115
2721
3618
5031
3444
1578
1743
22476
2106
1584810
2205
4188
6834
5451
1173360
3978753
4416
7106259
1761
54909
3301572
7624644
25461
6285
1338
3351
74358
865275
2271
4218
2340
3518313
3633
862140
4239
28314
3699
92379
1085592
6555621
2076
129804
3252213
1891851
3579
3708
1088448
3789
4138440
2781
5732520
1713
4494
2601
6708
4812
3018
1632
2325
3759
3051
19830
3024
8895
5002041
4455
3558
3148797
1812
5465064
3531
1803
147366
2151
4290
850899
2841
6082680
6185112
5235
3196431
5538
2067
7428918
1218
4475598
3018
1380057
2601
272871
3993
1242
1527
618
4917
6645
4512
3864
4638
2181
59301
2319
2787
164139
1629
3690
3327
2622
76821
178326
80361
469950
2121
2130
3732
2325
3384
3588
5316
633672
4065
202578
1515
3696
34506
2952
2019
4869
2757
223722
5700
2106
2946
2181
77436
2772
3753
1743
1827
2508
2691
642366
4443
1620
2307
3162
112896
4236
2820
17046
2727
3318
307785
4398
3753
3195
4689
115572
4326
74409
2247
4269
2796
233862
3771
268125
32616
1355763
4968
6027
4581
1129590
1539
1569
4650
2238
2880
138615
3621
391281
2532
261471
106212
1425
3396
3597
6782076
1752504
2223
1207662
2007
158322
3693
2364
2241
1551
3459
50613
2106621
56871
1776
2781
94521
3629706
695166
260253
3651
42156
2613
1950
212037
1452
129129
2952
4359
2775
39888
22527
3870
2064
2226
3756
1779
123852
380874
5172
2832
23859
96624
33852
2268
227481
4938
114324
209520
3876
3969
30225
39084
44631
1662
1455
79893
229713
127125
1716
2127
2076
3795
2403
172356
4056
366639
2052
1479
52917
3993
6237
2799
3084
2418
114372
1914
1176
3168
1758
3465
2889
2538
1665
3102
2478
5049
3207
5040
114027
2862
3192
2211
3372
715092
2610
2361
1986
2184
3309
98274
3690
72867
2718
1476
288822
5364
50496
3549
1914
48168
68607
5004
1017
4047
55104
2289
2028
1677
91731
161292
2721
3024
2997
35580
448806
2601
1677
4851
16314
3474
4209
2409
34407
18567
3606
1650
615
624
795
22932
267009
83661
1665
224787
1549110
2667
69936
3846
129024
79587
76089
338421
113388
355305
3591
17256
320946
146631
71031
3963
44070
2220
1929
85209
4074
2919
2406
133008
2361
6936
151548
153504
1965
1593
3672
3768
3213
3075
3165
563967
2892
147234
3480
3093
2886
3123
70776
22755
2583
3822
2937
1899
2487
1536
372789
3633
3102
1485
255285
3936
2304
60180
324087
237237
17256
1017
3762
1251
1482
42030
3510
71118
2739
40209
334482
966
210858
1350
157707
42261
2922
5640
3156
22197
599094
2673
4545
1851
421242
4404
5634
2982
2823
2466
3627
106314
17277
2805
2287875
2358
1059270
4680
4167
3870
4035
2664
1818
2370
2199
209241
2421
1851
2577
1839
7063209
1632
378945
2220
2685
2733
1615752
3333
39606
2676
11230902
126132
3300
1509
3372
274608
2145
2653812
4161
2523
2292
6147810
2517
3747
1392
2439981
3672
57276
4236
3411
1623
2892
281127
2277
2946
1097040
3186
599262
2724
4272
4224
4293
2463
708507
4206
1743
2670
2805
1494
94389
28077
4182
61551
1944
2142
3558420
4551
1677
1731
2709
1581
71673
3363
1119696
5997
1923
3069
3774
2265
3516
4233
3378
1082538
1977
3906
820242
2076
2583
2727
61062
1347
4677
1050
6075
2274
2703
39246
48543
3984
3105
2430
2493
2172
1194309
1641
2664
456117
2232
17316
3168
4763310
4653
5446347
2523
4236
3717
2862
3884229
3672
3210
1215
2247
3267
1107231
1635
4528335
3393
328740
5076384
1812
2781
2016
1493580
2256093
2262363
5251920
3467667
3156
12684
3259422
3084
3393
1245573
2292
1569
2577
3984
5619
1938
3126
6508464
2462304
1083603
2013
4998
2496
1980
3015
2076
2022
1806
2688
5274
1682046
8674905
2856
3348090
2346
2502
1713
3129
3174
2805897
3084
1015125
1271904
1869
4445259
28239
3147
2685
2661
853815
3756
20640
1455
949233
1527
2076
1872
48486
4095
1539
15708
3612
4770
1184736
3231030
2361813
5278434
1755
3225
2268
488979
1425
1125
291
492
525
45870
498
348
426
600
519
846
297
1479
1410
1035
771
510
1464
741
2403
208020
384
624
474
684
504
414
864
1638
519
621
294
285
576
1743
1146
237432
603
282
564
405
291
636
279
18699
1602
711
360
804
894
1392
909
696579
783
303
219
207
468
540
2598
80919
1227
537
2703
897
474
810
1491
17922
951
639
273
531
1281
615
2016
215052
285
2259
651
1254
372
570
504
165981
780
291
1179
345
2388
576
828
28026
312
2262
687
573
309
2097
822
97077
252
873
459
930
300
4722
693
410949
939
222
603
345
1227
294
210
16293
456
201
1023
585
546
282
357
116403
627
852
1599
201
678
888
558
288984
174
2094
612
390
792
288
753
33054
588
1680
528
609
327
303
414
138228
615
282
432
669
468
279
279
5688
282
291
288
471
495
801
606
119853
210
606
483
186
258
1596
1056
75777
369
765
1182
369
804
390
936
193881
1107
360
666
2655
996
360
267
69141
306
1035
336
291
495
198
882
31956
1266
339
180
1086
450
633
990
32385
633
456
462
333
1845
1560
1086
73218
258
417
336
1878
252
225
1182
1097664
1257
654
297
513
354
222
1632
81552
282
249
276
282
732
903
420
166380
285
288
267
513
354
306
468
14694
363
990
618
2061
2130
333
504
112032
702
372
216
930
576
678
867
35481
366
198
213
180
273
276
1479
106377
681
267
363
1182
309
1089
1266
17688
909
222
687
459
2037
1353
648
399627
2169
465
672
792
651
1218
420
643818
537
630
354
285
846
1137
183
101595
768
885
1092
465
195
975
225
52878
279
360
300
288
606
1194
285
154560
963
210
213
828
639
981
390
121842
471
735
720
351
3390
372
318
5358
402
1401
462
981
543
255
258
343323
963
297
1776
3402
441
2790
717
202344
1743
2655
1824
699
666
936
1674
87618
378
1437
690
282
1893
1035
870
221304
933
723
1755
264
2259
534
849
299157
327
324
831
1209
528
180
891
53826
291
261
1263
354
201
180
945
661680
1662
768
2238
465
1533
1332
435
275271
420
444
282
354
273
279
219
66615
270
420
465
984
1266
279
1044
422157
1281
507
507
681
1581
447
441
68373
261
480
1140
432
1302
1365
222
262266
990
276
792
387
786
1239
291
118005
531
1248
264
831
1017
1689
1974
99042
531
720
363
1509
270
177
738
46173
828
1122
609
681
678
1509
666
47322
303
405
939
534
762
381
180
111723
369
840
432
192
504
429
534
86439
210
405
450
270
333
258
708
3747
177
300
300
1131
759
180
375
232458
312
1380
501
699
795
273
774
49113
984
1350
2235
1533
471
180
345
16806
288
624
294
513
669
201
1689
90009
576
3279
270
273
1920
213
186
16368
1854
846
354
189
1200
306
282
92787
285
669
2379
270
1236
1338
288
2322042
1160541
1704
939
693
1362
564
921
32007
360
345
294
903
1224
690
945
5361294
1965
348
297
2184
462
270
297
2622
303
264
468
270
621
1305
597
1821726
374871
876
510
372
957
1344
1221
1338102
387
780
612
279
774
294
1182
5381232
792
1122
1305
231
930
732
345
52785
288
219
513
177
801
570
1032
512997
803052
630
1047
783
303
1020
297
3880845
1851
792
2313
924
387
450
1290
802551
282
351
300
216
678
1164
339
53154
1035
1062
510
1365
402
600
351
3004395
19347
705
222
285
480
585
1050
229401
450
363
276
1521
345
510
774
5862636
1257
711
2049
486
417
396
402
2836029
2373996
612
1320
540
864
1200
2184
169284
348
891
432
3234
450
933
489
30696
378
219
222
393
1815
309
459
591603
510
174
384
1311
423
276
1449
45600
546
870
1395
588
720
525
276
1655805
198
546
354
276
1131
1011
663
52104
1353
198
624
183
624
213
384
1316355
300
897
1161
387
621
294
1776
1188102
303
1635
435
534
204
1626
687
1737048
225
639
1905
360
2097
1608
273
198084
579
567
3237
1035
321
360
285
3069
459
933
384
939
261
1164
177
1260642
738
342
714
1236
570
1626
417
472395
204
198
255
318
282
306
1212
4747008
6080079
957
600
1464
285
954
252
2514963
172461
177
183
519
1035
1062
702
23058
288
246
288
732
384
333
210
1371402
402
501
216
372
1005
522
273
2116128
1452
1602
1998
459
288
807
2466
112989
849
594
681
1038
282
1179
177
4118490
525
663
219
471
474
402
1173
2103
636
1344
294
258
219
411
192
66549
423
495
567
1266
258
342
249
82512
297
564
1272
252
348
1014
600
4269
300
873
390
585
273
1962
624
59520
1512
801
546
276
648
393
333
16212
603
270
291
285
495
450
492
435795
282
1614
369
198
501
774
2829
574203
375
891
471
273
1122
657
1143
131277
957
426
765
309
273
603
438
13236
354
204
270
348
486
399
513
144111
1077
207
294
618
810
261
882
98841
396
1092
900
930
519
303
396
96555
561
702
684
273
1992
276
279
29190
963
657
615
537
888
495
1014
35898
177
306
255
471
729
642
921
42291
519
438
315
264
303
450
681
4587
288
204
582
438
2400
450
183
68136
675
687
1656
480
495
336
390
100893
1761
294
321
198
570
285
219
9384
390
177
342
1713
513
456
2187
109881
957
309
1614
945
471
219
345
104454
558
255
447
816
1767
225
552
46155
603
276
258
2754
1008
309
777
216
765
498
1302
705
492
1692
1059
187329
40161
18672
1080
183
549
3510
189
277896
471
177
339
366
174
390
591
1215462
174
315
909
177
792
183
717
7207050
361551
282
657
186
381
627
921
887715
708
345
1056
330
732
588
588
794301
192
924
1389
375
351
174
186
2465958
288
1116
258
276
183
723
738
48057
207
378
429
276
528
186
1119
2493717
459
171
1239
651
453
273
1134
16677
279
1824
1191
690
2058
1068
273
50823
186
207
990
279
684
177
174
68010
1344
168
195
192
339
177
906
1237596
642
405
1851
297
798
588
1242
371994
198
1071
1569
921
306
3441
510
4736979
1005
1152
618
186
180
504
456
2886789
387
348
453
2949
300
387
552
5811882
627
318
243
807
186
288
465
19842
435
279
309
786
519
186
552
3180
1677
843
702
174
708
876
558
35505
366
447
828
513
174
279
609
2449728
213
1389
681
189
672
360
771
1455174
1599
189
186
279
612
465
183
708
870
276
261
300
342
183
864
174
183
891
198
1329
396
417
1446
576648
426
270
186
174
378
630
1293
581886
201
1290
2706
672
186
285
210
55575
426
1374
369
762
294
516
183
33426
654
378
183
399
1020
735
897
16233
2466
180
204
1431
933
1593
438
721734
582
1305
273
1869
183
2268
1710
39759
570
963
1344
282
552
171
1761
1847367
186
186
198
183
813
1407
849
1087602
291
525
1002
960
276
630
1749
45873
189
201
1284
186
201
1314
1566
1081308
816
396
189
183
582
270
177
56142
351
1071
279
402
672
393
336
65931
279
768
1299
2214
174
930
1095
1799502
183
540
537
786
675
681
666
100017
174
816
1221
585
594
1227
432
1081362
453
444
372
294
540
846
1413
215076
1335
378
186
183
1617
1098
522
400389
840
186
648
756
456
192
282
71934
198
471
177
393
1212
504
336
1042842
333
186
1386
645
210
192
396
3656718
1023
1146
273
1050
690
294
693
101211
378
459
300
198
927
498
435
14709
348
384
405
294
372
1002
174
93471
1347
354
306
1149
480
426
171
28722
474
1503
531
192
291
2610
1248
20838
462
177
186
336
618
378
849
53349
189
744
390
1098
267
846
966
38796
192
753
189
186
366
204
276
17013
390
609
285
1014
345
1548
201
90357
1599
795
270
558
1086
735
294
270240
213
753
270
759
282
189
189
40458
273
1815
648
255
1026
186
2223
195531
1125
843
201
315
594
849
186
113067
204
564
267
711
540
555
363
628887
726
447
1620
189
168
180
381
121125
486
918
540
282
270
192
396
193650
729
276
672
531
489
1266
306
37818
189
558
264
552
192
270
573
17511
186
753
192
855
177
183
177
115398
1581
759
267
273
177
186
699
24135
189
183
501
492
309
726
459
167472
351
192
597
528
429
189
186
19524
441
330
2199
786
186
1032
2235
148785
402
186
372
708
1008
1689
279
40035
315
840
546
189
798
393
366
84885
1125
402
429
198
279
456
180
103095
873
552
975
669
681
888
462
35574
381
177
180
855
198
774
1734
18252
1356
627
465
1008
210
282
618
233808
336
741
552
546
2517
681
183
57708
186
192
1521
591
441
180
777
72546
279
834
1533
360
1395
183
273
40566
1140
186
945
294
510
1605
189
370314
570
1182
393
822
285
492
384
530193
336
204
354
189
447
771
189
100560
384
1242
699
573
189
276
516
933555
783
189
279
702
624
381
489
43374
183
420
687
366
378
621
270
3732
276
177
483
1203
618
1860
471
39858
207
492
186
1824
1509
285
552
35226
186
1416
939
201
201
372
186
80370
183
393
696
189
189
405
567
12696
291
696
534
444
483
198
177
46923
2082
186
360
285
1245
741
183
204150
1152
702
621
387
447
1332
342
489816
177
381
186
417
390
282
1068
110241
363
285
1422
324
330
501
702
255654
699
858
192
846
201
438
480
119874
282
882
864
174
1629
381
609
69093
189
1848
1395
273
198
1302
399
96393
1518
402
1059
186
669
195
549
172158
501
273
471
273
204
183
393
173064
1449
177
618
501
198
2007
435
72699
207
2346
411
288
183
270
336
155133
279
1113
198
978
1314
717
1710
4254
405
186
933
267
795
417
339
16506
180
282
186
591
300
294
309
68640
606
375
864
537
189
369
579
354063
618
771
444
540
444
300
948
267216
894
171
207
192
291
336
411
16053
639
597
606
975
774
207
270
189714
474
450
201
573
441
549
345
16794
426
342
864
288
195
168
1077
24588
555
1380
171
1488
507
300
453
282306
663
285
282
615
201
264
366
338790
765
654
798
516
177
273
1464
74997
300
297
1512
1299
180
276
1137
30603
186
435
378
825
294
552
189
53853
267
273
498
540
312
309
174
148032
1512
192
489
555
294
174
402
346461
816
606
837
189
546
282
552
59265
306
1719
186
483
498
642
564
341172
1092
267
180
567
453
888
1512
127227
306
294
615
324
1500
177
180
38760
2397
825
1215
1008
384
180
474
173811
282
189
972
921
186
1563
192
35154
432
1392
381
177
186
1503
2412
72576
186
642
246
969
369
282
684
49176
192
1002
1176
453
189
345
375
25377
495
402
273
183
627
1305
285
64350
339
1089
183
453
201
381
288
19764
1473
474
411
1092
525
186
567
14862
1587
480
291
198
390
675
267
450171
471
1155
267
435
978
279
369
1951806
2493606
98973
1323
1593
1011
192
1059
1119591
714
573
177
1041
339
216
678
1309062
1221
1791
333
708
516
393
906
1584
1305
447
447
534
285
381
633
201
1449
915
519
489
1131
669
516
546
375
555
750
447
750
192
789
288
408
855
651
705
762
627
849
444
282
933
402
1113
537
1770
279
207
807
1146
825
276
252
309
1149
180
2514
1254
795
510
729
705
723
1116
690
675
1011
204
426
270
273
873
1359
633
735
207
453
738
1185
915
306
192
192
2289
867
360
615
465
468
183
1020
276
195
282
861
2157
924
303
396
2340
1089
282
198
1092
462
1158
789
456
549
1353
342
789
267
1338
1176
309
468
735
705
513
291
1236
597
222
783
492
1296
282
300
489
273
345
378
1350
207
930
525
906
1215
609
1506
1350
1578
366
1308
843
207
3501
945
1377
582
531
1284
639
345
912
1335
588
579
198
195
288
732
1023
1041
786
996
651
2397
1575
588
897
600
282
669
336
423
876
588
816
834
276
1002
540
912
597
2148
576
354
474
1014
996
267
3252
294
594
474
867
219
612
699
354
561
603
2271
1383
1359
375
666
480
393
195
525
2172
2388
477
348
342
978
441
402
294
687
648
687
702
1023
378
1779
1500
879
657
879
1608
993
927
393
879
459
681
480
693
279
357
564
291
522
192
444
684
1359
561
327
1245
597
1254
837
180
411
702
972
675
204
627
747
1947
837
366
741
1347
2403
654
195
900
630
348
1221
201
1851
600
627
582
945
765
375
219
837
270
954
741
528
1539
897
1494
768
618
513
279
336
285
1209
807
540
693
723
957
591
987
486
1041
435
273
855
1374
399
186
216
435
831
216
798
486
561
732
396
291
651
345
276
273
927
969
393
441
360
2133
393
978
564
270
1452
669
411
297
519
1962
792
765
762
969
267
213
1338
1524
195
369
654
276
648
189
855
729
948
525
534
510
690
288
279
627
1050
186
189
510
1311
195
201
276
525
2583
279
1920
792
711
693
1134
279
186
297
1611
810
714
639
546
438
456
1230
402
1005
357
474
1065
210
588
582
279
654
1245
1179
1023
447
807
447
2124
729
573
1188
837
618
192
372
495
1986
1446
1470
1539
585
2337
630
294
582
759
819
1296
1095
615
288
951
300
261
1413
2844
447
189
1110
366
375
444
384
186
435
1797
1470
987
294
759819
879
201
501
393
300
1062
261
510
819
444
504
963
294
1974
285
645
1422
201
543
591
441
1446
747
41733
183
543
849
516
1149
984
558
546
198
756
840
372
600
276
207
170181
270
690
381
369
567
921
510
279
1926
396
1623
990
573
1380
429
546
429
402
183
735
381
1191
501
195
696
381
813
1002
669
1419
384
348
348
378
453
1740
1914
1677
1437
1308
1593
801
642
558
294
270
195
648
309
594
1425
438
2643
777
1389
522
1131
414
903
627
996
726
1176
435
267
381
531
1710
1365
444
564
363
663
990
951
771
372
1167
396
177
624
708
585
645
549
282
912
1098
2244
315
357
207
528
435
1203
282
285
444
627
492
2163
576
732
867
1806
858
2106
612
174
390
369
267
816
408
738
2118
210
1044
306
906
1065
594
351
1008
336
2280
501
387
1662
585
1848
534
285
1080
576
402
2805
354
969
663
489
522
2022
507
984
1566
1266
624
531
495
747
180
375
1755
186
294
381
555
456
1386
1287
573
840
297
1326
183
297
276
1095
744
1155
528
594
1848
297
612
444
567
294
363
198
753
174
699
618
2286
579
459
513
189
300
447
351
348
225
2817
177
732
795
699
450
372
1173
279
180
774
741
1719
1185
738
285
552
609
588
855
192
213
372
531
282
1008
288
504
1383
1518
2265
1263
465
771
210
1359
1008
519
285
1311
963
726
342
549
435
549
522
1410
399
372
2793
372
786
189
261
393
1053
1065
1233
1158
351
930
423
297
1599
699
198
3279
630
606
279
1614
261
462
285
351
954
186
306
720
1203
189
834
777
1278
441
1995
720
528
351
576
840
345
210
213
1353
684
690
522
1083
1386
903
1452
1431
540
690
378
942
627
780
570
177
540
297
291
495
459
336
1143
3303
210
759
927
414
495
1197
762
297
537
1266
579
1815
522
1662
804
480
840
930
558
1068
1809
282
2484
1719
804
1422
492
813
630
450
639
729
1587
606
195
573
534
966
657
1359
555
978
519
804
537
1014
282
714
351
1266
510
852
501
1275
255
1800
702
762
843
1038
339
924
351
408
1497
885
357
633
456
345
807
1980
888
870
195
285
2232
1854
351
204
384
2124
537
474
948
627
1167
186
534
384
798
345
345
543
774
1215
690
1866
921
525
1860
528
783
366
267
756
3369
636
393
1056
192
189
552
438
375
204
627
210
288
720
486
363
1116
279
999
1173
858
450
579
270
390
588
435
543
663
990
930
1260
723
297
255
177
381
273
1368
372
1167
372
198
1734
366
507
420
408
1209
555
269037
753
213
2013
1128
210
1467
1617
201
387
912
759
1002
1521
1272
951
642
531
639
486
381
279
1152
1044
396069
1392
348
687
291
1581
216
2016
4738266
1011
630
858
924
597
618
840
226947
1281
1338
1131
537
276
225
384
183
183
186
303
1791
543
1317
543
189
804
195
171
531
495
1476
234
279
957
192
516
342
201
813
168
183
693
486
1941
615
702
270
678
2355
1248
1200
444
375
423
1029
207
1947
180
198
189
2061
1233
189
1743
1056
204
804
183
1491
696
378
696
624
1140
348
504
627
183
270
885
189
981
189
207
762
273
510
423
2859
1275
534
1197
204
516
468
189
912
174
198
300
282
450
282
594
357
525
1554
183
888
306
570
384
660
189
174
429
258
1464
2292
279
192
2703
192
1338
366
393
753
186
633
1566
273
801
744
1647
1137
357
684
1776
207
453
174
192
567
471
291
204
177
174
957
693
435
510
192
213
456
1005
186
189
1686
180
1458
282
1677
1608
186
177
414
303
348
591
348
717
2049
186
288
300
270
1086
537
180
1107
192
279
426
924
183
645
3291
204
270
441
2310
1137
747
189
186
609
375
207
294
417
198
249
189
231
513
297
201
294
198
903
2295
798
249
1584
1194
621
2025
777
870
192
1053
966
186
276
189
1008
168
708
2094
681
1539
195
585
759
1398
525
1089
405
348
183
186
861
336
192
189
312
312
384
189
384
765
189
186
705
1011
183
210
2574
603
888
348
279
198
282
663
396
189
648
663
342
177
1533
690
870
684
456
342
2061
447
279
1659
471
429
1377
708
543
3189
174
300
207
993
525
180
642
528
741
558
378
183
855
1926
1047
1971
1182
939
912
1848
1623
699
423
276
1866
1980
183
456
297
186
195
465
186
201
762
192
1689
2532
1755
534
1554
1806
378
447
4236
600
192
1176
351
192
2058
759
567
270
276
300
687
345
1209
342
273
261
186
1068
321
468
1350
195
711
345
183
2094
492
282
996
201
942
345
537
519
690
864
1143
384
192
180
1443
276
204
567
303
291
648
189
528
183
597
1113
1875
513
285
1311
204
504
1308
597
168
447
1302
180
2064
198
1746
474
870
210
690
285
420
207
183
195
366
378
528
711
561
345
1695
1107
189
186
195
459
204
189
774
804
186
207
1374
702
186
687
180
186
270
279
198
1020
390
411
519
198
621
1035
186
744
378
1479
180
189
894
189
429
1971
291
642
411
306
201
369
819
552
171
3000
2064
735
630
774
1485
1323
1023
393
765
720
615
1692
294
948
492
885
195
189
345
1788
621
384
435
201
180
174
414
387
186
504
183
186
495
750
507
615
1719
282
177
189
711
294
615
369
369
618
345
345
1395
933
609
1659
441
291
762
555
648
864
1419
561
186
792
990
270
690
759
183
276
285
291
1179
897
357
279
927
198
954
183
282
1080
186
198
177
1911
444
2004
288
447
198
1224
651
960
297
189
168
543
423
1449
294
1104
198
531
1014
315
1002
189
276
276
189
603
477
786
255
192
1434
1176
585
1254
279
507
459
507
438
198
687
189
450
459
1257
543
270
3756
345
192
291
189
795
375
438
180
192
495
204
468
750
201
192
180
177
849
192
177
300
186
192
372
561
201
861
714
384
1347
537
354
924
798
186
708
1116
624
180
354
726
693
198
279
189
207
291
192
210
288
189
354
3747
198
1209
1824
2958
552
1029
2895
519
258
516
369
894
192
1464
207
798
540
195
555
429
342
2655
171
405
210
450
213
201
1266
564
291
987
186
699
636
378
684
684
1338
198
870
204
192
294
252
753
537
342
183
1002
2220
729
924
591
534
186
288
351
1029
1950
1104
192
495
1182
189
2151
279
6423
2088
459
207
915
501
570
357
174
378
690
180
555
504
186
276
1353
429
1971
279
255
921
360
264
192
426
384
204
186
1311
1098
1137
375
567
540
288
264
804
423
204
576
543
1674
174
654
180
192
1359
198
411
183
189
204
369
336
474
1587
342
207
198
471
861
189
270
936
249
186
186
855
666
927
276
468
897
213
336
774
843
453
204
618
1029
795
936
195
2253
198
282
1107
189
180
1092
1410
183
2652
1443
186
612
171
279
639
204
795
192
1212
279
729
180
546
789
1797
1248
1083
474
1065
270
342
279
1188
1416
2271
831
1800
546
1110
201
261
384
867
546
360
213
372
522
375
189
171
675
204
348
540
195
279
381
519
372
933
729
186
375
177
711
198
516
360
249
180
183
525
813
651
171
1827
483
789
381
1185
207
930
198
186
1176
723
651
204
384
510
909
270
1443
354
204
180
180
1149
1416
204
186
357
357
186
447
2388
822
873
1224
288
189
459
1086
195
297
1260
204
603
588
2118
216
663
507
390
288
231
189
366
858
180
492
2589
549
390
180
1368
1302
507
369
1407
192
267
279
363
762
699
870
567
189
1263
174
528
375
2070
1323
702
603
273
195
2481
372
186
192
270
357
195
582
174
726
1944
444
504
393
429
555
2550
786
363
1053
951
294
912
492
288
351
411
402
369
2250
213
201
561
189
1026
1062
363
3402
180
285
570
195
189
207
348
189
357
855
204
186
600
735
198
180
504
399
204
192
186
843
195
690
954
168
747
192
198
201
402
273
207
1002
2319519
1350
282
951
1338
375
393
768
963
1926
507
501
516
555
2043
1548
450
771
1452
969
192
372
10509
1329
546
468
306
474
585
468
1197618
528
2835
384
285
783
297
1272
31620
924
402
1662
351
1005
1287
711
2980602
540
219
606
1593
282
3210
387
1549884
864
462
357
438
276
303
1845
408252
777
204
210
279
543
450
438
1127313
186
1017
282
1344
1059
201
924
3636606
2619
453
288
666
633
591
291
246759
1140
360
552
1038
555
432
612
23700
1488
1470
282
345
657
993
297
211356
444
594
396
1002
492
1332
1488
15534
189
402
363
1809
2079
936
276
1377
390
276
294
303
285
834
405
202326
588
189
198
2697
282
699
738
166098
1005
603
351
204
1620
384
1047
207
393
2202
393
597
423
429
294
456
909
1134
441
279
348
375
921
2196
276
279
564
525
720
1260
279
272322
585
267
1773
270
1536
351
1053
339
543
807
1722
840
888
1050
1041
198
1479
411
192
426
390
267
960
41532
282
1302
282
870
717
879
180
124587
462
1350
522
1230
714
438
873
735
681
357
537
585
294
1194
717
645
909
258
276
567
528
285
546
144240
462
756
294
447
402
438
630
17121
378
639
729
1449
2097
435
801
89154
444
1851
573
462
588
408
513
31248
399
2259
756
1041
441
213
1077
23601
741
372
441
387
909
1026
204
33978
2493
870
294
393
393
663
444
621
681
600
1083
276
696
207
273
31320
180
291
363
924
492
384
1602
1428
861
189
804
300
534
633
756
495
1083
720
933
600
366
669
1218
63462
1185
1368
207
570
273
525
927
74802
291
189
333
219
525
846
198
83844
183
573
399
528
447
390
657
15900
213
2097
210
1767
2415
612
642
925872
723
477
654
156
390
2088
960
76215
852
1833
270
366
717
447
1026
163188
1692
888
657
291
1152
1719
846
18015
372
1146
375
672
906
270
360
130362
624
177
1011
807
864
3111
588
19215
2292
300
267
1128
429
1722
306
150792
831
426
333
801
2130
1200
1023
50181
177
300
366
1431
438
711
603
455457
774
1512
1146
537
375
360
375
81366
810
276
591
276
660
2454
1182
213075
666
429
1053
180
375
801
645
56934
513
270
516
534
186
2751
291
275181
1416
612
1317
1053
468
381
1263
84537
186
699
543
834
372
888
690
103020
273
690
438
1071
1485
837
276
145899
1440
195
186
696
294
273
378
74301
912
759
462
1410
297
210
258
3705
273
390
1182
378
750
648
447
36378
426
177
897
429
279
2313
939
407574
180
861
180
300
1035
1392
894
80094
828
510
828
2079
936
282
711
57849
630
630
285
1845
1095
564
945
82053
294
312
576
735
714
297
456
70581
648
285
1248
543
2346
786
732
50685
180
288
798
888
1014
510
294
82713
468
198
651
1218
813
2139
1152
119217
288
627
279
777
726
1350
666
48699
1260
381
2004
726
195
294
804
185733
1023
381
405
2466
282
774
450
459
624
636
984
840
336
534
921
552
588
207
723
276
1230
807
954
3369
945
861
1473
462
954
669
2115
85989
981
1218
864
462
405
357
180
46041
384
489
387
381
831
756
846
312330
477
309
210
1854
1071
375
1821
302079
906
417
654
267
777
489
471
346407
2805
1287
351
681
1005
270
288
2088
351
858
858
888
819
1647
1563
175422
273
279
297
1500
555
3813
627
94653
1362
372
549
1377
630
474
600
201
2475
885
393
1050
981
1107
1083
1185
801
837
279
588
408
624
900
198
852
606
552
603
276
2646
1275
121710
399
1734
1863
1149
501
666
600
114873
1680
387
285
1095
903
846
1251
753
288
471
1347
444
387
1080
447
176139
1578
528
756
873
753
2757
708
37179
273
720
438
378
531
444
177
37890
621
1035
816
546
378
2022
1008
28341
429
2568
2925
450
726
303
615
66516
1020
711
1848
900
1407
678
489
79695
930
186
561
336
405
1503
378
25635
261
282
510
2052
702
1878
177
33111
204
672
702
303
276
462
1953
66882
393
1620
2133
198
291
366
831
54591
201
843
612
177
921
612
273
309
1173
612
273
1065
552
2859
183
672
399
2073
966
1314
843
495
270
690
1329
369
516
978
354
540
714
2096847
789
585
771
639
354
711
495
76752
1104
1524
270
177
495
627
276
1442694
459
297
435
708
1143
417
567
5355321
444
420
750
345
402
450
180
2186124
702
270
384
501
816
1251
678
2271
744
264
975
2013
429
1140
507
88110
672
852
1254
726
405
291
621
1601223
558
828
1086
192
396
279
435
9474
279
618
771
522
555
1803
903
37359
555
183
1548
270
1389
450
651
1587
1017
459
279
618
198
1341
1434
930231
192
522
492
267
555
945
624
49386
291
1386
381
852
3249
1467
252
1055379
450
672
195
1317
501
1758
1845
363471
816
285
378
282
417
279
639
2491383
441
660
1581
1710
846
1227
801
558
372
795
1017
273
2136
270
744
5237706
369
273
609
1092
3303
267
279
82116
1137
555
186
351
270
444
540
773196
312
2757
744
300
1542
444
459
129183
429
576
1350
1338
432
2865
351
2935977
465
507
297
549
216
270
366
6093249
603
1071
516
585
639
942
1857
105144
276
291
999
1191
636
594
2055
5119878
180
1455
624
279
303
288
3324
154170
555
552
930
273
1422
300
507
48264
861
711
2217
189
1371
639
1344
31347
1242
18183
6354759
1109190
426966
57357
1155
10470
693
12858
453
2001
1770
2094
3244239
1797
225
3280233
177
5360709
171
1131456
525
180
183
342
201
870
507
195
3052509
5882334
1898376
174
2187222
5988321
37434
6524196
2585334
1370379
219735
881733
462
3753750
696060
360
49395
5375475
189
201
270
1511967
1080
288
1877430
480
879
519
177
198
1455462
1164915
438
5258043
843
300
687
1926
621
3468630
1086
3266550
1288650
13890
189
621
180
819
1744677
186816
306
180
2407110
2341704
204
1133262
14214
1020750
87306
924
174
1073190
198
51984
1008
8918349
21918
7185300
390
16374
1662
2681598
645000
2403357
288
1391988
59727
4368
647646
744537
606
170883
1086
10211763
3391200
5251764
282
86040
233730
5576208
683283
744
198
171
165
1515
2133
844314
258
16119
322170
1128
15153
6324444
1458
213
585
679074
2118
1063032
1310064
4031796
1839300
528
183
165
282
288
849
1062
7202493
2640
2697
174
345
1875
17952
672
201
1635
3312216
2529
1068
1959795
183
621
958200
2241555
428880
36552
216
35403
23070
20925
201
100257
309864
471
55956
192
1172421
111936
375
807
17661
561
255
186
1494
363
15444
137340
255
170148
186
54324
186
163965
180
183
972
29445
501
351159
408
149325
174
163767
192
40197
89805
576
222852
717
305919
1692
329784
858
198
438
18318
1398
558
19137
177
2145
68757
137559
133152
174
594
172068
1614
169263
171
204
600
218166
1098
539709
363
2523
1137
567120
288
276
32433
250236
174
279546
591
636
154458
381
169716
96096
77463
227232
1092
2267709
1170
1197
294
786
630
192
387
1659
201
3521223
56061
276
582
57735
357
1368
2782701
495
273
35391
183
1107
57993
174
303
874047
285
1752
177
363
516
332739
459
168
2151744
15594
309
792
714
267
294
2095281
648
984
396
291
3349458
2016024
84300
168
756
738
1459173
43440
1017
339
192
1151835
630
60213
420
897
59370
2169294
168
186
78288
15825
928278
939
582
441
792
906
5515428
3231336
15291
369
284580
2106
954
1260633
618
15888
3833487
56856
1029
771
2202825
299583
174
4207617
1704315
496695
165
618
6417588
11517984
339
501525
495
204
675
810
705
1350
12147564
226122
875505
216
276
1542
543
1215
273
265350
750
423
17325
189
16743
1362
174
45915
1086
1462818
807990
618
4635
3502653
903
43593
189
4515
2898
33522
4267056
174
459
2993835
294
342
195
15609
9603
1524
1026
18306
135705
48645
807
939789
1434354
1071
1650
583992
174
64293
294
717
1464
35172
83394
50028
1161
771
3487626
942
113904
8208018
279
414090
36039
1047
292032
3149418
951
131229
42858
35790
258
97164
64905
192
1189092
6533844
156
15246
597
201
930
1158816
213
729
1524
813120
342
600
471
270
186
42009
1299
5472357
73830
1089
59520
1128
282
465
1227090
21612
204
471
1084170
1063959
909
22338
2399094
1234398
255588
54237
789
183
1684596
273
1362
57171
2767161
2196864
207
1859232
5910828
180
1140108
162774
57570
8479149
16335
567
1072056
32325
1133451
33330
372
136488
27090
1353
12855
1500
4242054
55317
459726
418107
15312
279
34869
23370
1272
73497
1067418
6551202
24282
1392
10983282
3094695
810
2170377
198
174
201
81723
417
5016495
639
3060936
14106
453
576
57228
174
210
4644597
39831
342
34758
285
20535
43194
174
396
669486
366
1011
128058
279
891009
17196
3994038
8269731
3227190
966
7400607
8973
4259808
898707
1359
654717
436686
14571
34359
730377
894273
163722
62901
266802
67533
198
10104
1310601
1488
357
61410
397242
1725
195
1458
378
375
681
186
1456296
357
1200378
29859
363
80955
189
27165
556542
1761
100566
189
1095
117408
183
357
8384646
107013
1194564
2397834
38358
1338
2868
1695
4292847
227994
55509
86526
115644
36630
349035
180
297714
17979
239628
2754
183
966
20550
34773
16719
2967
59721
364041
2310
282
47400
1077
15768
201
107373
180
1545
44754
17205
14850
562557
21297
15624
549
153312
15867
181467
141363
41541
178506
198747
19368
613404
558
210
927
193296
188172
210192
33573
216588
474
161541
900
271674
927
192
209460
204909
189
214488
62436
16371
74142
276894
1356
165927
273
41424
118218
14514
894
179373
720
657
1260
270
2235
17829
962700
18252
34809
70539
1965
1992
222696
34326
79974
17805
1176
483
1122
861
348
54732
65445
89259
303
4992
192
448329
284442
207531
195
131973
666
216
345
1299
633
50529
303
165
289212
18588
48384
287481
297
37341
966
1611
278838
1752
203358
405000
45243
72462
60246
52782
675
21639
276
35052
195
90639
885
1428
453
287454
1683
36723
204
315930
14655
180
603960
339
57900
381
88617
61473
149463
1227
2208
69465
119979
125031
195
116598
332898
186
1920
687
279
81150
744
93444
2181
471
2106
89865
1335
615
1272
28434
807
1910160
174
309174
447
1282344
195
5356938
2103780
54279
1080
1047
1188
922335
2079
704172
300
459
1419
543
366
5180052
144669
1618497
4295226
9137175
4248
1776
273
186
51540
33576
2530716
216
183
165
37773
1077
286323
1044114
2133
639
15924
691752
177
873
591225
154149
43770
1623
273
186
3672843
30480
528
58185
318
345
492
1248435
612
273
771
1851063
288
450
549
160521
1236579
414003
261
1147413
1323
3654723
567
165393
201
359958
1287
37251
210
1296
1656
196485
235113
561
735
424944
135888
510
429786
177
273
453
242685
156498
262734
1461
204
1170
173865
15780
558126
34740
183
462
195
95196
504
204
63045
56046
58095
645
789
267
675
552
783
193812
558
198
1152
32199
87522
297
472650
97311
2064
25083
767436
294030
177
207
73788
43590
52734
864
255
2592
142047
435
525
262329
75435
1407
14565
205845
1767
207
1443
48318
476922
114834
56523
181962
714
189
1194
127683
1170507
21456
6287766
76842
189
828
225504
132711
56373
183
1061304
519
171
180
309
49371
3674010
675
273
930
3471579
306
3925761
6766197
264
486
183
2715
787545
1950
4222614
4504083
360
1044
85854
363
4188612
453
174
2235093
9371547
177
26397
1044
642
264
684
2119602
71118
486
444
186
573
300
818748
36306
3990654
390
644592
165
35856
1494
1169385
1359264
8331414
11999439
862779
510
2828580
180
391029
19230
54732
36096
525
300
378
2265
264
360
624
1158
1632
342
399
954
939
5167377
1047
273
393
981
279
450
525
1277514
372
429
231
210
354
222
864
8733360
1662
399
279
1050
387
564
348
2523873
585
645
996
465
477
438
273
13566
366
831
189
381
408
744
2694
2076762
672
489
1398
609
903
396
207
578070
1233
864
390
630
333
1098
219
53553
474
288
1995
444
1227
600
1518
67422
798
408
528
900
231
1086
435
20784
651
180
870
978
597
1527
1461
94269
1212
897
1443
276
291
834
399
611643
1767
693
2553
1056
297
1137
420
1501020
1146
483
465
1005
441
885
387
771
1989
900
975
756
1065
2595
720
486
1083
267
447
930
459
294
570
615
885
342
627
240
711
558
945
561
441
1203
459
783
1152
294
795
759
903
3201
846
1044
1443
387
1218
294
207
207
918
366
564
945
273
1221
288
471
1329
2301
180
522
1062
375
564
453
285
279
1323
363
270
843
372
732
1770
579
297
276
1104
1250505
1623
2361
309
912
543
831
681
1184283
1263
1224
1134
1353
291
294
1062
90078
843
306
930
960
1269
387
594
768
321
1371
1446
519
558
372
1086
1038165
921
267
1407
1086
918
1521
429
498
276
1491
1140
387
438
282
555
471
660
1080
375
723
411
441
375
618
495
450
2076
540
1098
891
357
612
447
1560
366
207
369
2385
1191
642
711
282
282
642
192
267
456
531
729
285
1059
291
2268
651
1737
528
732
294
273
438
738
297
885
594
333
297
285
372
831
1593
753
834
378
204
2385
669
402
846
327
387
1011
732
1527
1002
603
300
1272
618747
456
414
852
1065
411
348
648
68253
525
675
186
282
192
906
294
87231
447
471
597
702
339
1542
582
291
981
528
387
297
705
288
966
1630434
1884
207
1086
972
342
1188
267
213
663
675
510
2208
405
438
681
1134609
471
393
576
798
426
423
1089
3672738
357
681
276
903
267
363
438
90321
228
594
1296
300
1209
939
582
52584
285
699
903
681
363
1284
474
88893
1155
372
702
801
285
444
696
28242
594
1053
675
282
1008
411
1920
155241
777
1131
207
1101
393
924
549
66168
288
618
2928
426
540
1221
435
19770
177
1638
3519
459
1104
1014
1059
124929
465
531
435
384
507
978
360
2037
717
405
648
750
1014
939
1200
199962
351
468
264
888
936
381
1947
24534
462
600
456
396
213
279
1284
1587
297
276
1002
918
1236
1131
447
65751
633
441
1002
633
546
189
699
34539
267
792
945
1083
513
273
789
42483
270
492
837
597
288
489
624
319329
840
366
492
1596
831
201
1002
21153
864
1491
342
456
618
483
222
4410
555
363
681
1017
1113
516
300
15846
408
429
231
1020
315
273
1842
124926
399
630
885
711
186
2448
1050
69618
348
177
1011
225
357
2301
399
22671
636
1728
522
858
627
399
504
68172
312
525
1464
1080
381
1653
282
161307
1362
537
1629
1926
210
582
1488
549
414
507
453
444
339
288
309
80709
198
2130
699
678
393
342
222
991101
165
222
777
1017
855
297
528
6663
303
810
282
2568
282
909
288
416640
870
1047
660
525
546
855
1686
100995
1197
375
531
291
2025
2529
543
3288
1209
1080
618
483
300
1002
1125
117027
1287
609
2277
648
282
1386
441
800169
435
348
804
378
1020
321
708
1056213
225
624
576
555
1629
1056
276
59421
726
2265
675
405
1242
672
921
717
630
660
408
270
333
576
1845
777
513
468
450
288
1122
1188
630
708
309
291
546
1788
435
345
627
1353
606
216
456
765
267
363
345
207
294
543
288
390
921
648
375
204
354
969
960
405
774
1242
1365
91170
945
441
1470
207
381
903
684
49320
492
708
1269
507
1353
180
597
102900
1317
471
720
459
1959
519
210
420
429
231
456
363
180
1365
525
46743
1047
564
492
504
1878
750
645
169014
1896
225
1962
342
705
1164
510
39336
294
288
1323
975
528
3183
1245
859413
294
306
987
288
405
504
648
127281
744
267
1278
552
273
645
1263
297
633
303
285
639
366
291
369
621
546
2415
597
294
288
288
273
35775
729
876
279
525
192
531
507
807
405
510
342
231
468
1644
681
556449
909
186
216
906
420
345
870
100608
717
306
873
294
720
291
1191
19221
339
948
387
678
612
426
627
300
297
378
297
348
390
330
540
32055
588
297
195
477
621
357
1299
1185
1410
270
630
1500
213
1695
621
109095
1221
546
282
1197
693
294
699
27570
783
1314
1020
888
798
279
951
259962
972
1215
2466
1071
339
990
303
321717
2574
636
285
1371
297
390
924
67308
411
291
555
639
1134
1293
1173
70884
183
2139
174
543
1728
207
189
31437
276
1425
501
291
966
276
447
190161
843
1356
771
588
552
828
270
2178876
1197
420
1032
474
1152
279
816
288228
1215
783
927
183
1170
450
450
1108971
1389
1263
864
342
1083
909
408
86082
2274
2109
294
273
186
180
219
65691
1575
1302
1347
483
420
999
372
20664
816
1278
621
2022
366
852
609
5256720
420
375
603
186
282
882
366
2109003
285
267
855
894
1539
195
993
44340
1185
1059
390
369
750
393
747
1613901
393
399
438
393
561
669
198
60744
495
1500
444
777
1149
390
1485
912318
1116
357
621
744
936
732
180
1568457
375
714
462
276
819
1266
942
2470827
796290
2475
3000
1499265
4137267
3672
3083718
2940
4530
4638
1071
80550
45909
78381
50658
2418069
6537
612702
2241
4413
4650
2040
2409
24186
3909
35919
100632
2559
4428
2595
61020
2904
5468766
6309030
1851
425184
291750
2382
1078515
3051
1455
2286
2190183
3363
3885
302937
2169
3012
3759
2805
5034
1084374
5862
8548434
891
2544
61440
5067
23451
2610
5460
318
3132
1914
3108
4797
5535
3024
2939163
2541417
1668
60297
4776
8619
17718
3219
2283051
2370
1075086
1209
2158377
121134
3234
2100
2442
7101
6537
2931
2502
3117
1941
15978
1286769
61575
1899
24396
2196
181194
3828
1413
1941
2295
1713318
26496
2961
2868
4983
7164
3714
2343
2223
18468
2691
2925
1580340
4458
5592
3585
4311
4146
1168164
3984360
3596274
3429519
76377
1722
2010
52050
10953189
5115
2346
1596
1869
68310
867894
2091
4395
2853
260493
3254091
2754
408150
453318
32847
1185453
6550875
1947
134412
3245931
1905
1887039
3474
4197
3753
1082070
4671
2568
4139697
3531
5729277
2697
1926
2946
4767
2838
2733
5136
2103
4599
3591
24015
2412
6375
5005467
4692
3152934
3750
5460204
3444
3963
149949
5037
855150
6081498
1740
6184665
3195897
3891
2175
1992
14706
7410759
4473525
4053
1387842
279606
1854
1857
1623
3924
3306
4143
4884
3000
2355
3363
53721
2802
3228
161220
3951
3864
2310
4728
3141
71814
176235
83937
466761
1593
2922
2148
1584
2526
2727
4194
369
640482
199275
2622
1830
4794
33096
2055
2355
3375
2904
219255
2820
4137
1902
2166
3984
72555
2019
9504
2055
2394
4128
648933
3105
2388
1140
2427
109176
2040
4119
21273
3927
78279
209025
16074
3201
2739
2904
2538
121167
80430
4206
4206
242151
175710
90585
37023
1351614
1863
5115
3615
1133085
1365
3444
3375
918
143367
395373
3078
367677
1299
5319
6782268
1638
1748550
3246
2898
1203936
1248
163857
2715
1569
1008
2211
51666
2107509
2202
58371
1917
94809
3631308
1152
696075
131493
130161
3303
38097
2322
3693
2409
210171
3264
130740
2730
3189
38310
23013
2466
2079
2307
1902
2442
504411
3360
6012
26097
93060
2124
35061
2901
21249
199731
4017
115932
1704
214170
1233
4029
26817
43740
38913
2874
2637
78495
234759
122982
1854
4128
4794
3969
3018
1311
166563
3297
372474
3246
1308
48258
3048
5037
3735
6477
118260
1932
3903
2346
1551
2949
2373
2253
3363
2556
2934
4116
2025
8142
107154
2292
2400
2754
2862
4554
711081
1713
1527
1887
2283
2937
3381
92205
3423
2373
69858
1752
2403
292323
56520
2826
54468
63981
4482
2352
3849
4605
49194
3180
2712
1353
87906
163932
2169
3915
436662
49494
2883
2772
2091
22623
3639
4689
57447
2568
768
621
624
2229
18669
3669
261624
86364
1780335
74523
215145
72525
459123
349251
2838
341811
151116
68430
6519
44979
2661
2160
68028
16515
3417
3297
2979
140817
4644
3090
146487
3717
148587
1254
1587
1776
1923
2775
2913
3582
2559
99765
461724
71706
18300
59535
2208
2583
2700
74148
18702
1815
4830
3201
2433
3027
2856
1110
116793
250086
1815
5229
2304
2613
193881
57324
3189
4149
62766
319191
259455
2688
2064
2460
1731
35400
3825
74985
3162
16722
357102
1701
205074
2955
164160
37863
3615
4815
3084
3639
18039
2079
303738
192984
100098
3708
2295
4956
193842
224952
2787
4695
2298
1740
3615
130170
2294703
2193
1053126
5715
2265
6420
1575
5070
2124
1755
2667
3141
210336
3405
2040
2886
1977
7059477
1683
383532
3201
3798
1413
866163
749541
4455
32949
3336
11234277
121062
5073
2229
3414
281136
16647
2640399
2358
3189
2871
6142683
1284
2814
2535
1902
2433825
2970
1647
52305
2145
3252
2853
2295
2709
275313
3141
1509
2481
684
1092330
2844
602913
5088
6366
4035
2475
713085
2265
3978
2790
4518
2325
88923
2226
28047
2517
57420
1083
3444
3561549
5226
2103
1371
1308
70746
2256
1779
1114473
9945
8046
4596
2202
4923
3819
5289
3897
1088331
2073
827907
1935
3297
58674
2847
3090
2532
2853
4761
2688
42189
51075
3012
3255
3336
3027
1192914
1674
3495
455706
4182
22488
3024
4767867
2475
1683
4038
1971
3884550
1605
2301
1887
4797
1105986
3639
2652
3758994
769494
331914
5070216
4941
1965
2250
2121
1427799
60645
1569
2250648
2784
7516743
3471759
2979
5841
5664
3257547
3570
1752
1240443
1929
2595
1641
4434
3021
1935
3078
10063563
3918
3435
2256
2277
1962
2913
1950
3663
2589
1690251
8673069
3352869
1764
2388
3975
3405
2805411
3726
2838
1011795
1277010
4442469
2967
28212
4017
5205
858138
23406
952284
2871
2670
3027
43146
4155
4071
20499
2445
1185111
3236244
7642965
1890
543
1218153
2304
3246
4124538
1079004
1674
2749164
1524
3654
3246396
191805
2196
1203
2820
2556
1380
367725
5790
4647
1875
788280
5128293
8725107
2736
2624310
2259
1233
4177050
2025
2217531
3090
3897
2292
2037642
3333
3288540
2610
24933
939882
2919
3909
2226996
240009
22773
2013
163686
4179
2880
609
600
618
3588
81081
336600
1596
2283
3369
1404
3669
2508
92799
41319
2538
2793
3561
3651
417
2592
1827
381183
2013
1590
2739
1149
3501
66300
868839
3174
3144
2700
93402
3519
101595
48084
1650
3639
21891
113127
1437
3186
2826
3561
1860
80589
2673
214224
2058
3690
276987
2454
1839
3567
2256
2055
159768
1815
7119
752883
103005
3183
59442
2385
2928
5223
1512
160773
2373
2505
1569
61569
185571
3183
2688
3534
3627
4023
4239
128238
3687
180522
2835
36126
2472
4164
205455
278862
3396
29601
2421
2343
177396
89130
2610
3207
3105
2751
3354
2781
311298
3867
1893
2676
3546
2352
117576
62697
5061
3726
5001
165207
2100
434691
2727
1968
3774
2940
4419
4251
2394
2031
205641
38298
144150
219834
3603
76668
5523
2267706
1280472
1392
2224167
89655
2829
960
2765016
2226
99048
93198
1035
3315
3483
2508
2079
1773
776013
2124
97740
2175
2340
20487
2442
194454
3723
3405
2208
49905
4224738
2994
3271956
3846
2019
3426426
265125
1125687
48369
1266
4830
2169
3714
30885
2179776
1851
1617
2094
145140
865164
1899
3186
3447
15366
2109
1377600
7695306
1935741
2283
3186300
1539
3162
2235
4803
2439
2721
3936
3510
2204502
298038
1724013
3123
1728
403620
3504
8700606
3117
3465
3165
3561
6043230
1572
5343663
2091564
1353
2343
12709056
62346
3108
110898
2043
20418
2232
2781
3438
2676
1200024
3567
6231
2280615
5682
3297
2934
3471
723
1237716
3057
3630
