3:0:0:0:0:0:0:0:0:0:0:0:0:0:0:0: (total 2)
0 1 Thread 0 going to cpu 0
Thread 1 going to cpu 1

cpu 2 cur 2
STARTING...
going to barrier (cpu 1)
going to barrier (cpu 0)
STOPPING...
Duration      : 10000 (ms)
Acquisitions  : 54761229
494
456
482
192
456
482
456
470
464
466
460
490
478
474
486
474
474
486
474
474
472
476
484
464
464
464
492
456
482
198
456
482
456
470
462
472
482
492
484
460
466
478
472
464
192
464
480
484
490
464
482
466
470
464
472
482
476
462
470
464
462
470
492
456
490
462
470
492
484
468
446
462
464
180
466
470
472
478
476
494
456
482
476
466
460
480
456
470
464
466
458
490
484
478
472
476
484
484
464
478
462
466
470
464
462
470
470
464
462
494
188
460
462
476
462
470
480
458
460
492
458
460
492
472
132
492
471
936
477
201
474
201
486
504
975
474
966
219
522
495
210
222
225
204
483
483
492
486
486
489
480
465
1434
948
204
483
1470
195
195
207
201
474
489
474
492
210
474
189
474
216
486
489
489
201
492
483
480
471
465
204
204
480
204
486
186
471
489
204
486
474
483
204
960
477
216
201
498
477
210
480
492
945
201
480
201
480
204
480
201
201
522
471
1008
474
1887
471
483
945
480
1449
942
210
969
19473
466
170
476
458
470
464
192
464
190
484
496
490
474
474
486
486
470
482
456
470
194
472
472
466
490
462
458
462
464
194
462
466
478
464
444
470
464
456
482
194
472
484
490
470
464
466
460
492
486
460
462
468
470
462
462
468
470
460
462
494
462
490
476
456
476
464
444
468
464
472
458
484
464
178
464
460
474
476
476
492
456
470
480
456
470
464
462
482
476
462
470
464
472
458
472
492
478
474
486
484
464
472
464
170
478
460
484
466
198
464
460
474
494
478
470
464
462
470
464
472
458
484
480
478
472
476
490
484
478
466
180
462
470
474
466
192
464
462
490
464
472
470
464
462
482
476
486
498
464
444
468
472
476
460
462
468
464
466
494
456
482
476
484
470
464
468
464
462
470
464
462
482
476
470
458
472
492
490
474
472
464
472
464
178
464
460
474
466
170
462
462
488
466
180
478
460
494
492
478
470
464
462
468
490
484
476
458
470
480
470
478
476
484
460
480
462
446
462
468
470
462
482
492
466
482
476
462
470
464
472
458
472
492
478
474
472
476
484
464
180
464
466
474
478
456
478
472
478
464
494
456
470
464
470
460
492
462
458
494
478
462
446
462
468
470
464
480
472
460
462
468
470
462
482
492
456
482
476
462
470
464
466
460
472
492
470
468
464
466
464
446
472
464
462
494
462
468
466
474
466
198
464
460
486
482
456
470
194
472
464
474
492
496
484
496
496
478
182
468
484
484
462
482
462
462
494
466
470
492
456
470
464
462
470
464
462
482
198
456
476
494
466
482
476
462
470
480
496
460
466
478
472
464
178
464
464
474
490
496
458
204
472
460
494
492
456
470
464
462
470
464
472
482
476
462
468
464
462
468
464
462
480
476
462
468
464
462
468
464
472
460
486
476
476
488
476
476
464
474
466
170
476
458
472
466
480
464
470
458
490
462
458
482
490
470
468
476
462
468
464
462
470
464
464
192
456
482
476
478
204
456
482
486
486
470
472
476
460
494
490
484
478
486
474
476
488
476
476
196
462
476
466
192
456
482
486
466
180
456
470
474
464
178
486
460
474
494
456
482
476
470
460
480
456
470
464
472
458
490
484
496
490
484
464
472
466
192
464
482
486
466
172
464
464
476
470
490
476
462
470
464
470
458
472
192
472
480
496
460
466
478
490
462
466
494
464
462
482
476
462
470
186
456
476
494
456
470
464
470
458
490
496
478
472
464
490
496
478
466
192
464
462
488
466
462
482
492
456
482
476
462
470
464
470
458
472
192
472
480
496
460
466
474
490
462
466
494
464
462
482
476
462
470
464
462
470
464
462
482
476
462
470
464
472
458
472
486
474
474
486
474
474
486
474
474
486
474
476
488
476
476
488
476
476
488
476
476
488
476
476
488
476
476
488
476
476
486
484
464
472
464
484
464
462
480
480
464
468
480
492
456
482
476
462
470
464
462
470
464
462
482
476
462
470
464
472
458
472
192
464
474
492
462
466
466
478
478
494
456
470
464
462
470
464
462
482
476
462
470
464
462
470
464
472
458
484
474
474
486
474
474
486
474
474
486
474
474
486
474
476
464
474
466
170
476
458
472
466
192
464
464
478
476
458
470
464
462
480
476
462
468
478
464
470
480
484
476
462
476
466
192
464
482
486
466
180
476
470
488
466
188
484
496
496
484
462
462
468
472
458
482
464
180
464
462
476
466
180
464
470
474
476
492
464
462
494
458
462
492
462
458
482
490
462
458
494
478
462
462
476
488
466
180
470
460
462
466
180
456
470
476
476
462
494
490
484
496
496
462
462
474
492
496
456
476
456
470
464
462
466
454
496
460
920
442
472
446
484
454
464
460
462
478
470
470
486
470
474
486
474
470
946
460
458
902
442
472
446
914
454
472
460
898
486
466
474
462
456
498
464
464
466
462
456
498
462
462
478
470
470
482
446
454
466
458
902
442
472
460
904
484
456
488
460
488
460
456
498
464
476
466
918
462
470
462
410
458
466
462
410
460
498
460
456
498
460
456
948
466
486
462
456
498
464
476
466
482
470
458
442
466
482
470
458
900
474
448
460
484
464
466
462
456
498
482
456
490
464
476
466
918
462
470
462
410
458
466
462
410
460
498
460
442
490
460
456
498
460
456
478
460
456
490
460
456
490
464
476
490
486
474
474
482
470
470
482
470
470
482
470
470
482
470
470
482
470
470
482
470
470
482
470
470
482
470
470
482
470
470
468
466
454
466
458
470
444
460
456
498
460
456
490
466
462
456
496
460
454
496
460
462
496
460
442
490
460
456
490
464
476
490
922
456
474
484
460
482
466
470
486
462
454
490
460
454
478
460
442
490
460
454
490
460
454
478
464
464
490
474
474
486
470
470
482
470
470
482
470
470
482
468
466
442
464
458
916
460
462
470
900
484
482
470
468
464
496
460
456
496
460
456
490
488
468
442
490
488
462
454
484
902
442
472
446
906
456
498
460
928
470
482
470
462
464
456
466
464
478
490
912
486
460
458
912
454
484
460
442
444
460
456
488
464
456
472
460
462
466
484
460
462
466
472
464
456
486
446
922
460
462
476
914
454
496
460
484
464
478
470
470
482
462
464
456
474
482
462
466
462
456
498
460
456
474
462
456
948
466
472
456
506
464
464
478
470
474
486
470
470
482
470
468
466
454
478
446
482
494
466
484
456
948
466
462
454
498
460
442
472
470
462
398
458
466
458
902
456
498
464
464
456
462
456
498
460
456
498
460
456
498
460
454
480
462
442
470
462
442
478
462
460
464
476
914
456
498
464
464
456
462
456
498
464
464
466
462
456
496
462
462
478
470
470
458
454
478
446
454
466
462
402
464
496
460
456
498
460
472
464
5166
468
490
460
454
484
460
466
464
460
460
464
470
35184
465
492
189
480
951
945
489
483
207
483
477
204
960
480
2409
492
480
465
501
474
477
492
483
195
204
474
204
945
477
216
228
2313
480
477
489
951
936
966
486
492
945
516
471
489
474
1434
945
939
465
930
477
489
948
192
507
1422
495
942
480
465
201
927
963
978
1404
498
486
216
471
474
207
189
201
480
477
480
189
474
474
216
210
486
186
945
195
19479
478
474
474
482
470
470
482
470
470
482
470
470
482
470
468
466
454
478
446
482
466
462
456
498
460
456
490
460
456
496
460
454
478
460
442
490
462
462
474
458
896
474
462
466
496
486
470
470
482
470
470
482
470
470
482
470
470
482
468
466
442
464
458
924
460
462
476
902
942
470
482
474
470
482
472
458
466
462
456
936
496
492
474
484
460
462
488
914
398
460
498
474
464
498
474
476
948
500
494
470
496
470
462
464
484
460
462
464
496
484
464
464
484
478
474
464
468
464
490
486
464
490
474
464
498
462
462
478
446
908
448
464
458
454
464
462
454
484
462
456
496
460
456
490
460
456
498
464
476
466
486
470
474
468
446
454
474
458
896
460
462
488
914
472
466
486
472
456
498
470
456
498
464
464
478
474
470
458
454
478
470
470
458
894
454
484
458
892
470
464
478
470
456
498
460
456
498
464
458
456
474
464
496
462
460
462
464
496
468
474
462
442
490
460
456
498
460
456
460
456
498
460
456
490
464
464
466
474
482
474
458
442
466
458
896
460
464
458
892
470
448
460
910
460
462
488
472
456
498
460
456
478
488
488
460
462
464
496
470
460
482
462
464
472
460
462
464
484
478
464
466
462
456
498
460
456
490
464
476
466
486
470
474
458
454
478
446
914
398
466
474
462
456
496
464
464
466
462
456
498
464
476
466
484
460
462
466
472
460
462
464
484
470
454
470
460
462
464
484
476
464
466
462
456
490
460
456
490
464
476
466
486
472
464
456
460
456
460
456
478
470
454
492
460
482
464
458
896
462
478
474
462
456
936
472
456
474
482
470
470
482
470
934
454
462
462
454
472
462
454
482
462
456
462
456
498
460
456
478
460
456
948
466
474
462
456
498
460
454
484
470
462
410
458
466
458
896
486
462
466
482
462
924
460
462
488
462
456
498
460
456
496
460
442
496
460
454
498
460
454
498
460
442
498
460
456
498
460
456
498
464
464
488
474
474
486
474
458
442
464
458
916
460
462
476
468
492
462
464
478
472
460
462
466
484
464
456
460
456
498
460
456
478
460
924
